0 0.71875 0.37031250000000004 0.234375 0.35000000000000003
0 0.49062500000000003 0.38125000000000003 0.234375 0.3875
0 0.7625000000000001 0.55703125 0.21250000000000002 0.19843750000000002
0 0.35390625000000003 0.56015625 0.1390625 0.2484375
0 0.465625 0.5671875000000001 0.18125000000000002 0.22812500000000002
0 0.1484375 0.6468750000000001 0.125 0.18125000000000002
0 0.109375 0.70703125 0.10312500000000001 0.15156250000000002
0 0.30312500000000003 0.7835937500000001 0.096875 0.1546875
0 0.209375 0.7859375000000001 0.1125 0.184375
0 0.51484375 0.81015625 0.09843750000000001 0.17343750000000002
0 0.6468750000000001 0.8140625 0.10312500000000001 0.17500000000000002
0 0.36953125000000003 0.8546875 0.0890625 0.12812500000000002
0 0.28984375 0.8718750000000001 0.0921875 0.07187500000000001
0 0.86875 0.88671875 0.05625 0.0703125
0 0.9203125000000001 0.90390625 0.08125 0.0859375
0 0.625 0.17734375000000002 0.27187500000000003 0.35468750000000004
0 0.30234375 0.26015625000000003 0.2390625 0.3640625
