0 0.6335937500000001 0.3453125 0.15156250000000002 0.690625
0 0.8640625000000001 0.39687500000000003 0.1375 0.5
0 0.125 0.45 0.115625 0.6531250000000001
0 0.26328125 0.48203125 0.1953125 0.9578125000000001
0 0.46640625 0.49921875000000004 0.2078125 0.9984375000000001
0 0.9343750000000001 0.67890625 0.12812500000000002 0.5796875
0 0.77734375 0.078125 0.1484375 0.15625
0 0.7289062500000001 0.8609375 0.1078125 0.275
0 0.1453125 0.18671875000000002 0.07500000000000001 0.37343750000000003
0 0.3453125 0.296875 0.22187500000000002 0.59375
