0 0.3453125 0.3671875 0.690625 0.15000000000000002
0 0.39687500000000003 0.13593750000000002 0.5 0.1375
0 0.45 0.8757812500000001 0.6531250000000001 0.1171875
0 0.48281250000000003 0.7367187500000001 0.95625 0.1953125
0 0.49921875000000004 0.53515625 0.9984375000000001 0.2078125
0 0.67890625 0.06484375 0.5796875 0.1296875
0 0.078125 0.22265625 0.15625 0.1484375
0 0.8609375 0.27187500000000003 0.275 0.10625000000000001
0 0.18671875000000002 0.8546875 0.37343750000000003 0.07500000000000001
0 0.296875 0.6546875000000001 0.59375 0.22187500000000002
