0 0.03125 0.31328125 0.0625 0.1796875
0 0.36640625000000004 0.33125000000000004 0.0578125 0.12812500000000002
0 0.9828125000000001 0.37343750000000003 0.03125 0.153125
0 0.33828125000000003 0.42031250000000003 0.06406250000000001 0.125
0 0.8734375000000001 0.4390625 0.07500000000000001 0.08750000000000001
0 0.96015625 0.44765625000000003 0.0578125 0.0703125
0 0.59375 0.45703125 0.059375000000000004 0.1078125
0 0.5046875000000001 0.4609375 0.05 0.125
0 0.7625000000000001 0.48281250000000003 0.0625 0.134375
0 0.31562500000000004 0.49531250000000004 0.065625 0.140625
0 0.8757812500000001 0.51328125 0.0734375 0.1453125
0 0.81796875 0.5140625 0.06406250000000001 0.153125
0 0.5359375000000001 0.52265625 0.05 0.06406250000000001
0 0.98203125 0.52578125 0.0328125 0.09531250000000001
0 0.96796875 0.53359375 0.035937500000000004 0.0921875
0 0.5890625 0.5390625 0.046875 0.08750000000000001
0 0.40390625 0.54296875 0.0390625 0.1203125
0 0.50234375 0.55859375 0.051562500000000004 0.09531250000000001
0 0.07500000000000001 0.56015625 0.0625 0.1453125
0 0.7734375 0.5632812500000001 0.059375000000000004 0.07968750000000001
0 0.55 0.5765625 0.05 0.078125
0 0.43671875000000004 0.5796875 0.0484375 0.1125
0 0.38515625000000003 0.5859375 0.0390625 0.1
0 0.67734375 0.59140625 0.0234375 0.0921875
0 0.74609375 0.596875 0.045312500000000006 0.08750000000000001
0 0.7820312500000001 0.6203125 0.051562500000000004 0.07500000000000001
0 0.415625 0.06406250000000001 0.06875 0.12812500000000002
0 0.8617187500000001 0.63984375 0.0484375 0.0890625
0 0.22578125000000002 0.6453125000000001 0.0578125 0.109375
0 0.7406250000000001 0.6492187500000001 0.043750000000000004 0.0671875
0 0.33984375 0.6546875000000001 0.0390625 0.0625
0 0.665625 0.6585937500000001 0.05 0.0921875
0 0.80078125 0.6664062500000001 0.0421875 0.0671875
0 0.46875 0.6781250000000001 0.040625 0.1
0 0.35546875 0.67890625 0.045312500000000006 0.0921875
0 0.98203125 0.6875 0.0328125 0.065625
0 0.76875 0.71015625 0.037500000000000006 0.07968750000000001
0 0.7890625 0.72578125 0.021875000000000002 0.0546875
0 0.89765625 0.7328125000000001 0.0390625 0.059375000000000004
0 0.14921875 0.7406250000000001 0.035937500000000004 0.07500000000000001
0 0.76171875 0.74921875 0.0390625 0.0671875
0 0.434375 0.76953125 0.03125 0.0671875
0 0.03671875 0.7781250000000001 0.029687500000000002 0.05
0 0.45390625 0.7835937500000001 0.0203125 0.045312500000000006
0 0.20625000000000002 0.7835937500000001 0.046875 0.09843750000000001
0 0.49843750000000003 0.78828125 0.021875000000000002 0.045312500000000006
0 0.265625 0.7976562500000001 0.03125 0.07968750000000001
0 0.32265625000000003 0.8015625000000001 0.029687500000000002 0.0625
0 0.4765625 0.80234375 0.028125 0.0578125
0 0.06875 0.80390625 0.043750000000000004 0.0765625
0 0.35546875 0.8132812500000001 0.0234375 0.0546875
0 0.28750000000000003 0.8148437500000001 0.034375 0.06406250000000001
0 0.39609375 0.8171875000000001 0.029687500000000002 0.065625
0 0.5710937500000001 0.821875 0.026562500000000003 0.0625
0 0.4859375 0.8226562500000001 0.018750000000000003 0.0390625
0 0.41796875 0.83515625 0.026562500000000003 0.0546875
0 0.546875 0.84140625 0.03125 0.0734375
0 0.0328125 0.8460937500000001 0.034375 0.0703125
0 0.3640625 0.846875 0.018750000000000003 0.0625
0 0.43203125000000003 0.8500000000000001 0.029687500000000002 0.059375000000000004
0 0.3796875 0.853125 0.025 0.05
0 0.51484375 0.8523437500000001 0.026562500000000003 0.06406250000000001
0 0.7515625 0.8562500000000001 0.028125 0.0625
0 0.28203125 0.8625 0.026562500000000003 0.059375000000000004
0 0.34453125 0.86328125 0.026562500000000003 0.0546875
0 0.2328125 0.8796875000000001 0.025 0.0625
0 0.8171875000000001 0.8828125 0.021875000000000002 0.05
0 0.0234375 0.8835937500000001 0.03125 0.051562500000000004
0 0.2515625 0.8851562500000001 0.03125 0.06406250000000001
0 0.16562500000000002 0.8859375 0.034375 0.07187500000000001
0 0.79453125 0.8929687500000001 0.026562500000000003 0.0546875
0 0.140625 0.89453125 0.028125 0.0671875
0 0.278125 0.9007812500000001 0.03125 0.045312500000000006
0 0.05 0.90234375 0.03125 0.06406250000000001
0 0.734375 0.90390625 0.03125 0.0484375
0 0.978125 0.9085937500000001 0.03125 0.07968750000000001
0 0.65 0.91171875 0.05 0.0921875
0 0.78125 0.91171875 0.025 0.0578125
0 0.6195312500000001 0.9296875 0.026562500000000003 0.059375000000000004
0 0.47109375000000003 0.93515625 0.0234375 0.0390625
0 0.421875 0.9359375000000001 0.025 0.053125000000000006
0 0.7507812500000001 0.9390625 0.026562500000000003 0.07187500000000001
0 0.60078125 0.94296875 0.0203125 0.045312500000000006
0 0.44453125000000004 0.9484375 0.0234375 0.05
0 0.5765625 0.9539062500000001 0.025 0.0484375
0 0.7703125000000001 0.95703125 0.021875000000000002 0.0578125
0 0.8609375 0.9640625 0.025 0.053125000000000006
0 0.8757812500000001 0.9703125 0.0203125 0.05
0 0.78671875 0.14609375 0.07968750000000001 0.1765625
0 0.5906250000000001 0.17890625000000002 0.084375 0.17343750000000002
0 0.47265625 0.18125000000000002 0.06406250000000001 0.12812500000000002
