0 0.33125000000000004 0.27734375 0.21250000000000002 0.48281250000000003
0 0.215625 0.38046875 0.184375 0.5203125000000001
0 0.8187500000000001 0.56640625 0.15000000000000002 0.3484375
0 0.14453125 0.06015625 0.18281250000000002 0.1203125
0 0.6570312500000001 0.60703125 0.21406250000000002 0.4578125
0 0.4 0.6335937500000001 0.240625 0.4703125
0 0.12421875 0.74375 0.1390625 0.22187500000000002
0 0.8765625 0.7523437500000001 0.125 0.3359375
0 0.534375 0.7562500000000001 0.21875 0.484375
0 0.73984375 0.76171875 0.19843750000000002 0.4734375
0 0.06406250000000001 0.8671875 0.12812500000000002 0.2625
0 0.63671875 0.9242187500000001 0.11093750000000001 0.1484375
0 0.2546875 0.9304687500000001 0.115625 0.13593750000000002
0 0.453125 0.209375 0.09062500000000001 0.39687500000000003
