0 0.6703125000000001 0.27734375 0.21250000000000002 0.48281250000000003
0 0.7859375000000001 0.38046875 0.184375 0.5203125000000001
0 0.18125000000000002 0.56640625 0.15000000000000002 0.3484375
0 0.85546875 0.06015625 0.18281250000000002 0.1203125
0 0.34453125 0.60703125 0.21406250000000002 0.4578125
0 0.6015625 0.6335937500000001 0.240625 0.4703125
0 0.8773437500000001 0.74375 0.1390625 0.22187500000000002
0 0.1234375 0.7523437500000001 0.125 0.3359375
0 0.465625 0.7562500000000001 0.21875 0.484375
0 0.26171875 0.76171875 0.19843750000000002 0.4734375
0 0.93515625 0.86640625 0.1265625 0.26406250000000003
0 0.36328125 0.9242187500000001 0.11093750000000001 0.1484375
0 0.7468750000000001 0.9304687500000001 0.115625 0.13593750000000002
0 0.5476562500000001 0.20859375000000002 0.0890625 0.3984375
