0 0.6703125000000001 0.72421875 0.21250000000000002 0.48281250000000003
0 0.7859375000000001 0.62109375 0.184375 0.5203125000000001
0 0.18203125 0.43359375 0.15156250000000002 0.3484375
0 0.8562500000000001 0.9390625 0.18125000000000002 0.11875000000000001
0 0.34453125 0.39453125 0.21406250000000002 0.4578125
0 0.6015625 0.36796875 0.240625 0.4703125
0 0.8773437500000001 0.25703125 0.1390625 0.2234375
0 0.1234375 0.24765625000000002 0.125 0.3359375
0 0.465625 0.24296875 0.21875 0.4859375
0 0.26171875 0.23750000000000002 0.19843750000000002 0.47500000000000003
0 0.93515625 0.1328125 0.1265625 0.265625
0 0.36328125 0.07500000000000001 0.11093750000000001 0.15000000000000002
0 0.7468750000000001 0.06875 0.115625 0.1375
0 0.5484375 0.7921875 0.09062500000000001 0.39687500000000003
