0 0.74921875 0.62109375 0.2578125 0.18906250000000002
0 0.63046875 0.4609375 0.40468750000000003 0.20625000000000002
0 0.6023437500000001 0.32656250000000003 0.43281250000000004 0.15937500000000002
0 0.55 0.65625 0.465625 0.209375
0 0.95078125 0.846875 0.09531250000000001 0.184375
0 0.5242187500000001 0.821875 0.4421875 0.19062500000000002
0 0.4421875 0.19687500000000002 0.4625 0.21875
0 0.43125 0.0484375 0.446875 0.096875
0 0.3875 0.496875 0.275 0.19375
0 0.2703125 0.07968750000000001 0.184375 0.1375
0 0.91328125 0.37421875000000004 0.1703125 0.21406250000000002
0 0.76875 0.8914062500000001 0.453125 0.21406250000000002
