0 0.37890625 0.25234375000000003 0.18906250000000002 0.2578125
0 0.5390625 0.37109375 0.20625000000000002 0.40468750000000003
0 0.675 0.39921875 0.15937500000000002 0.43281250000000004
0 0.34375 0.45 0.209375 0.465625
0 0.153125 0.0484375 0.184375 0.096875
0 0.17890625000000002 0.47734375 0.1921875 0.4421875
0 0.80390625 0.5593750000000001 0.22031250000000002 0.4625
0 0.95078125 0.56875 0.09531250000000001 0.446875
0 0.50390625 0.6125 0.1921875 0.275
0 0.92109375 0.7296875 0.1390625 0.184375
0 0.6273437500000001 0.08828125 0.21406250000000002 0.1703125
0 0.1078125 0.23125 0.215625 0.453125
