0 0.6234375000000001 0.7484375000000001 0.18125000000000002 0.2625
0 0.8953125000000001 0.7421875 0.20625000000000002 0.403125
0 0.46484375 0.6218750000000001 0.19843750000000002 0.421875
0 0.84296875 0.9593750000000001 0.1921875 0.078125
0 0.31796875 0.59609375 0.1703125 0.43281250000000004
0 0.6671875 0.553125 0.203125 0.465625
0 0.828125 0.53046875 0.178125 0.4453125
0 0.0484375 0.44296875 0.096875 0.4703125
0 0.1953125 0.43515625 0.22187500000000002 0.4703125
0 0.5 0.403125 0.178125 0.30000000000000004
0 0.09062500000000001 0.29375 0.12187500000000001 0.21250000000000002
0 0.37812500000000004 0.90546875 0.22812500000000002 0.1859375
