0 0.37734375000000003 0.2515625 0.1796875 0.2625
0 0.1046875 0.25859375 0.20625000000000002 0.40156250000000004
0 0.53671875 0.37890625 0.19843750000000002 0.4234375
0 0.15703125 0.039843750000000004 0.1921875 0.07968750000000001
0 0.6820312500000001 0.40390625 0.1703125 0.43281250000000004
0 0.33437500000000003 0.44765625000000003 0.203125 0.46406250000000004
0 0.17265625 0.47109375000000003 0.1796875 0.4453125
0 0.95078125 0.55703125 0.09531250000000001 0.4703125
0 0.8046875 0.56484375 0.22187500000000002 0.4703125
0 0.5007812500000001 0.5984375000000001 0.1796875 0.30000000000000004
0 0.91015625 0.70625 0.1203125 0.21250000000000002
0 0.6234375000000001 0.09375 0.22812500000000002 0.1875
