0 0.7484375000000001 0.37812500000000004 0.2625 0.18125000000000002
0 0.7421875 0.1046875 0.403125 0.20625000000000002
0 0.6218750000000001 0.53671875 0.421875 0.19843750000000002
0 0.9593750000000001 0.15781250000000002 0.078125 0.19375
0 0.59609375 0.6820312500000001 0.43281250000000004 0.1703125
0 0.553125 0.33437500000000003 0.465625 0.203125
0 0.53046875 0.17343750000000002 0.4453125 0.178125
0 0.44296875 0.95078125 0.4703125 0.09531250000000001
0 0.43515625 0.8046875 0.4703125 0.22187500000000002
0 0.403125 0.5015625 0.30000000000000004 0.178125
0 0.29375 0.9109375000000001 0.21250000000000002 0.12187500000000001
0 0.90546875 0.6234375000000001 0.1859375 0.22812500000000002
