0 0.328125 0.37265625 0.11875000000000001 0.2578125
0 0.35234375 0.5085937500000001 0.1265625 0.3171875
0 0.6687500000000001 0.5203125000000001 0.140625 0.321875
0 0.5015625 0.52890625 0.15000000000000002 0.38906250000000003
0 0.9609375 0.571875 0.065625 0.07500000000000001
0 0.98828125 0.6023437500000001 0.0203125 0.09843750000000001
0 0.60078125 0.6062500000000001 0.18281250000000002 0.43125
0 0.7453125 0.6328125 0.046875 0.12187500000000001
0 0.013281250000000001 0.6359375 0.026562500000000003 0.17500000000000002
0 0.9734375000000001 0.6453125000000001 0.05 0.09062500000000001
0 0.46406250000000004 0.64765625 0.13125 0.32656250000000003
0 0.059375000000000004 0.65 0.07500000000000001 0.16875
0 0.1546875 0.65234375 0.05625 0.1203125
0 0.115625 0.6578125 0.046875 0.11875000000000001
0 0.9343750000000001 0.6960937500000001 0.05 0.07968750000000001
0 0.98984375 0.70234375 0.0171875 0.0578125
0 0.7195312500000001 0.7039062500000001 0.0703125 0.13593750000000002
0 0.35546875 0.7054687500000001 0.0421875 0.0765625
0 0.2578125 0.70859375 0.05625 0.13593750000000002
0 0.31875000000000003 0.71484375 0.040625 0.1046875
0 0.85546875 0.73203125 0.0421875 0.0578125
0 0.2859375 0.74140625 0.040625 0.1015625
0 0.1 0.74375 0.037500000000000006 0.08125
0 0.12421875 0.7515625 0.026562500000000003 0.053125000000000006
0 0.16328125000000002 0.7515625 0.0671875 0.140625
0 0.9812500000000001 0.7523437500000001 0.034375 0.09531250000000001
0 0.37343750000000003 0.7546875000000001 0.034375 0.07500000000000001
0 0.049218750000000006 0.7562500000000001 0.051562500000000004 0.08125
0 0.9109375000000001 0.7578125 0.037500000000000006 0.078125
0 0.9476562500000001 0.7609375 0.0484375 0.09062500000000001
0 0.22109375 0.7609375 0.0671875 0.153125
0 0.71640625 0.78515625 0.0421875 0.0546875
0 0.4078125 0.78515625 0.028125 0.0703125
0 0.8765625 0.7890625 0.037500000000000006 0.0625
0 0.7429687500000001 0.790625 0.0203125 0.05
0 0.7578125 0.8 0.021875000000000002 0.037500000000000006
0 0.34140625 0.80234375 0.0203125 0.06406250000000001
0 0.50546875 0.80390625 0.0390625 0.07968750000000001
0 0.31015625 0.80625 0.026562500000000003 0.065625
0 0.28671875 0.8070312500000001 0.0171875 0.0328125
0 0.3765625 0.8070312500000001 0.021875000000000002 0.0421875
0 0.93125 0.8109375000000001 0.040625 0.065625
0 0.33046875000000003 0.8140625 0.0171875 0.05625
0 0.53671875 0.8148437500000001 0.026562500000000003 0.0546875
0 0.359375 0.8187500000000001 0.021875000000000002 0.05625
0 0.45625000000000004 0.82421875 0.025 0.051562500000000004
0 0.7156250000000001 0.82734375 0.03125 0.0546875
0 0.74375 0.828125 0.03125 0.05625
0 0.9070312500000001 0.8328125000000001 0.0390625 0.07500000000000001
0 0.56484375 0.83359375 0.026562500000000003 0.0484375
0 0.5875 0.83515625 0.03125 0.0484375
0 0.7679687500000001 0.8367187500000001 0.0171875 0.0390625
0 0.47734375 0.8367187500000001 0.026562500000000003 0.06406250000000001
0 0.3828125 0.83984375 0.018750000000000003 0.026562500000000003
0 0.6937500000000001 0.84296875 0.03125 0.045312500000000006
0 0.98828125 0.85546875 0.0203125 0.045312500000000006
0 0.875 0.859375 0.025 0.037500000000000006
0 0.565625 0.86640625 0.028125 0.0390625
0 0.6039062500000001 0.8703125 0.0171875 0.046875
0 0.58515625 0.8796875000000001 0.029687500000000002 0.046875
0 0.62421875 0.88828125 0.0234375 0.045312500000000006
0 0.96796875 0.89765625 0.0171875 0.0328125
0 0.46406250000000004 0.1015625 0.22187500000000002 0.203125
