0 0.37265625 0.328125 0.2578125 0.11875000000000001
0 0.5085937500000001 0.35234375 0.3171875 0.1265625
0 0.5203125000000001 0.6687500000000001 0.321875 0.140625
0 0.52890625 0.5015625 0.38906250000000003 0.15000000000000002
0 0.571875 0.9617187500000001 0.07500000000000001 0.0671875
0 0.603125 0.98828125 0.096875 0.0203125
0 0.6062500000000001 0.6015625 0.43125 0.18125000000000002
0 0.6328125 0.7453125 0.12187500000000001 0.046875
0 0.6359375 0.0140625 0.17500000000000002 0.025
0 0.6453125000000001 0.9734375000000001 0.09062500000000001 0.05
0 0.6484375 0.46406250000000004 0.328125 0.13125
0 0.65 0.059375000000000004 0.16875 0.07500000000000001
0 0.65234375 0.1546875 0.1203125 0.05625
0 0.6578125 0.115625 0.11875000000000001 0.046875
0 0.6960937500000001 0.9343750000000001 0.07968750000000001 0.05
0 0.70234375 0.98984375 0.0578125 0.0171875
0 0.7039062500000001 0.7195312500000001 0.13593750000000002 0.0703125
0 0.7054687500000001 0.35625 0.0765625 0.043750000000000004
0 0.70859375 0.2578125 0.13593750000000002 0.05625
0 0.71484375 0.31875000000000003 0.1046875 0.040625
0 0.7328125000000001 0.85546875 0.059375000000000004 0.0421875
0 0.7421875 0.2859375 0.10312500000000001 0.040625
0 0.74375 0.1 0.08125 0.037500000000000006
0 0.7515625 0.125 0.053125000000000006 0.028125
0 0.7515625 0.16328125000000002 0.140625 0.0671875
0 0.7523437500000001 0.9812500000000001 0.09531250000000001 0.034375
0 0.7546875000000001 0.37343750000000003 0.07500000000000001 0.034375
0 0.7562500000000001 0.05 0.08125 0.05
0 0.7578125 0.9109375000000001 0.078125 0.037500000000000006
0 0.7609375 0.9476562500000001 0.09062500000000001 0.0484375
0 0.7609375 0.22109375 0.153125 0.0671875
0 0.78515625 0.71640625 0.0546875 0.0421875
0 0.78515625 0.4078125 0.0703125 0.028125
0 0.7890625 0.8765625 0.0625 0.037500000000000006
0 0.790625 0.74375 0.05 0.021875000000000002
0 0.8 0.7578125 0.037500000000000006 0.021875000000000002
0 0.80234375 0.34140625 0.06406250000000001 0.0203125
0 0.80390625 0.50625 0.07968750000000001 0.040625
0 0.80625 0.31093750000000003 0.065625 0.028125
0 0.8078125 0.28750000000000003 0.034375 0.018750000000000003
0 0.8078125 0.3765625 0.040625 0.021875000000000002
0 0.8109375000000001 0.93125 0.065625 0.040625
0 0.8140625 0.33046875000000003 0.05625 0.0171875
0 0.8148437500000001 0.5375 0.0546875 0.028125
0 0.8187500000000001 0.359375 0.05625 0.021875000000000002
0 0.82421875 0.45625000000000004 0.051562500000000004 0.025
0 0.82734375 0.7156250000000001 0.0546875 0.03125
0 0.828125 0.74375 0.05625 0.03125
0 0.8328125000000001 0.9070312500000001 0.07500000000000001 0.0390625
0 0.8343750000000001 0.56484375 0.046875 0.026562500000000003
0 0.83515625 0.5875 0.0484375 0.03125
0 0.8367187500000001 0.7679687500000001 0.0390625 0.0171875
0 0.8367187500000001 0.478125 0.06406250000000001 0.028125
0 0.8406250000000001 0.3828125 0.028125 0.018750000000000003
0 0.84375 0.6937500000000001 0.046875 0.03125
0 0.8562500000000001 0.98828125 0.046875 0.0203125
0 0.859375 0.875 0.037500000000000006 0.025
0 0.8671875 0.565625 0.040625 0.028125
0 0.8703125 0.6046875 0.046875 0.018750000000000003
0 0.8796875000000001 0.5859375 0.046875 0.028125
0 0.8890625000000001 0.625 0.046875 0.021875000000000002
0 0.89765625 0.96796875 0.0328125 0.0171875
0 0.1015625 0.46406250000000004 0.203125 0.22187500000000002
