0 0.6585937500000001 0.25625000000000003 0.2171875 0.478125
0 0.7734375 0.3484375 0.203125 0.5
0 0.85078125 0.051562500000000004 0.1640625 0.10312500000000001
0 0.1859375 0.540625 0.146875 0.35000000000000003
0 0.34687500000000004 0.5828125000000001 0.215625 0.47500000000000003
0 0.59921875 0.6015625 0.24531250000000002 0.478125
0 0.859375 0.7046875 0.13125 0.25
0 0.12890625 0.7289062500000001 0.1296875 0.35781250000000003
0 0.46171875 0.73203125 0.2109375 0.5171875
0 0.26015625000000003 0.7328125000000001 0.2015625 0.465625
0 0.9304687500000001 0.8445312500000001 0.13593750000000002 0.26406250000000003
0 0.8695312500000001 0.89765625 0.09843750000000001 0.2015625
0 0.38359375 0.921875 0.1421875 0.153125
0 0.72421875 0.925 0.1203125 0.146875
0 0.56171875 0.19843750000000002 0.1078125 0.37812500000000004
