0 0.7992187500000001 0.31484375000000003 0.2109375 0.5640625
0 0.11953125 0.53359375 0.18281250000000002 0.41718750000000004
0 0.29375 0.5750000000000001 0.23750000000000002 0.5593750000000001
0 0.5906250000000001 0.61875 0.275 0.571875
0 0.43281250000000004 0.73046875 0.25 0.5359375000000001
0 0.05859375 0.73984375 0.11093750000000001 0.41718750000000004
0 0.2 0.7390625000000001 0.22812500000000002 0.51875
0 0.90625 0.74609375 0.15000000000000002 0.2921875
0 0.79609375 0.90546875 0.09843750000000001 0.1859375
0 0.5296875 0.18906250000000002 0.09375 0.37812500000000004
0 0.6648437500000001 0.24765625000000002 0.24531250000000002 0.49531250000000004
