0 0.46484375 0.2078125 0.1609375 0.353125
0 0.22109375 0.33359375 0.1546875 0.3203125
0 0.92890625 0.33906250000000004 0.1390625 0.37812500000000004
0 0.57421875 0.3796875 0.1609375 0.34687500000000004
0 0.1 0.47265625 0.134375 0.33906250000000004
0 0.44843750000000004 0.47265625 0.1625 0.34218750000000003
0 0.321875 0.47890625000000003 0.15000000000000002 0.37343750000000003
0 0.209375 0.56640625 0.1375 0.2328125
0 0.46328125000000003 0.78515625 0.1328125 0.2859375
0 0.38984375000000004 0.87109375 0.1234375 0.2546875
0 0.278125 0.88203125 0.12812500000000002 0.2328125
