0 0.359375 0.22187500000000002 0.1 0.13125
0 0.8828125 0.33984375 0.12187500000000001 0.1703125
0 0.1546875 0.375 0.16562500000000002 0.39375000000000004
0 0.26953125 0.40546875000000004 0.2078125 0.4421875
0 0.42812500000000003 0.41250000000000003 0.18125000000000002 0.45625000000000004
0 0.93359375 0.4234375 0.1296875 0.36875
0 0.06015625 0.49921875000000004 0.11406250000000001 0.3203125
0 0.7609375 0.50625 0.15000000000000002 0.390625
0 0.5140625 0.5828125000000001 0.134375 0.30625
0 0.81640625 0.59921875 0.1703125 0.4109375
0 0.17890625000000002 0.609375 0.13593750000000002 0.2625
0 0.13828125 0.7078125000000001 0.0734375 0.1375
0 0.22578125000000002 0.728125 0.08281250000000001 0.21250000000000002
0 0.446875 0.73359375 0.115625 0.2890625
0 0.3453125 0.7562500000000001 0.10312500000000001 0.26875
0 0.7664062500000001 0.0765625 0.2265625 0.153125
0 0.040625 0.784375 0.059375000000000004 0.19062500000000002
0 0.08984375 0.80390625 0.0765625 0.1859375
0 0.65234375 0.8296875 0.1078125 0.2625
0 0.85859375 0.8500000000000001 0.1234375 0.19687500000000002
0 0.53828125 0.86328125 0.11406250000000001 0.2703125
0 0.75703125 0.86640625 0.1171875 0.26406250000000003
0 0.9453125 0.890625 0.084375 0.209375
0 0.4609375 0.91171875 0.07500000000000001 0.15156250000000002
0 0.68359375 0.17578125 0.09531250000000001 0.2171875
0 0.56015625 0.2109375 0.1953125 0.421875
