0 0.7734375 0.1 0.09375 0.084375
0 0.73984375 0.3140625 0.1265625 0.096875
0 0.7390625000000001 0.8984375 0.109375 0.12187500000000001
0 0.7312500000000001 0.384375 0.115625 0.1125
0 0.7210937500000001 0.4765625 0.09531250000000001 0.096875
0 0.7078125000000001 0.5906250000000001 0.115625 0.115625
0 0.70625 0.659375 0.1125 0.096875
0 0.675 0.43281250000000004 0.05 0.084375
0 0.671875 0.521875 0.07187500000000001 0.08750000000000001
0 0.5734375 0.0765625 0.09375 0.037500000000000006
0 0.51953125 0.08750000000000001 0.09531250000000001 0.059375000000000004
0 0.95078125 0.96484375 0.09531250000000001 0.0671875
0 0.48750000000000004 0.640625 0.09375 0.084375
0 0.46328125000000003 0.3953125 0.09531250000000001 0.096875
0 0.4375 0.46875 0.09375 0.08750000000000001
0 0.4234375 0.925 0.078125 0.09375
0 0.4234375 0.0765625 0.078125 0.043750000000000004
0 0.42031250000000003 0.125 0.07187500000000001 0.07187500000000001
0 0.41484375 0.6453125000000001 0.0734375 0.07500000000000001
0 0.4078125 0.96796875 0.084375 0.060937500000000006
0 0.40546875000000004 0.5640625 0.0734375 0.07500000000000001
0 0.40156250000000004 0.40468750000000003 0.059375000000000004 0.078125
0 0.39140625 0.08750000000000001 0.07968750000000001 0.059375000000000004
0 0.36562500000000003 0.42031250000000003 0.059375000000000004 0.078125
0 0.3609375 0.35781250000000003 0.08750000000000001 0.078125
0 0.28203125 0.81015625 0.0734375 0.07968750000000001
0 0.27968750000000003 0.734375 0.08125 0.078125
0 0.2546875 0.21250000000000002 0.059375000000000004 0.053125000000000006
0 0.2421875 0.790625 0.040625 0.059375000000000004
0 0.23593750000000002 0.11875000000000001 0.065625 0.059375000000000004
0 0.225 0.0734375 0.07500000000000001 0.043750000000000004
0 0.21875 0.2421875 0.07187500000000001 0.0625
0 0.2171875 0.16562500000000002 0.078125 0.07187500000000001
0 0.18203125 0.11875000000000001 0.0421875 0.065625
0 0.8796875000000001 0.13125 0.08750000000000001 0.12187500000000001
0 0.8500000000000001 0.09062500000000001 0.1 0.059375000000000004
0 0.8 0.734375 0.07187500000000001 0.10312500000000001
0 0.79296875 0.1859375 0.09531250000000001 0.09375
0 0.7921875 0.95859375 0.084375 0.07968750000000001
