0 0.1 0.2265625 0.084375 0.09375
0 0.3140625 0.26171875 0.096875 0.1265625
0 0.8984375 0.2609375 0.12187500000000001 0.109375
0 0.384375 0.26875 0.1125 0.115625
0 0.4765625 0.27890625 0.096875 0.09531250000000001
0 0.5906250000000001 0.29375 0.115625 0.115625
0 0.659375 0.29531250000000003 0.096875 0.1125
0 0.43281250000000004 0.32656250000000003 0.084375 0.05
0 0.521875 0.3296875 0.08750000000000001 0.07187500000000001
0 0.0765625 0.4265625 0.037500000000000006 0.09375
0 0.08750000000000001 0.48203125 0.059375000000000004 0.09531250000000001
0 0.96484375 0.0484375 0.0671875 0.096875
0 0.640625 0.5140625 0.084375 0.09375
0 0.3953125 0.53671875 0.096875 0.09531250000000001
0 0.46875 0.5625 0.08750000000000001 0.09375
0 0.925 0.5765625 0.09375 0.078125
0 0.0765625 0.5765625 0.043750000000000004 0.078125
0 0.125 0.5796875 0.07187500000000001 0.07187500000000001
0 0.6453125000000001 0.5867187500000001 0.07500000000000001 0.0734375
0 0.96796875 0.5921875 0.060937500000000006 0.084375
0 0.5640625 0.5945312500000001 0.07500000000000001 0.0734375
0 0.40468750000000003 0.6000000000000001 0.078125 0.059375000000000004
0 0.08750000000000001 0.60859375 0.059375000000000004 0.07968750000000001
0 0.42031250000000003 0.634375 0.078125 0.059375000000000004
0 0.35781250000000003 0.6390625000000001 0.078125 0.08750000000000001
0 0.8093750000000001 0.7195312500000001 0.078125 0.0734375
0 0.734375 0.721875 0.078125 0.08125
0 0.21250000000000002 0.7453125 0.053125000000000006 0.059375000000000004
0 0.790625 0.7578125 0.059375000000000004 0.040625
0 0.11875000000000001 0.7640625000000001 0.059375000000000004 0.065625
0 0.0734375 0.7765625 0.043750000000000004 0.07500000000000001
0 0.2421875 0.7828125 0.0625 0.07187500000000001
0 0.16562500000000002 0.784375 0.07187500000000001 0.078125
0 0.11875000000000001 0.81953125 0.065625 0.0421875
0 0.13125 0.12187500000000001 0.12187500000000001 0.08750000000000001
0 0.09062500000000001 0.15000000000000002 0.059375000000000004 0.1
0 0.734375 0.2 0.10312500000000001 0.07187500000000001
0 0.1859375 0.20859375000000002 0.09375 0.09531250000000001
0 0.95859375 0.2078125 0.07968750000000001 0.084375
