0 0.9007812500000001 0.2265625 0.0859375 0.09375
0 0.68671875 0.26171875 0.09843750000000001 0.1265625
0 0.10234375000000001 0.2609375 0.1234375 0.109375
0 0.61640625 0.26875 0.11406250000000001 0.115625
0 0.5234375 0.27890625 0.096875 0.09531250000000001
0 0.41015625 0.29375 0.1171875 0.115625
0 0.34140625 0.29453125 0.09843750000000001 0.11406250000000001
0 0.56796875 0.32578125 0.0859375 0.051562500000000004
0 0.478125 0.32890625 0.08750000000000001 0.0703125
0 0.925 0.4265625 0.037500000000000006 0.09375
0 0.9140625 0.48203125 0.059375000000000004 0.09531250000000001
0 0.034375 0.0484375 0.06875 0.096875
0 0.36015625 0.51328125 0.0859375 0.0921875
0 0.60546875 0.53671875 0.09843750000000001 0.09531250000000001
0 0.53125 0.5625 0.08750000000000001 0.09375
0 0.07578125000000001 0.5765625 0.09531250000000001 0.078125
0 0.925 0.5765625 0.043750000000000004 0.078125
0 0.8757812500000001 0.5796875 0.0734375 0.07187500000000001
0 0.35546875 0.5867187500000001 0.0765625 0.0734375
0 0.03125 0.5921875 0.0625 0.084375
0 0.43671875000000004 0.5945312500000001 0.0765625 0.0734375
0 0.59609375 0.59921875 0.07968750000000001 0.060937500000000006
0 0.9140625 0.60859375 0.059375000000000004 0.07968750000000001
0 0.58046875 0.634375 0.07968750000000001 0.059375000000000004
0 0.6429687500000001 0.6390625000000001 0.07968750000000001 0.08750000000000001
0 0.19062500000000002 0.7195312500000001 0.078125 0.0734375
0 0.265625 0.7210937500000001 0.078125 0.08281250000000001
0 0.7875000000000001 0.7453125 0.053125000000000006 0.059375000000000004
0 0.209375 0.7578125 0.059375000000000004 0.040625
0 0.8828125 0.7640625000000001 0.059375000000000004 0.065625
0 0.9281250000000001 0.7757812500000001 0.043750000000000004 0.0765625
0 0.7578125 0.7820312500000001 0.0625 0.0703125
0 0.83515625 0.784375 0.0734375 0.078125
0 0.88203125 0.81953125 0.0671875 0.0421875
0 0.8695312500000001 0.12109375 0.1234375 0.0859375
0 0.9109375000000001 0.15000000000000002 0.059375000000000004 0.1
0 0.265625 0.2 0.10312500000000001 0.07187500000000001
0 0.8148437500000001 0.20859375000000002 0.09531250000000001 0.09531250000000001
0 0.040625 0.2078125 0.08125 0.084375
