0 0.05625 0.16171875000000002 0.08125 0.1078125
0 0.03359375 0.21406250000000002 0.06406250000000001 0.09062500000000001
0 0.16875 0.21484375 0.07500000000000001 0.1296875
0 0.09375 0.2171875 0.078125 0.109375
0 0.32421875 0.2484375 0.0703125 0.125
0 0.9750000000000001 0.25625000000000003 0.046875 0.109375
0 0.7562500000000001 0.39687500000000003 0.06875 0.096875
0 0.359375 0.3984375 0.053125000000000006 0.084375
0 0.40156250000000004 0.40234375 0.053125000000000006 0.0890625
0 0.31875000000000003 0.41875 0.053125000000000006 0.0625
0 0.4453125 0.434375 0.05 0.09062500000000001
0 0.48203125 0.4375 0.035937500000000004 0.08750000000000001
0 0.553125 0.4453125 0.05 0.084375
0 0.39921875 0.4609375 0.0546875 0.053125000000000006
0 0.5109375 0.46484375 0.05 0.0921875
0 0.3453125 0.48125 0.046875 0.08125
0 0.38359375 0.4921875 0.0421875 0.078125
0 0.16328125000000002 0.50546875 0.060937500000000006 0.07968750000000001
0 0.21406250000000002 0.50703125 0.053125000000000006 0.0859375
0 0.259375 0.51015625 0.053125000000000006 0.0734375
0 0.415625 0.5109375 0.037500000000000006 0.06875
0 0.47421875 0.525 0.0546875 0.09062500000000001
0 0.53359375 0.5359375000000001 0.051562500000000004 0.08750000000000001
0 0.29375 0.540625 0.046875 0.08125
0 0.37812500000000004 0.546875 0.05 0.05625
0 0.15390625000000002 0.553125 0.060937500000000006 0.046875
0 0.20390625 0.5625 0.045312500000000006 0.043750000000000004
0 0.24140625000000002 0.565625 0.0421875 0.046875
0 0.31484375000000003 0.56953125 0.035937500000000004 0.060937500000000006
0 0.340625 0.57421875 0.034375 0.0703125
0 0.284375 0.5750000000000001 0.046875 0.0625
0 0.36328125 0.58046875 0.0328125 0.060937500000000006
0 0.06328125 0.596875 0.051562500000000004 0.07187500000000001
0 0.10703125000000001 0.6078125000000001 0.045312500000000006 0.065625
0 0.42500000000000004 0.609375 0.025 0.046875
0 0.44843750000000004 0.6179687500000001 0.028125 0.051562500000000004
0 0.58359375 0.62109375 0.0328125 0.045312500000000006
0 0.03125 0.63828125 0.040625 0.0703125
0 0.48671875000000003 0.63828125 0.029687500000000002 0.051562500000000004
0 0.465625 0.6484375 0.028125 0.053125000000000006
0 0.44062500000000004 0.6484375 0.03125 0.046875
0 0.06953125 0.6515625 0.0484375 0.059375000000000004
0 0.1046875 0.6531250000000001 0.046875 0.05625
0 0.609375 0.6546875000000001 0.03125 0.0625
0 0.27890625 0.65625 0.0390625 0.059375000000000004
0 0.5875 0.6609375000000001 0.028125 0.043750000000000004
0 0.30703125000000003 0.6640625 0.029687500000000002 0.0625
0 0.26796875000000003 0.6742187500000001 0.029687500000000002 0.0390625
0 0.44140625 0.68671875 0.0328125 0.0421875
0 0.06875 0.6898437500000001 0.043750000000000004 0.0390625
0 0.29375 0.6976562500000001 0.028125 0.0234375
0 0.325 0.70078125 0.028125 0.0390625
0 0.23515625 0.7109375 0.0390625 0.0625
0 0.5625 0.7140625 0.03125 0.05625
0 0.540625 0.71796875 0.03125 0.060937500000000006
0 0.3515625 0.721875 0.028125 0.053125000000000006
0 0.49531250000000004 0.721875 0.025 0.053125000000000006
0 0.6156250000000001 0.7234375000000001 0.040625 0.05625
0 0.049218750000000006 0.7265625 0.029687500000000002 0.040625
0 0.515625 0.7265625 0.03125 0.05625
0 0.18671875000000002 0.7296875 0.0390625 0.0625
0 0.33437500000000003 0.7296875 0.021875000000000002 0.05
0 0.45625000000000004 0.73046875 0.03125 0.0546875
0 0.875 0.7296875 0.028125 0.037500000000000006
0 0.3046875 0.73046875 0.034375 0.045312500000000006
0 0.91953125 0.73046875 0.0390625 0.0578125
0 0.7601562500000001 0.73359375 0.0390625 0.0484375
0 0.1171875 0.734375 0.046875 0.065625
0 0.26328125 0.7359375 0.035937500000000004 0.07500000000000001
0 0.95625 0.73828125 0.025 0.045312500000000006
0 0.0625 0.7406250000000001 0.028125 0.053125000000000006
0 0.8546875 0.7406250000000001 0.034375 0.05
0 0.58984375 0.74140625 0.035937500000000004 0.0671875
0 0.46953125 0.74375 0.029687500000000002 0.05625
0 0.14921875 0.7429687500000001 0.0390625 0.0734375
0 0.9421875000000001 0.7515625 0.03125 0.05625
0 0.23671875 0.7523437500000001 0.029687500000000002 0.0390625
0 0.90546875 0.7546875000000001 0.0390625 0.059375000000000004
0 0.2765625 0.7562500000000001 0.034375 0.0625
0 0.33203125 0.7609375 0.0328125 0.037500000000000006
0 0.48281250000000003 0.76171875 0.025 0.035937500000000004
0 0.7367187500000001 0.7625000000000001 0.0390625 0.0625
0 0.078125 0.76328125 0.025 0.0328125
0 0.05625 0.765625 0.025 0.03125
0 0.83984375 0.765625 0.0328125 0.05625
0 0.38515625000000003 0.7664062500000001 0.026562500000000003 0.051562500000000004
0 0.309375 0.7671875 0.028125 0.05
0 0.821875 0.7671875 0.025 0.05625
0 0.5609375 0.7703125000000001 0.028125 0.05625
0 0.6984375 0.7703125000000001 0.034375 0.05625
0 0.584375 0.7703125000000001 0.03125 0.043750000000000004
0 0.765625 0.775 0.034375 0.065625
0 0.046875 0.7757812500000001 0.028125 0.045312500000000006
0 0.61328125 0.775 0.029687500000000002 0.046875
0 0.7234375000000001 0.775 0.028125 0.059375000000000004
0 0.02109375 0.7796875000000001 0.029687500000000002 0.05
0 0.35859375000000004 0.78046875 0.029687500000000002 0.045312500000000006
0 0.16484375 0.7835937500000001 0.0234375 0.045312500000000006
0 0.0703125 0.7828125 0.025 0.021875000000000002
0 0.6742187500000001 0.784375 0.029687500000000002 0.053125000000000006
0 0.87421875 0.784375 0.026562500000000003 0.043750000000000004
0 0.1953125 0.78515625 0.021875000000000002 0.0421875
0 0.18125000000000002 0.7859375000000001 0.025 0.037500000000000006
0 0.9671875000000001 0.7914062500000001 0.03125 0.045312500000000006
0 0.8148437500000001 0.7914062500000001 0.029687500000000002 0.0484375
0 0.296875 0.79296875 0.021875000000000002 0.029687500000000002
0 0.9015625 0.796875 0.028125 0.034375
0 0.39453125 0.7992187500000001 0.0234375 0.045312500000000006
0 0.58828125 0.8 0.0328125 0.040625
0 0.6578125 0.8015625000000001 0.025 0.040625
0 0.00703125 0.80234375 0.0140625 0.0578125
0 0.42265625 0.80234375 0.0234375 0.0484375
0 0.278125 0.8046875 0.028125 0.043750000000000004
0 0.790625 0.8046875 0.028125 0.053125000000000006
0 0.9921875 0.8046875 0.0125 0.05
0 0.4453125 0.81015625 0.028125 0.0484375
0 0.30781250000000004 0.8125 0.028125 0.037500000000000006
0 0.3328125 0.8125 0.028125 0.053125000000000006
0 0.5515625000000001 0.81171875 0.028125 0.045312500000000006
0 0.4078125 0.8125 0.025 0.040625
0 0.596875 0.81640625 0.021875000000000002 0.045312500000000006
0 0.76875 0.8234375 0.028125 0.040625
0 0.57265625 0.8250000000000001 0.029687500000000002 0.053125000000000006
0 0.6953125 0.8250000000000001 0.028125 0.046875
0 0.8203125 0.82578125 0.025 0.026562500000000003
0 0.9656250000000001 0.8296875 0.028125 0.037500000000000006
0 0.9437500000000001 0.83125 0.025 0.037500000000000006
0 0.278125 0.8328125000000001 0.025 0.028125
0 0.34609375000000003 0.8343750000000001 0.0203125 0.040625
0 0.36562500000000003 0.8359375 0.018750000000000003 0.043750000000000004
0 0.4390625 0.8367187500000001 0.025 0.026562500000000003
0 0.9281250000000001 0.8406250000000001 0.03125 0.037500000000000006
0 0.7375 0.84375 0.028125 0.046875
0 0.7875000000000001 0.8460937500000001 0.025 0.035937500000000004
0 0.7171875000000001 0.84765625 0.025 0.0484375
0 0.9007812500000001 0.8484375000000001 0.0328125 0.046875
0 0.765625 0.84921875 0.021875000000000002 0.0203125
0 0.2828125 0.8562500000000001 0.018750000000000003 0.028125
0 0.8578125000000001 0.85703125 0.028125 0.045312500000000006
0 0.8359375 0.8578125000000001 0.025 0.05
0 0.884375 0.8578125000000001 0.018750000000000003 0.034375
0 0.12578125 0.8640625000000001 0.0171875 0.034375
0 0.29531250000000003 0.86484375 0.021875000000000002 0.029687500000000002
0 0.8765625 0.86875 0.015625 0.034375
0 0.775 0.8703125 0.025 0.025
0 0.215625 0.8718750000000001 0.018750000000000003 0.034375
0 0.30625 0.8757812500000001 0.021875000000000002 0.035937500000000004
0 0.46015625000000004 0.8773437500000001 0.0203125 0.035937500000000004
0 0.22890625 0.8796875000000001 0.0171875 0.040625
0 0.47890625000000003 0.88046875 0.0171875 0.029687500000000002
0 0.134375 0.88046875 0.018750000000000003 0.0328125
0 0.5671875000000001 0.88046875 0.021875000000000002 0.0328125
0 0.38828125 0.8835937500000001 0.0171875 0.0328125
0 0.37812500000000004 0.884375 0.015625 0.040625
0 0.61640625 0.8859375 0.0203125 0.037500000000000006
0 0.20546875 0.8875000000000001 0.0203125 0.03125
0 0.40468750000000003 0.8875000000000001 0.018750000000000003 0.037500000000000006
0 0.33671875 0.8890625000000001 0.0203125 0.037500000000000006
0 0.35468750000000004 0.88828125 0.018750000000000003 0.0328125
0 0.59609375 0.8890625000000001 0.0203125 0.028125
0 0.321875 0.8914062500000001 0.018750000000000003 0.035937500000000004
0 0.6296875000000001 0.8921875 0.018750000000000003 0.034375
0 0.40937500000000004 0.8984375 0.018750000000000003 0.034375
0 0.525 0.9007812500000001 0.018750000000000003 0.0390625
0 0.53828125 0.9015625 0.0203125 0.040625
0 0.225 0.90390625 0.018750000000000003 0.0203125
0 0.609375 0.9078125 0.018750000000000003 0.018750000000000003
0 0.4921875 0.9070312500000001 0.018750000000000003 0.035937500000000004
0 0.5078125 0.9078125 0.018750000000000003 0.03125
0 0.95859375 0.9078125 0.0140625 0.018750000000000003
0 0.97578125 0.9125000000000001 0.0140625 0.021875000000000002
0 0.46328125000000003 0.9140625 0.0171875 0.037500000000000006
0 0.5476562500000001 0.9140625 0.0171875 0.043750000000000004
0 0.43984375000000003 0.9148437500000001 0.0140625 0.026562500000000003
0 0.44921875 0.915625 0.0171875 0.028125
0 0.95078125 0.9164062500000001 0.010937500000000001 0.0140625
0 0.27265625 0.921875 0.0203125 0.037500000000000006
0 0.6515625 0.9296875 0.015625 0.025
0 0.29453125 0.93125 0.0203125 0.037500000000000006
0 0.7523437500000001 0.93125 0.0078125 0.015625
0 0.521875 0.93125 0.021875000000000002 0.028125
0 0.6960937500000001 0.93125 0.0140625 0.025
0 0.55859375 0.93515625 0.0203125 0.035937500000000004
0 0.26406250000000003 0.9382812500000001 0.018750000000000003 0.035937500000000004
0 0.70703125 0.9382812500000001 0.0140625 0.026562500000000003
0 0.98046875 0.9390625 0.0140625 0.034375
0 0.9906250000000001 0.940625 0.015625 0.037500000000000006
0 0.54140625 0.94140625 0.0171875 0.0328125
0 0.68671875 0.94296875 0.010937500000000001 0.0203125
0 0.7742187500000001 0.9437500000000001 0.010937500000000001 0.028125
0 0.49296875 0.94453125 0.010937500000000001 0.0203125
0 0.66015625 0.9453125 0.010937500000000001 0.021875000000000002
0 0.76328125 0.9460937500000001 0.010937500000000001 0.026562500000000003
0 0.6664062500000001 0.95234375 0.010937500000000001 0.0203125
0 0.63671875 0.9554687500000001 0.0140625 0.0234375
0 0.51015625 0.95703125 0.0171875 0.029687500000000002
0 0.69453125 0.95625 0.0140625 0.021875000000000002
0 0.44140625 0.95703125 0.0171875 0.0328125
0 0.8226562500000001 0.96015625 0.010937500000000001 0.0171875
0 0.4265625 0.9609375 0.015625 0.034375
0 0.80390625 0.9617187500000001 0.010937500000000001 0.0203125
0 0.68515625 0.9617187500000001 0.010937500000000001 0.0234375
0 0.8148437500000001 0.9617187500000001 0.0140625 0.0234375
0 0.453125 0.9617187500000001 0.015625 0.0328125
0 0.7742187500000001 0.9617187500000001 0.010937500000000001 0.0203125
0 0.6023437500000001 0.9632812500000001 0.010937500000000001 0.0171875
0 0.6429687500000001 0.9640625 0.0140625 0.025
0 0.5875 0.96484375 0.009375000000000001 0.0203125
0 0.65234375 0.96640625 0.0078125 0.0203125
0 0.5945312500000001 0.9671875000000001 0.010937500000000001 0.025
0 0.7156250000000001 0.9710937500000001 0.009375000000000001 0.0203125
0 0.7273437500000001 0.9765625 0.0140625 0.021875000000000002
0 0.75 0.978125 0.0125 0.018750000000000003
0 0.57265625 0.9789062500000001 0.0140625 0.0203125
0 0.765625 0.98046875 0.009375000000000001 0.0203125
0 0.44062500000000004 0.9796875 0.018750000000000003 0.025
0 0.77265625 0.98046875 0.010937500000000001 0.0234375
0 0.61328125 0.9828125000000001 0.0140625 0.021875000000000002
0 0.58359375 0.984375 0.0140625 0.021875000000000002
0 0.62265625 0.9851562500000001 0.0140625 0.0234375
0 0.6335937500000001 0.9851562500000001 0.0140625 0.0203125
0 0.55703125 0.9867187500000001 0.010937500000000001 0.0234375
0 0.3125 0.98828125 0.015625 0.0203125
0 0.5484375 0.98984375 0.0125 0.0171875
0 0.29140625000000003 0.99140625 0.0140625 0.0140625
0 0.3015625 0.99140625 0.0125 0.0140625
0 0.70234375 0.12187500000000001 0.0703125 0.10312500000000001
