0 0.56796875 0.246875 0.0921875 0.209375
0 0.0765625 0.26171875 0.109375 0.2109375
0 0.23515625 0.2625 0.0890625 0.12812500000000002
0 0.30546875 0.26406250000000003 0.06406250000000001 0.15625
0 0.5789062500000001 0.026562500000000003 0.0859375 0.053125000000000006
0 0.35468750000000004 0.27968750000000003 0.07187500000000001 0.14375000000000002
0 0.7515625 0.30781250000000004 0.109375 0.215625
0 0.95625 0.30781250000000004 0.084375 0.153125
0 0.8046875 0.31875000000000003 0.065625 0.209375
0 0.403125 0.33671875 0.10625000000000001 0.2109375
0 0.853125 0.3375 0.040625 0.109375
0 0.6796875 0.34921875 0.084375 0.2265625
0 0.9046875000000001 0.36328125 0.078125 0.13593750000000002
0 0.4734375 0.3671875 0.084375 0.178125
0 0.0421875 0.37031250000000004 0.084375 0.16875
0 0.17890625000000002 0.3828125 0.0859375 0.19062500000000002
0 0.32343750000000004 0.39609375 0.0625 0.1421875
0 0.55703125 0.41015625 0.08281250000000001 0.1796875
0 0.1171875 0.415625 0.084375 0.1875
0 0.815625 0.43281250000000004 0.043750000000000004 0.05
0 0.7515625 0.45 0.09062500000000001 0.1
0 0.49921875000000004 0.4765625 0.0671875 0.07187500000000001
0 0.8796875000000001 0.48281250000000003 0.065625 0.1375
0 0.45234375000000004 0.49062500000000003 0.060937500000000006 0.1125
0 0.22031250000000002 0.5015625 0.059375000000000004 0.09062500000000001
0 0.1234375 0.5046875000000001 0.078125 0.084375
0 0.703125 0.5140625 0.040625 0.115625
0 0.91328125 0.5171875 0.0546875 0.12187500000000001
0 0.40078125000000003 0.5453125 0.06406250000000001 0.12187500000000001
0 0.6820312500000001 0.55 0.045312500000000006 0.11875000000000001
0 0.359375 0.5625 0.040625 0.146875
0 0.73046875 0.5640625 0.0546875 0.125
0 0.253125 0.56875 0.08125 0.15000000000000002
0 0.31640625 0.57421875 0.0703125 0.15781250000000002
0 0.94296875 0.57734375 0.045312500000000006 0.0734375
0 0.17343750000000002 0.5789062500000001 0.08125 0.1421875
0 0.57578125 0.5796875 0.051562500000000004 0.109375
0 0.7109375 0.58984375 0.015625 0.0578125
0 0.43281250000000004 0.59140625 0.05 0.1203125
0 0.6234375000000001 0.5921875 0.05 0.12187500000000001
0 0.98359375 0.6000000000000001 0.029687500000000002 0.13125
0 0.6703125000000001 0.6140625000000001 0.043750000000000004 0.08750000000000001
0 0.22031250000000002 0.6218750000000001 0.046875 0.078125
0 0.38671875 0.6234375000000001 0.045312500000000006 0.05625
0 0.96640625 0.62890625 0.035937500000000004 0.0578125
0 0.8859375 0.6484375 0.05625 0.109375
0 0.0484375 0.6609375000000001 0.040625 0.053125000000000006
0 0.4703125 0.6609375000000001 0.034375 0.08125
0 0.596875 0.6671875 0.028125 0.053125000000000006
0 0.43281250000000004 0.6687500000000001 0.046875 0.065625
0 0.68515625 0.6703125000000001 0.0484375 0.09062500000000001
0 0.77265625 0.671875 0.0484375 0.09375
0 0.9171875 0.6726562500000001 0.046875 0.1046875
0 0.9609375 0.6734375 0.034375 0.053125000000000006
0 0.37343750000000003 0.675 0.028125 0.05625
0 0.5734375 0.6890625 0.028125 0.0625
0 0.5085937500000001 0.6921875000000001 0.0390625 0.084375
0 0.34609375000000003 0.69296875 0.0328125 0.0578125
0 0.64375 0.6937500000000001 0.03125 0.0625
0 0.11015625000000001 0.6953125 0.026562500000000003 0.05
0 0.9796875 0.703125 0.037500000000000006 0.08750000000000001
0 0.534375 0.70625 0.043750000000000004 0.09062500000000001
0 0.15156250000000002 0.70703125 0.03125 0.0578125
0 0.61640625 0.7132812500000001 0.0328125 0.06406250000000001
0 0.29140625000000003 0.71875 0.0328125 0.05625
0 0.43515625 0.71875 0.029687500000000002 0.037500000000000006
0 0.8539062500000001 0.7203125 0.0234375 0.05
0 0.8765625 0.72265625 0.034375 0.0578125
0 0.46406250000000004 0.7234375000000001 0.028125 0.05625
0 0.1203125 0.72578125 0.03125 0.06406250000000001
0 0.76171875 0.728125 0.035937500000000004 0.05625
0 0.03359375 0.7296875 0.029687500000000002 0.0625
0 0.01171875 0.7296875 0.0234375 0.037500000000000006
0 0.9 0.73203125 0.034375 0.0578125
0 0.93125 0.7312500000000001 0.028125 0.053125000000000006
0 0.2234375 0.7328125000000001 0.028125 0.05
0 0.19609375 0.734375 0.029687500000000002 0.0625
0 0.17421875 0.734375 0.026562500000000003 0.05625
0 0.24921875000000002 0.7359375 0.0234375 0.05
0 0.40468750000000003 0.7367187500000001 0.028125 0.0578125
0 0.7898437500000001 0.7367187500000001 0.0328125 0.0734375
0 0.060937500000000006 0.7421875 0.03125 0.05625
0 0.340625 0.7421875 0.028125 0.053125000000000006
0 0.3640625 0.74375 0.025 0.059375000000000004
0 0.5796875 0.75 0.025 0.046875
0 0.15156250000000002 0.7515625 0.025 0.040625
0 0.09375 0.7507812500000001 0.03125 0.0578125
0 0.28671875 0.7625000000000001 0.026562500000000003 0.043750000000000004
0 0.4703125 0.76328125 0.028125 0.0421875
0 0.31562500000000004 0.7703125000000001 0.025 0.059375000000000004
0 0.10625000000000001 0.7703125000000001 0.015625 0.034375
0 0.19453125000000002 0.77109375 0.029687500000000002 0.035937500000000004
0 0.17421875 0.7718750000000001 0.0234375 0.034375
0 0.2390625 0.7734375 0.021875000000000002 0.040625
0 0.384375 0.7734375 0.028125 0.0625
0 0.046875 0.775 0.028125 0.046875
0 0.14296875 0.77890625 0.0203125 0.0421875
0 0.12109375 0.784375 0.0203125 0.046875
0 0.22109375 0.7859375000000001 0.026562500000000003 0.046875
0 0.33906250000000004 0.790625 0.028125 0.05
0 0.36171875000000003 0.7976562500000001 0.026562500000000003 0.0578125
0 0.7757812500000001 0.10078125 0.1234375 0.2015625
0 0.534375 0.1171875 0.10312500000000001 0.20625000000000002
0 0.2484375 0.12421875 0.09062500000000001 0.1796875
0 0.8796875000000001 0.13593750000000002 0.13125 0.27187500000000003
0 0.16015625 0.140625 0.09843750000000001 0.21875
0 0.6078125000000001 0.1625 0.084375 0.209375
0 0.96875 0.17578125 0.059375000000000004 0.27968750000000003
0 0.4765625 0.19765625 0.09375 0.22031250000000002
