0 0.9078125 0.22109375 0.07500000000000001 0.1203125
0 0.29453125 0.25546875 0.1484375 0.2734375
0 0.6882812500000001 0.27890625 0.09843750000000001 0.2078125
0 0.9750000000000001 0.27890625 0.046875 0.1640625
0 0.13671875 0.28671875 0.1390625 0.2484375
0 0.40156250000000004 0.28828125 0.109375 0.2515625
0 0.04453125 0.29453125 0.0859375 0.1265625
0 0.9085937500000001 0.29609375 0.0703125 0.0734375
0 0.78828125 0.30390625000000004 0.1015625 0.2015625
0 0.853125 0.30546875 0.08125 0.18281250000000002
0 0.58515625 0.31953125000000004 0.11093750000000001 0.2078125
0 0.46171875 0.32656250000000003 0.09531250000000001 0.246875
0 0.9578125000000001 0.3609375 0.08125 0.15937500000000002
0 0.20468750000000002 0.37343750000000003 0.1375 0.29375
0 0.70234375 0.4 0.1015625 0.19687500000000002
0 0.60546875 0.40468750000000003 0.0859375 0.115625
0 0.3984375 0.41171875 0.05 0.0921875
0 0.83359375 0.4109375 0.07968750000000001 0.084375
0 0.353125 0.41640625000000003 0.040625 0.0890625
0 0.509375 0.41875 0.040625 0.07187500000000001
0 0.2859375 0.42265625 0.040625 0.0671875
0 0.7718750000000001 0.42812500000000003 0.059375000000000004 0.08125
0 0.5453125 0.4390625 0.043750000000000004 0.05625
0 0.66953125 0.44375000000000003 0.0421875 0.06875
0 0.434375 0.44765625000000003 0.046875 0.1015625
0 0.32109375 0.44843750000000004 0.051562500000000004 0.10625000000000001
0 0.6218750000000001 0.4546875 0.043750000000000004 0.059375000000000004
0 0.0578125 0.45625000000000004 0.115625 0.25625000000000003
0 0.48750000000000004 0.46406250000000004 0.03125 0.05
0 0.5164062500000001 0.46796875000000004 0.0390625 0.051562500000000004
0 0.578125 0.47421875 0.043750000000000004 0.0546875
0 0.3921875 0.47734375 0.043750000000000004 0.060937500000000006
0 0.28984375 0.478125 0.035937500000000004 0.046875
0 0.31328125 0.496875 0.0421875 0.05625
0 0.34609375000000003 0.5078125 0.029687500000000002 0.043750000000000004
0 0.0734375 0.5453125 0.028125 0.059375000000000004
0 0.034375 0.5640625 0.046875 0.084375
0 0.07734375 0.56875 0.035937500000000004 0.046875
