0 0.0921875 0.22187500000000002 0.07500000000000001 0.11875000000000001
0 0.70703125 0.25546875 0.1484375 0.2734375
0 0.31171875000000004 0.27968750000000003 0.09843750000000001 0.209375
0 0.02421875 0.27890625 0.0484375 0.1640625
0 0.86328125 0.28671875 0.1390625 0.2484375
0 0.5984375000000001 0.28828125 0.109375 0.2515625
0 0.95625 0.29453125 0.084375 0.1265625
0 0.09140625000000001 0.296875 0.0703125 0.07500000000000001
0 0.21250000000000002 0.30390625000000004 0.10312500000000001 0.2015625
0 0.1484375 0.30625 0.08125 0.184375
0 0.41484375 0.3203125 0.11093750000000001 0.20625000000000002
0 0.5398437500000001 0.32656250000000003 0.09531250000000001 0.246875
0 0.041406250000000006 0.3609375 0.08281250000000001 0.15937500000000002
0 0.796875 0.37343750000000003 0.1375 0.29375
0 0.29765625 0.4 0.1015625 0.19687500000000002
0 0.39609375 0.40468750000000003 0.0859375 0.115625
0 0.603125 0.41171875 0.05 0.0921875
0 0.16796875 0.4109375 0.07968750000000001 0.084375
0 0.6468750000000001 0.41718750000000004 0.040625 0.08750000000000001
0 0.49062500000000003 0.41875 0.040625 0.07187500000000001
0 0.7156250000000001 0.4234375 0.040625 0.065625
0 0.22968750000000002 0.42812500000000003 0.059375000000000004 0.08125
0 0.45625000000000004 0.4390625 0.043750000000000004 0.05625
0 0.33203125 0.44375000000000003 0.0421875 0.06875
0 0.565625 0.44765625000000003 0.046875 0.1015625
0 0.67890625 0.44843750000000004 0.051562500000000004 0.10625000000000001
0 0.37812500000000004 0.4546875 0.043750000000000004 0.059375000000000004
0 0.94140625 0.45625000000000004 0.11406250000000001 0.25625000000000003
0 0.5125000000000001 0.46406250000000004 0.03125 0.05
0 0.48359375000000004 0.46875 0.0390625 0.05
0 0.4234375 0.47421875 0.043750000000000004 0.0546875
0 0.6078125000000001 0.47734375 0.043750000000000004 0.060937500000000006
0 0.7109375 0.478125 0.034375 0.046875
0 0.68671875 0.496875 0.0421875 0.05625
0 0.6546875000000001 0.5078125 0.03125 0.043750000000000004
0 0.9265625000000001 0.5453125 0.028125 0.059375000000000004
0 0.9656250000000001 0.5640625 0.046875 0.084375
0 0.9226562500000001 0.56875 0.035937500000000004 0.046875
