0 0.7171875000000001 0.96640625 0.07500000000000001 0.06406250000000001
0 0.7109375 0.05234375 0.07187500000000001 0.09531250000000001
0 0.7093750000000001 0.61484375 0.078125 0.09531250000000001
0 0.7015625000000001 0.665625 0.07187500000000001 0.046875
0 0.68125 0.9265625000000001 0.040625 0.078125
0 0.6734375 0.7664062500000001 0.0625 0.0859375
0 0.6734375 0.98046875 0.028125 0.035937500000000004
0 0.6671875 0.7054687500000001 0.05625 0.051562500000000004
0 0.665625 0.89609375 0.03125 0.051562500000000004
0 0.6609375000000001 0.61875 0.040625 0.06875
0 0.6546875000000001 0.98046875 0.05625 0.035937500000000004
0 0.6203125 0.7375 0.043750000000000004 0.109375
0 0.5859375 0.353125 0.05 0.078125
0 0.5859375 0.51015625 0.040625 0.051562500000000004
0 0.58125 0.29296875 0.05625 0.0578125
0 0.58046875 0.5867187500000001 0.0390625 0.0546875
0 0.578125 0.18984375 0.05 0.051562500000000004
0 0.5703125 0.46640625 0.040625 0.051562500000000004
0 0.5640625 0.9640625 0.043750000000000004 0.065625
0 0.5625 0.55 0.040625 0.028125
0 0.5632812500000001 0.60546875 0.045312500000000006 0.051562500000000004
0 0.5593750000000001 0.2421875 0.05 0.0625
0 0.55078125 0.51328125 0.0390625 0.051562500000000004
0 0.5398437500000001 0.021875000000000002 0.051562500000000004 0.043750000000000004
0 0.53671875 0.8640625000000001 0.0328125 0.046875
0 0.53515625 0.9046875000000001 0.0390625 0.0625
0 0.5328125 0.9539062500000001 0.037500000000000006 0.051562500000000004
0 0.5203125000000001 0.14765625000000002 0.043750000000000004 0.0546875
0 0.5203125000000001 0.46015625000000004 0.040625 0.051562500000000004
0 0.5078125 0.625 0.028125 0.046875
0 0.50625 0.58203125 0.040625 0.051562500000000004
0 0.5046875000000001 0.18359375 0.05 0.0578125
0 0.49062500000000003 0.10625000000000001 0.043750000000000004 0.046875
0 0.48671875000000003 0.05625 0.0390625 0.037500000000000006
0 0.4859375 0.7765625 0.034375 0.043750000000000004
0 0.4859375 0.8265625000000001 0.03125 0.046875
0 0.48671875000000003 0.028125 0.0390625 0.046875
0 0.46484375 0.9382812500000001 0.0328125 0.0546875
0 0.46015625000000004 0.11093750000000001 0.026562500000000003 0.037500000000000006
0 0.45 0.6015625 0.028125 0.028125
0 0.446875 0.5453125 0.025 0.037500000000000006
0 0.44375000000000003 0.5765625 0.025 0.034375
0 0.940625 0.8968750000000001 0.07500000000000001 0.10625000000000001
0 0.88828125 0.821875 0.09843750000000001 0.10625000000000001
0 0.8734375000000001 0.018750000000000003 0.09062500000000001 0.037500000000000006
0 0.86328125 0.20546875 0.045312500000000006 0.09531250000000001
0 0.8609375 0.9187500000000001 0.09375 0.14375000000000002
0 0.8484375000000001 0.77890625 0.096875 0.1171875
0 0.8359375 0.047656250000000004 0.096875 0.09531250000000001
0 0.8171875000000001 0.2515625 0.08750000000000001 0.11875000000000001
0 0.81171875 0.14609375 0.0859375 0.1265625
