0 0.96640625 0.28359375000000003 0.06406250000000001 0.0765625
0 0.05234375 0.2890625 0.09531250000000001 0.07187500000000001
0 0.61484375 0.290625 0.09531250000000001 0.078125
0 0.665625 0.30000000000000004 0.046875 0.07187500000000001
0 0.9265625000000001 0.31875000000000003 0.078125 0.040625
0 0.7664062500000001 0.32656250000000003 0.0859375 0.0625
0 0.98046875 0.32734375000000004 0.035937500000000004 0.029687500000000002
0 0.7054687500000001 0.33359375 0.051562500000000004 0.0578125
0 0.89609375 0.33437500000000003 0.051562500000000004 0.03125
0 0.6179687500000001 0.340625 0.0671875 0.040625
0 0.98046875 0.3453125 0.035937500000000004 0.05625
0 0.7375 0.3796875 0.109375 0.043750000000000004
0 0.353125 0.4140625 0.078125 0.05
0 0.51015625 0.415625 0.051562500000000004 0.040625
0 0.29296875 0.41953125 0.0578125 0.0578125
0 0.5867187500000001 0.42109375000000004 0.0546875 0.0390625
0 0.18984375 0.42265625 0.051562500000000004 0.051562500000000004
0 0.46640625 0.4296875 0.051562500000000004 0.040625
0 0.9640625 0.43671875000000004 0.065625 0.0421875
0 0.54921875 0.4375 0.026562500000000003 0.040625
0 0.60546875 0.43828125 0.051562500000000004 0.045312500000000006
0 0.2421875 0.44140625 0.0625 0.0484375
0 0.51328125 0.44921875 0.051562500000000004 0.0390625
0 0.021875000000000002 0.46015625000000004 0.043750000000000004 0.051562500000000004
0 0.86328125 0.46484375 0.0484375 0.0328125
0 0.9046875000000001 0.46640625 0.0625 0.0390625
0 0.9539062500000001 0.46796875000000004 0.051562500000000004 0.035937500000000004
0 0.14765625000000002 0.47968750000000004 0.0546875 0.043750000000000004
0 0.46015625000000004 0.48125 0.051562500000000004 0.040625
0 0.62421875 0.49296875 0.0484375 0.029687500000000002
0 0.58203125 0.49531250000000004 0.051562500000000004 0.040625
0 0.18359375 0.49609375 0.0578125 0.051562500000000004
0 0.10546875 0.51015625 0.0484375 0.0421875
0 0.05625 0.51484375 0.037500000000000006 0.0390625
0 0.7765625 0.5140625 0.043750000000000004 0.034375
0 0.82578125 0.5140625 0.0484375 0.03125
0 0.02734375 0.51484375 0.0484375 0.0390625
0 0.9382812500000001 0.53671875 0.0546875 0.0328125
0 0.11093750000000001 0.54140625 0.037500000000000006 0.026562500000000003
0 0.60078125 0.55 0.026562500000000003 0.028125
0 0.5453125 0.55390625 0.037500000000000006 0.0234375
0 0.5765625 0.55625 0.034375 0.025
0 0.89609375 0.06015625 0.1046875 0.0765625
0 0.8210937500000001 0.11328125 0.1046875 0.09843750000000001
0 0.018750000000000003 0.1265625 0.037500000000000006 0.09062500000000001
0 0.20546875 0.13671875 0.09531250000000001 0.045312500000000006
0 0.91796875 0.1390625 0.1421875 0.09375
0 0.7781250000000001 0.15234375 0.115625 0.09531250000000001
0 0.047656250000000004 0.16484375 0.09531250000000001 0.09531250000000001
0 0.25078125 0.18281250000000002 0.1203125 0.08750000000000001
0 0.14609375 0.18828125 0.1265625 0.0859375
