0 0.9703125 0.80390625 0.05625 0.1421875
0 0.6218750000000001 0.78515625 0.23750000000000002 0.2078125
0 0.9242187500000001 0.7562500000000001 0.11093750000000001 0.1
0 0.509375 0.7375 0.209375 0.1375
0 0.51875 0.5484375 0.25 0.23750000000000002
0 0.08671875000000001 0.54453125 0.17343750000000002 0.19843750000000002
0 0.36171875000000003 0.43281250000000004 0.3046875 0.34375
0 0.78828125 0.37812500000000004 0.2703125 0.265625
0 0.2078125 0.353125 0.17500000000000002 0.25
0 0.9750000000000001 0.35234375 0.046875 0.19843750000000002
0 0.46406250000000004 0.32421875 0.234375 0.2734375
0 0.055468750000000004 0.2859375 0.11093750000000001 0.246875
0 0.75546875 0.246875 0.2921875 0.275
