0 0.9703125 0.19609375 0.05625 0.1421875
0 0.6218750000000001 0.21484375 0.23750000000000002 0.2078125
0 0.9242187500000001 0.24375000000000002 0.11093750000000001 0.1
0 0.509375 0.26328125 0.209375 0.1390625
0 0.51796875 0.45234375000000004 0.2515625 0.2390625
0 0.08671875000000001 0.45546875000000003 0.17343750000000002 0.19843750000000002
0 0.3609375 0.56796875 0.30312500000000003 0.3453125
0 0.78828125 0.6234375000000001 0.2703125 0.265625
0 0.2078125 0.6468750000000001 0.17500000000000002 0.25
0 0.9750000000000001 0.64765625 0.046875 0.19843750000000002
0 0.46328125000000003 0.67578125 0.2328125 0.2734375
0 0.055468750000000004 0.7140625 0.11093750000000001 0.246875
0 0.7546875000000001 0.75390625 0.290625 0.2734375
