0 0.02890625 0.8046875 0.0578125 0.140625
0 0.3796875 0.78515625 0.23750000000000002 0.2078125
0 0.07578125000000001 0.7562500000000001 0.11093750000000001 0.1
0 0.49062500000000003 0.7375 0.209375 0.1375
0 0.48281250000000003 0.5484375 0.25 0.23750000000000002
0 0.9125000000000001 0.54453125 0.171875 0.19843750000000002
0 0.6390625000000001 0.43281250000000004 0.30312500000000003 0.34375
0 0.21328125 0.37812500000000004 0.2703125 0.265625
0 0.7937500000000001 0.353125 0.17500000000000002 0.25
0 0.02421875 0.35234375 0.0484375 0.19843750000000002
0 0.5375 0.32421875 0.234375 0.2734375
0 0.9437500000000001 0.2859375 0.109375 0.246875
0 0.24531250000000002 0.246875 0.290625 0.275
