0 0.6796875 0.275 0.06875 0.1
0 0.9484375 0.2984375 0.09062500000000001 0.171875
0 0.8125 0.3015625 0.07187500000000001 0.14375000000000002
0 0.7109375 0.30546875 0.059375000000000004 0.13593750000000002
0 0.05 0.30625 0.08125 0.16875
0 0.75546875 0.3140625 0.0671875 0.146875
0 0.6273437500000001 0.33359375 0.0765625 0.13593750000000002
0 0.9765625 0.33437500000000003 0.043750000000000004 0.1875
0 0.56796875 0.35781250000000003 0.0765625 0.146875
0 0.1390625 0.38515625000000003 0.08125 0.15781250000000002
0 0.06953125 0.40703125 0.0765625 0.13593750000000002
0 0.45078125 0.41171875 0.0671875 0.15781250000000002
0 0.8210937500000001 0.415625 0.0765625 0.1125
0 0.7671875 0.434375 0.059375000000000004 0.12812500000000002
0 0.47109375000000003 0.45 0.0765625 0.146875
0 0.9773437500000001 0.4625 0.0421875 0.1125
0 0.39140625 0.465625 0.0765625 0.171875
0 0.12187500000000001 0.48750000000000004 0.065625 0.09062500000000001
0 0.5984375000000001 0.49531250000000004 0.0625 0.12812500000000002
0 0.5328125 0.5078125 0.0625 0.09375
0 0.03359375 0.5078125 0.0671875 0.13125
0 0.171875 0.51171875 0.043750000000000004 0.1171875
0 0.29296875 0.52109375 0.0578125 0.13593750000000002
0 0.47187500000000004 0.5375 0.0625 0.065625
0 0.7250000000000001 0.54453125 0.053125000000000006 0.1171875
0 0.11640625 0.5453125 0.0546875 0.059375000000000004
0 0.084375 0.55 0.0625 0.12812500000000002
0 0.5265625 0.5609375 0.0625 0.059375000000000004
0 0.225 0.5710937500000001 0.0625 0.051562500000000004
0 0.171875 0.571875 0.05 0.037500000000000006
0 0.759375 0.5734375 0.034375 0.084375
0 0.446875 0.5750000000000001 0.07187500000000001 0.125
0 0.134375 0.5859375 0.043750000000000004 0.037500000000000006
0 0.040625 0.5875 0.0625 0.06875
0 0.6328125 0.603125 0.059375000000000004 0.10312500000000001
0 0.521875 0.60546875 0.05 0.0765625
0 0.578125 0.6101562500000001 0.05625 0.11406250000000001
0 0.7265625 0.6140625000000001 0.059375000000000004 0.07187500000000001
0 0.45703125 0.68125 0.0671875 0.10312500000000001
0 0.9164062500000001 0.6890625 0.045312500000000006 0.05
0 0.5078125 0.70625 0.0625 0.10312500000000001
0 0.94921875 0.7406250000000001 0.0421875 0.1125
0 0.98203125 0.7406250000000001 0.0328125 0.1
0 0.6062500000000001 0.796875 0.053125000000000006 0.1125
0 0.96015625 0.80625 0.045312500000000006 0.043750000000000004
0 0.5609375 0.8078125 0.05 0.1125
0 0.915625 0.8093750000000001 0.046875 0.037500000000000006
0 0.025 0.81640625 0.05 0.09531250000000001
0 0.33984375 0.8406250000000001 0.0578125 0.10625000000000001
0 0.1078125 0.8421875000000001 0.05 0.09375
0 0.06406250000000001 0.8484375000000001 0.05 0.09062500000000001
0 0.60859375 0.853125 0.045312500000000006 0.037500000000000006
0 0.5 0.8578125000000001 0.05 0.1125
0 0.39375000000000004 0.8578125000000001 0.05 0.10625000000000001
0 0.3046875 0.8734375000000001 0.053125000000000006 0.10625000000000001
0 0.23203125000000002 0.875 0.0546875 0.08750000000000001
0 0.9765625 0.8765625 0.043750000000000004 0.09062500000000001
0 0.69296875 0.8835937500000001 0.0421875 0.09843750000000001
0 0.728125 0.890625 0.043750000000000004 0.084375
0 0.5281250000000001 0.890625 0.043750000000000004 0.10625000000000001
0 0.37109375 0.9015625 0.045312500000000006 0.06875
0 0.8679687500000001 0.9046875000000001 0.045312500000000006 0.065625
0 0.98828125 0.9265625000000001 0.0203125 0.065625
0 0.01640625 0.9375 0.0328125 0.08125
0 0.4234375 0.94296875 0.037500000000000006 0.0765625
0 0.8203125 0.9437500000000001 0.05 0.07187500000000001
0 0.0546875 0.946875 0.05 0.09062500000000001
0 0.59765625 0.9554687500000001 0.0421875 0.0859375
0 0.5609375 0.95703125 0.043750000000000004 0.08281250000000001
0 0.40390625 0.9609375 0.0328125 0.06875
0 0.9437500000000001 0.9632812500000001 0.034375 0.0703125
0 0.44843750000000004 0.96484375 0.040625 0.0671875
0 0.51953125 0.96640625 0.0421875 0.06406250000000001
0 0.7890625 0.9734375000000001 0.043750000000000004 0.05
0 0.47187500000000004 0.9734375000000001 0.025 0.05
0 0.1953125 0.9734375000000001 0.040625 0.05
0 0.49062500000000003 0.97578125 0.028125 0.045312500000000006
0 0.9015625 0.97578125 0.046875 0.045312500000000006
0 0.09375 0.9773437500000001 0.043750000000000004 0.0421875
0 0.81640625 0.9828125000000001 0.045312500000000006 0.03125
0 0.67890625 0.1640625 0.0890625 0.153125
0 0.55625 0.21640625000000002 0.084375 0.15781250000000002
0 0.6140625000000001 0.2421875 0.08125 0.15625
