0 0.3203125 0.27421875 0.06875 0.1015625
0 0.053125000000000006 0.2984375 0.09062500000000001 0.171875
0 0.1875 0.30078125 0.07187500000000001 0.1453125
0 0.28984375 0.30546875 0.060937500000000006 0.13593750000000002
0 0.9500000000000001 0.30625 0.08125 0.16875
0 0.24453125 0.3140625 0.0671875 0.146875
0 0.37265625 0.33359375 0.0765625 0.13593750000000002
0 0.022656250000000003 0.33359375 0.045312500000000006 0.18906250000000002
0 0.43359375 0.35781250000000003 0.0765625 0.146875
0 0.8609375 0.38515625000000003 0.08125 0.15781250000000002
0 0.9320312500000001 0.40703125 0.0765625 0.13593750000000002
0 0.55078125 0.41171875 0.0671875 0.15781250000000002
0 0.18046875 0.415625 0.0765625 0.1125
0 0.23359375000000002 0.434375 0.060937500000000006 0.12812500000000002
0 0.52890625 0.45 0.0765625 0.146875
0 0.021875000000000002 0.46171875 0.043750000000000004 0.11093750000000001
0 0.6101562500000001 0.465625 0.0765625 0.171875
0 0.878125 0.48671875000000003 0.065625 0.0890625
0 0.40156250000000004 0.49531250000000004 0.0625 0.12812500000000002
0 0.46718750000000003 0.50703125 0.0625 0.0921875
0 0.9656250000000001 0.50703125 0.065625 0.1296875
0 0.8296875 0.51171875 0.043750000000000004 0.1171875
0 0.70703125 0.52109375 0.0578125 0.13593750000000002
0 0.52890625 0.5375 0.060937500000000006 0.065625
0 0.27578125000000003 0.54453125 0.051562500000000004 0.1171875
0 0.8835937500000001 0.5453125 0.0546875 0.059375000000000004
0 0.915625 0.55 0.0625 0.12812500000000002
0 0.4734375 0.5609375 0.0625 0.059375000000000004
0 0.7757812500000001 0.5710937500000001 0.06406250000000001 0.051562500000000004
0 0.8289062500000001 0.571875 0.051562500000000004 0.037500000000000006
0 0.240625 0.5734375 0.034375 0.084375
0 0.55390625 0.5750000000000001 0.0703125 0.125
0 0.8656250000000001 0.5859375 0.043750000000000004 0.037500000000000006
0 0.96015625 0.5875 0.060937500000000006 0.06875
0 0.36796875 0.6023437500000001 0.060937500000000006 0.1046875
0 0.47890625000000003 0.60546875 0.0484375 0.0765625
0 0.4234375 0.6101562500000001 0.05625 0.11406250000000001
0 0.2734375 0.61328125 0.059375000000000004 0.0703125
0 0.54296875 0.68125 0.0671875 0.10312500000000001
0 0.08515625 0.6890625 0.045312500000000006 0.05
0 0.49296875 0.7054687500000001 0.060937500000000006 0.1046875
0 0.05234375 0.73984375 0.0421875 0.11093750000000001
0 0.0171875 0.73984375 0.034375 0.1015625
0 0.39375000000000004 0.796875 0.053125000000000006 0.1125
0 0.041406250000000006 0.80625 0.045312500000000006 0.043750000000000004
0 0.43984375000000003 0.8078125 0.051562500000000004 0.1125
0 0.08515625 0.8093750000000001 0.0484375 0.037500000000000006
0 0.97421875 0.81640625 0.0484375 0.09531250000000001
0 0.66015625 0.8406250000000001 0.0578125 0.10625000000000001
0 0.8921875 0.8421875000000001 0.05 0.09375
0 0.93671875 0.8484375000000001 0.051562500000000004 0.09062500000000001
0 0.39296875000000003 0.853125 0.045312500000000006 0.037500000000000006
0 0.5 0.85703125 0.05 0.11093750000000001
0 0.60703125 0.8578125000000001 0.051562500000000004 0.10625000000000001
0 0.6953125 0.8734375000000001 0.053125000000000006 0.10625000000000001
0 0.76953125 0.875 0.0546875 0.08750000000000001
0 0.022656250000000003 0.8757812500000001 0.045312500000000006 0.0890625
0 0.30859375 0.8835937500000001 0.0421875 0.09843750000000001
0 0.2734375 0.890625 0.043750000000000004 0.084375
0 0.4734375 0.890625 0.043750000000000004 0.10625000000000001
0 0.63046875 0.9007812500000001 0.045312500000000006 0.0671875
0 0.13203125000000002 0.9046875000000001 0.045312500000000006 0.065625
0 0.010937500000000001 0.9265625000000001 0.021875000000000002 0.065625
0 0.9828125000000001 0.9375 0.03125 0.08125
0 0.5765625 0.94296875 0.037500000000000006 0.0765625
0 0.1796875 0.94296875 0.05 0.0703125
0 0.9460937500000001 0.946875 0.0484375 0.09062500000000001
0 0.40234375 0.9554687500000001 0.0421875 0.0859375
0 0.44062500000000004 0.95703125 0.043750000000000004 0.08281250000000001
0 0.59609375 0.96015625 0.0328125 0.0671875
0 0.05625 0.9632812500000001 0.034375 0.0703125
0 0.55234375 0.96484375 0.0390625 0.0671875
0 0.48203125 0.96640625 0.0421875 0.06406250000000001
0 0.2109375 0.9734375000000001 0.043750000000000004 0.05
0 0.52890625 0.9734375000000001 0.026562500000000003 0.05
0 0.8054687500000001 0.9734375000000001 0.0390625 0.05
0 0.51015625 0.97578125 0.026562500000000003 0.045312500000000006
0 0.09843750000000001 0.97578125 0.046875 0.045312500000000006
0 0.9078125 0.9773437500000001 0.043750000000000004 0.0421875
0 0.18515625000000002 0.9828125000000001 0.045312500000000006 0.03125
0 0.32109375 0.16328125000000002 0.0890625 0.15156250000000002
0 0.44453125000000004 0.21640625000000002 0.0859375 0.15781250000000002
0 0.38671875 0.24140625000000002 0.08281250000000001 0.1546875
