0 0.90546875 0.33515625000000004 0.0546875 0.0703125
0 0.19375 0.50703125 0.27187500000000003 0.3921875
0 0.5671875000000001 0.54609375 0.16562500000000002 0.2234375
0 0.39921875 0.5984375000000001 0.2078125 0.3375
0 0.28515625 0.6804687500000001 0.09531250000000001 0.1265625
0 0.5703125 0.7601562500000001 0.05 0.0734375
0 0.446875 0.775 0.1875 0.25
0 0.029687500000000002 0.78125 0.059375000000000004 0.309375
0 0.65546875 0.81171875 0.0546875 0.08281250000000001
0 0.68359375 0.8734375000000001 0.051562500000000004 0.065625
0 0.5921875 0.875 0.034375 0.05625
0 0.9476562500000001 0.17343750000000002 0.07968750000000001 0.1125
0 0.984375 0.21250000000000002 0.028125 0.10312500000000001
0 0.92578125 0.2515625 0.0703125 0.09062500000000001
0 0.88671875 0.26796875000000003 0.0578125 0.0890625
0 0.95625 0.28515625 0.046875 0.0703125
0 0.8484375000000001 0.3046875 0.053125000000000006 0.084375
0 0.80390625 0.32109375 0.0421875 0.0734375
