0 0.33515625000000004 0.09609375 0.0703125 0.0546875
0 0.5078125 0.80625 0.39375000000000004 0.27187500000000003
0 0.54609375 0.43281250000000004 0.2234375 0.16562500000000002
0 0.5984375000000001 0.6023437500000001 0.3375 0.2078125
0 0.6804687500000001 0.71484375 0.1265625 0.09531250000000001
0 0.7601562500000001 0.4296875 0.0734375 0.05
0 0.775 0.5546875 0.25 0.1875
0 0.78125 0.9695312500000001 0.309375 0.0578125
0 0.8125 0.34609375000000003 0.084375 0.0546875
0 0.8734375000000001 0.3171875 0.065625 0.053125000000000006
0 0.875 0.4078125 0.05625 0.034375
0 0.17343750000000002 0.05234375 0.1125 0.07968750000000001
0 0.21250000000000002 0.014843750000000001 0.10312500000000001 0.029687500000000002
0 0.2515625 0.07578125000000001 0.09062500000000001 0.0703125
0 0.26875 0.11484375000000001 0.09062500000000001 0.0578125
0 0.28515625 0.043750000000000004 0.0703125 0.046875
0 0.3046875 0.15156250000000002 0.084375 0.053125000000000006
0 0.32109375 0.19609375 0.0734375 0.0421875
