0 0.90546875 0.6648437500000001 0.0546875 0.0703125
0 0.19375 0.49375 0.27187500000000003 0.39375000000000004
0 0.5671875000000001 0.45546875000000003 0.16562500000000002 0.2234375
0 0.39921875 0.40156250000000004 0.2078125 0.3375
0 0.28515625 0.32109375 0.09531250000000001 0.1265625
0 0.5703125 0.23984375000000002 0.05 0.0734375
0 0.446875 0.225 0.1875 0.25
0 0.029687500000000002 0.21875 0.059375000000000004 0.309375
0 0.65546875 0.18906250000000002 0.0546875 0.084375
0 0.6843750000000001 0.1265625 0.053125000000000006 0.065625
0 0.5921875 0.125 0.034375 0.05625
0 0.9476562500000001 0.8265625000000001 0.07968750000000001 0.1125
0 0.984375 0.7890625 0.028125 0.10312500000000001
0 0.92578125 0.7484375000000001 0.0703125 0.09062500000000001
0 0.88671875 0.7328125000000001 0.0578125 0.09062500000000001
0 0.95625 0.71484375 0.046875 0.0703125
0 0.8484375000000001 0.6953125 0.053125000000000006 0.084375
0 0.80390625 0.6804687500000001 0.0421875 0.0734375
