0 0.66171875 0.27265625 0.2078125 0.4546875
0 0.77265625 0.35546875 0.18906250000000002 0.4765625
0 0.18828125 0.53125 0.15781250000000002 0.30000000000000004
0 0.34296875000000004 0.56640625 0.21406250000000002 0.4546875
0 0.59140625 0.59375 0.2421875 0.40937500000000004
0 0.84921875 0.06640625 0.1765625 0.1328125
0 0.8640625000000001 0.6953125 0.12812500000000002 0.24375000000000002
0 0.13359375 0.7125 0.1234375 0.31875000000000003
0 0.2625 0.71796875 0.2 0.47968750000000004
0 0.46406250000000004 0.7234375000000001 0.225 0.48125
0 0.93359375 0.8234375 0.1296875 0.265625
0 0.88046875 0.8625 0.1265625 0.27187500000000003
0 0.3953125 0.909375 0.15000000000000002 0.178125
0 0.54296875 0.23046875 0.0921875 0.3359375
