0 0.65234375 0.39375000000000004 0.1796875 0.22187500000000002
0 0.049218750000000006 0.4625 0.09843750000000001 0.12812500000000002
0 0.1609375 0.4859375 0.153125 0.19687500000000002
0 0.5375 0.515625 0.153125 0.20625000000000002
0 0.25 0.6078125000000001 0.078125 0.07500000000000001
0 0.96015625 0.6171875 0.0765625 0.109375
0 0.4140625 0.6218750000000001 0.17500000000000002 0.215625
0 0.21250000000000002 0.6546875000000001 0.07187500000000001 0.065625
0 0.1078125 0.67890625 0.065625 0.0890625
0 0.64765625 0.6890625 0.15781250000000002 0.203125
0 0.5109375 0.703125 0.14375000000000002 0.19375
0 0.225 0.89609375 0.07500000000000001 0.0703125
