0 0.6078125000000001 0.34765625 0.22187500000000002 0.1796875
0 0.5390625 0.9500000000000001 0.12812500000000002 0.096875
0 0.5140625 0.8406250000000001 0.19687500000000002 0.153125
0 0.4859375 0.46406250000000004 0.20625000000000002 0.153125
0 0.39375000000000004 0.7515625 0.07500000000000001 0.078125
0 0.3828125 0.0390625 0.109375 0.078125
0 0.37812500000000004 0.5875 0.215625 0.17500000000000002
0 0.3453125 0.7890625 0.065625 0.07187500000000001
0 0.321875 0.89375 0.08750000000000001 0.065625
0 0.31093750000000003 0.35390625000000003 0.203125 0.15781250000000002
0 0.296875 0.49062500000000003 0.19375 0.14375000000000002
0 0.10546875 0.7757812500000001 0.0703125 0.0765625
