0 0.34765625 0.39375000000000004 0.1796875 0.22187500000000002
0 0.9500000000000001 0.4625 0.096875 0.12812500000000002
0 0.83984375 0.4859375 0.15156250000000002 0.19687500000000002
0 0.46328125000000003 0.515625 0.1546875 0.20625000000000002
0 0.7515625 0.60703125 0.078125 0.0734375
0 0.0390625 0.6171875 0.078125 0.109375
0 0.5867187500000001 0.6218750000000001 0.17343750000000002 0.215625
0 0.7890625 0.6546875000000001 0.07187500000000001 0.065625
0 0.89375 0.6781250000000001 0.065625 0.08750000000000001
0 0.35390625000000003 0.6890625 0.15781250000000002 0.203125
0 0.49062500000000003 0.703125 0.14375000000000002 0.19375
0 0.7757812500000001 0.89609375 0.0765625 0.0703125
