0 0.10078125 0.97265625 0.06406250000000001 0.051562500000000004
0 0.1296875 0.93125 0.0625 0.06875
0 0.1328125 0.32578125 0.059375000000000004 0.0578125
0 0.13671875 0.2765625 0.060937500000000006 0.07500000000000001
0 0.14140625 0.6960937500000001 0.0671875 0.07968750000000001
0 0.15000000000000002 0.2484375 0.059375000000000004 0.0625
0 0.15234375 0.96796875 0.051562500000000004 0.060937500000000006
0 0.15625 0.03515625 0.05625 0.0671875
0 0.17343750000000002 0.30859375 0.037500000000000006 0.0703125
0 0.178125 0.97421875 0.034375 0.0484375
0 0.17890625000000002 0.65625 0.0546875 0.06875
0 0.1875 0.25 0.037500000000000006 0.065625
0 0.209375 0.7796875000000001 0.043750000000000004 0.05625
0 0.22187500000000002 0.8625 0.046875 0.0625
0 0.225 0.8171875000000001 0.046875 0.0625
0 0.265625 0.521875 0.046875 0.05625
0 0.27109375 0.01953125 0.0421875 0.0390625
0 0.28125 0.4265625 0.040625 0.059375000000000004
0 0.284375 0.565625 0.043750000000000004 0.053125000000000006
0 0.29296875 0.51015625 0.026562500000000003 0.0390625
0 0.29453125 0.46406250000000004 0.045312500000000006 0.05625
0 0.2984375 0.11875000000000001 0.040625 0.059375000000000004
0 0.30078125 0.3140625 0.035937500000000004 0.05
0 0.30312500000000003 0.784375 0.037500000000000006 0.053125000000000006
0 0.30546875 0.5007812500000001 0.0140625 0.0390625
0 0.30546875 0.2765625 0.0390625 0.053125000000000006
0 0.31015625 0.971875 0.045312500000000006 0.053125000000000006
0 0.3125 0.70078125 0.040625 0.045312500000000006
0 0.3140625 0.7406250000000001 0.040625 0.05
0 0.3140625 0.17109375000000002 0.028125 0.045312500000000006
0 0.325 0.31875000000000003 0.025 0.053125000000000006
0 0.32734375000000004 0.39609375 0.0421875 0.0484375
0 0.3296875 0.9328125 0.040625 0.043750000000000004
0 0.3375 0.9734375000000001 0.025 0.043750000000000004
0 0.33906250000000004 0.45234375000000004 0.037500000000000006 0.045312500000000006
0 0.353125 0.765625 0.034375 0.043750000000000004
0 0.035937500000000004 0.46406250000000004 0.06875 0.078125
0 0.35859375000000004 0.6023437500000001 0.0390625 0.045312500000000006
0 0.36171875000000003 0.984375 0.0328125 0.028125
0 0.3671875 0.63828125 0.040625 0.0484375
0 0.36796875 0.5554687500000001 0.0390625 0.045312500000000006
0 0.37890625 0.5875 0.0203125 0.043750000000000004
0 0.3796875 0.25625000000000003 0.028125 0.034375
0 0.38046875 0.1125 0.0328125 0.046875
0 0.38359375 0.340625 0.026562500000000003 0.034375
0 0.3984375 0.57578125 0.025 0.029687500000000002
0 0.40078125000000003 0.25390625 0.0203125 0.0390625
0 0.403125 0.49296875 0.021875000000000002 0.029687500000000002
0 0.40625 0.34609375000000003 0.037500000000000006 0.0484375
0 0.41171875 0.14296875 0.0328125 0.0390625
0 0.41718750000000004 0.73828125 0.034375 0.0484375
0 0.41640625000000003 0.7015625000000001 0.035937500000000004 0.043750000000000004
0 0.41875 0.9828125000000001 0.043750000000000004 0.025
0 0.42109375000000004 0.90390625 0.0203125 0.0234375
0 0.42578125 0.603125 0.0203125 0.021875000000000002
0 0.42812500000000003 0.3640625 0.037500000000000006 0.05
0 0.4375 0.0125 0.018750000000000003 0.018750000000000003
0 0.44375000000000003 0.046875 0.018750000000000003 0.021875000000000002
0 0.44375000000000003 0.1171875 0.0125 0.018750000000000003
0 0.44453125000000004 0.0671875 0.0171875 0.015625
0 0.44453125000000004 0.004687500000000001 0.0171875 0.009375000000000001
0 0.4453125 0.64375 0.015625 0.015625
0 0.446875 0.6570312500000001 0.015625 0.0171875
0 0.446875 0.6296875000000001 0.018750000000000003 0.015625
0 0.44765625000000003 0.0140625 0.0140625 0.0125
0 0.44843750000000004 0.08046875 0.018750000000000003 0.0234375
0 0.45156250000000003 0.09843750000000001 0.021875000000000002 0.025
0 0.45156250000000003 0.47968750000000004 0.015625 0.018750000000000003
0 0.45234375000000004 0.9734375000000001 0.0140625 0.025
0 0.45234375000000004 0.49531250000000004 0.010937500000000001 0.018750000000000003
0 0.4546875 0.6421875 0.0125 0.018750000000000003
0 0.45546875000000003 0.8203125 0.0140625 0.021875000000000002
0 0.4578125 0.4375 0.0125 0.018750000000000003
0 0.45937500000000003 0.45234375000000004 0.0125 0.0171875
0 0.46015625000000004 0.6921875000000001 0.0140625 0.018750000000000003
0 0.4609375 0.67734375 0.015625 0.0171875
0 0.46484375 0.6578125 0.0140625 0.018750000000000003
0 0.46796875000000004 0.58125 0.0140625 0.018750000000000003
0 0.4703125 0.9750000000000001 0.0125 0.025
0 0.47500000000000003 0.08125 0.015625 0.015625
0 0.484375 0.5703125 0.015625 0.018750000000000003
0 0.484375 0.73984375 0.018750000000000003 0.0234375
0 0.49531250000000004 0.05625 0.0125 0.015625
0 0.5234375 0.321875 0.015625 0.021875000000000002
