0 0.02734375 0.10078125 0.0546875 0.06406250000000001
0 0.06953125 0.1296875 0.0703125 0.0625
0 0.6742187500000001 0.1328125 0.0578125 0.059375000000000004
0 0.7250000000000001 0.13671875 0.07500000000000001 0.060937500000000006
0 0.3046875 0.14140625 0.078125 0.0671875
0 0.7515625 0.14921875 0.0625 0.060937500000000006
0 0.0328125 0.15234375 0.0625 0.051562500000000004
0 0.9656250000000001 0.15625 0.065625 0.05625
0 0.69140625 0.17343750000000002 0.0703125 0.037500000000000006
0 0.025781250000000002 0.17734375000000002 0.051562500000000004 0.0328125
0 0.34375 0.17890625000000002 0.06875 0.0546875
0 0.75 0.1875 0.065625 0.037500000000000006
0 0.22031250000000002 0.209375 0.05625 0.043750000000000004
0 0.1375 0.22109375 0.0625 0.0484375
0 0.184375 0.225 0.0625 0.046875
0 0.47968750000000004 0.265625 0.05625 0.046875
0 0.9796875 0.27109375 0.037500000000000006 0.0421875
0 0.57421875 0.28125 0.060937500000000006 0.040625
0 0.434375 0.28359375000000003 0.053125000000000006 0.045312500000000006
0 0.49140625000000004 0.29296875 0.0390625 0.026562500000000003
0 0.5359375000000001 0.29453125 0.05625 0.045312500000000006
0 0.88203125 0.2984375 0.060937500000000006 0.040625
0 0.68671875 0.30078125 0.051562500000000004 0.035937500000000004
0 0.215625 0.30312500000000003 0.053125000000000006 0.037500000000000006
0 0.5007812500000001 0.30546875 0.0390625 0.0140625
0 0.72421875 0.30546875 0.0546875 0.0390625
0 0.029687500000000002 0.31015625 0.053125000000000006 0.045312500000000006
0 0.30078125 0.3125 0.045312500000000006 0.040625
0 0.2609375 0.3140625 0.05 0.040625
0 0.8289062500000001 0.3140625 0.045312500000000006 0.028125
0 0.6820312500000001 0.325 0.051562500000000004 0.025
0 0.6039062500000001 0.32734375000000004 0.0484375 0.0421875
0 0.0671875 0.32890625 0.043750000000000004 0.0390625
0 0.028125 0.3375 0.043750000000000004 0.025
0 0.5476562500000001 0.33906250000000004 0.045312500000000006 0.037500000000000006
0 0.23515625 0.35234375 0.0421875 0.035937500000000004
0 0.5359375000000001 0.03515625 0.078125 0.0703125
0 0.39765625000000004 0.35859375000000004 0.045312500000000006 0.0390625
0 0.014843750000000001 0.36171875000000003 0.029687500000000002 0.0328125
0 0.36328125 0.3671875 0.0484375 0.040625
0 0.44609375 0.36796875 0.045312500000000006 0.0390625
0 0.41250000000000003 0.37890625 0.043750000000000004 0.0203125
0 0.7445312500000001 0.37890625 0.0328125 0.029687500000000002
0 0.88828125 0.38046875 0.0484375 0.0328125
0 0.6609375000000001 0.38359375 0.034375 0.026562500000000003
0 0.42578125 0.3984375 0.029687500000000002 0.025
0 0.74765625 0.40078125000000003 0.0390625 0.0203125
0 0.5085937500000001 0.403125 0.029687500000000002 0.021875000000000002
0 0.65390625 0.40625 0.0484375 0.037500000000000006
0 0.85703125 0.41171875 0.0390625 0.0328125
0 0.26328125 0.41640625000000003 0.0484375 0.0328125
0 0.30000000000000004 0.41640625000000003 0.043750000000000004 0.035937500000000004
0 0.017968750000000002 0.41875 0.0234375 0.043750000000000004
0 0.09609375 0.42109375000000004 0.0234375 0.0203125
0 0.3984375 0.42578125 0.021875000000000002 0.0203125
0 0.6359375 0.42734375 0.05 0.035937500000000004
0 0.9875 0.4375 0.018750000000000003 0.018750000000000003
0 0.953125 0.44375000000000003 0.021875000000000002 0.018750000000000003
0 0.884375 0.44375000000000003 0.018750000000000003 0.0125
0 0.93359375 0.44453125000000004 0.0140625 0.0171875
0 0.9945312500000001 0.44453125000000004 0.0078125 0.0171875
0 0.35703125 0.4453125 0.0171875 0.015625
0 0.34453125 0.446875 0.0171875 0.015625
0 0.37031250000000004 0.446875 0.015625 0.018750000000000003
0 0.9875 0.44765625000000003 0.0125 0.0140625
0 0.91953125 0.44843750000000004 0.0234375 0.018750000000000003
0 0.9015625 0.45156250000000003 0.025 0.021875000000000002
0 0.5203125000000001 0.45078125 0.018750000000000003 0.0140625
0 0.02734375 0.45234375000000004 0.0234375 0.0140625
0 0.5046875000000001 0.45234375000000004 0.018750000000000003 0.010937500000000001
0 0.35859375000000004 0.4546875 0.0203125 0.0125
0 0.1796875 0.45546875000000003 0.021875000000000002 0.0140625
0 0.5640625 0.4578125 0.018750000000000003 0.0125
0 0.5476562500000001 0.45937500000000003 0.0171875 0.0125
0 0.309375 0.46015625000000004 0.018750000000000003 0.0140625
0 0.32265625000000003 0.4609375 0.0171875 0.015625
0 0.34375 0.46484375 0.018750000000000003 0.0140625
0 0.41953125 0.46796875000000004 0.0203125 0.0140625
0 0.025 0.46953125 0.025 0.0140625
0 0.91953125 0.47500000000000003 0.0171875 0.015625
0 0.43125 0.48359375000000004 0.018750000000000003 0.0140625
0 0.26015625000000003 0.484375 0.0234375 0.018750000000000003
0 0.9437500000000001 0.49531250000000004 0.015625 0.0125
0 0.67890625 0.52265625 0.0203125 0.0140625
