0 0.28828125 0.8031250000000001 0.21406250000000002 0.084375
0 0.3203125 0.4234375 0.184375 0.065625
0 0.35859375000000004 0.859375 0.1390625 0.07187500000000001
0 0.37031250000000004 0.484375 0.178125 0.065625
0 0.39140625 0.14765625000000002 0.11406250000000001 0.1046875
0 0.39687500000000003 0.3359375 0.184375 0.05625
0 0.40390625 0.23593750000000002 0.1859375 0.059375000000000004
0 0.40937500000000004 0.38125000000000003 0.178125 0.065625
0 0.415625 0.27187500000000003 0.18125000000000002 0.065625
0 0.434375 0.790625 0.16562500000000002 0.0625
0 0.434375 0.434375 0.153125 0.059375000000000004
0 0.04453125 0.796875 0.0890625 0.096875
0 0.45625000000000004 0.12812500000000002 0.184375 0.06875
0 0.47187500000000004 0.06484375 0.171875 0.0765625
0 0.4734375 0.8390625 0.17500000000000002 0.053125000000000006
0 0.4765625 0.7515625 0.17500000000000002 0.0625
0 0.4921875 0.30000000000000004 0.10625000000000001 0.046875
0 0.5234375 0.2765625 0.07500000000000001 0.037500000000000006
0 0.54609375 0.9671875000000001 0.0859375 0.043750000000000004
0 0.5515625000000001 0.79296875 0.13125 0.0546875
0 0.571875 0.025 0.19375 0.05
0 0.5765625 0.8875000000000001 0.10312500000000001 0.043750000000000004
0 0.58125 0.7046875 0.12812500000000002 0.043750000000000004
0 0.584375 0.32656250000000003 0.134375 0.046875
0 0.584375 0.64609375 0.08125 0.0546875
0 0.5890625 0.36640625000000004 0.078125 0.045312500000000006
0 0.5953125 0.09921875000000001 0.09375 0.0546875
0 0.603125 0.19375 0.115625 0.053125000000000006
0 0.60703125 0.565625 0.11406250000000001 0.037500000000000006
0 0.6078125000000001 0.5359375000000001 0.09062500000000001 0.018750000000000003
0 0.0625 0.5 0.125 0.1
0 0.61640625 0.921875 0.11093750000000001 0.046875
0 0.6265625 0.7453125 0.11875000000000001 0.05
0 0.06406250000000001 0.14921875 0.12812500000000002 0.1015625
0 0.065625 0.6039062500000001 0.13125 0.11093750000000001
0 0.6390625000000001 0.94921875 0.12812500000000002 0.029687500000000002
0 0.63984375 0.12812500000000002 0.11093750000000001 0.040625
0 0.65 0.97578125 0.16562500000000002 0.045312500000000006
0 0.65625 0.628125 0.10625000000000001 0.034375
0 0.659375 0.8140625 0.1 0.040625
0 0.659375 0.5890625 0.115625 0.043750000000000004
0 0.659375 0.453125 0.12812500000000002 0.053125000000000006
0 0.659375 0.9078125 0.084375 0.043750000000000004
0 0.659375 0.784375 0.06875 0.034375
0 0.6625000000000001 0.35859375000000004 0.13125 0.0484375
0 0.6664062500000001 0.1625 0.13593750000000002 0.046875
0 0.6703125000000001 0.6671875 0.1 0.037500000000000006
0 0.671875 0.3953125 0.12812500000000002 0.043750000000000004
0 0.6781250000000001 0.8460937500000001 0.10625000000000001 0.0421875
0 0.6859375000000001 0.42109375000000004 0.10625000000000001 0.026562500000000003
0 0.06953125 0.8773437500000001 0.1390625 0.0921875
0 0.69453125 0.6859375000000001 0.0890625 0.028125
0 0.6953125 0.6453125000000001 0.1 0.034375
0 0.696875 0.8890625000000001 0.078125 0.034375
0 0.6984375 0.5546875 0.109375 0.025
0 0.7000000000000001 0.5265625 0.134375 0.043750000000000004
0 0.7078125000000001 0.48828125 0.13125 0.045312500000000006
0 0.7132812500000001 0.759375 0.06406250000000001 0.037500000000000006
0 0.7140625 0.13593750000000002 0.078125 0.034375
0 0.7171875000000001 0.33906250000000004 0.09375 0.034375
0 0.7234375000000001 0.6203125 0.059375000000000004 0.025
0 0.7234375000000001 0.22187500000000002 0.109375 0.040625
0 0.7312500000000001 0.80390625 0.09375 0.0328125
0 0.73046875 0.2703125 0.11093750000000001 0.037500000000000006
0 0.7312500000000001 0.034375 0.10625000000000001 0.03125
0 0.7367187500000001 0.6984375 0.060937500000000006 0.025
0 0.7367187500000001 0.578125 0.060937500000000006 0.034375
0 0.7406250000000001 0.009375000000000001 0.10312500000000001 0.015625
0 0.7468750000000001 0.18125000000000002 0.09062500000000001 0.028125
0 0.74609375 0.08281250000000001 0.11406250000000001 0.037500000000000006
0 0.75390625 0.43281250000000004 0.0890625 0.03125
0 0.75390625 0.40625 0.0890625 0.03125
0 0.7546875000000001 0.3765625 0.059375000000000004 0.021875000000000002
0 0.759375 0.296875 0.10625000000000001 0.03125
0 0.759375 0.6015625 0.06875 0.03125
0 0.759375 0.15937500000000002 0.07500000000000001 0.021875000000000002
0 0.76171875 0.057031250000000006 0.11093750000000001 0.026562500000000003
0 0.7664062500000001 0.24531250000000002 0.11406250000000001 0.034375
0 0.7679687500000001 0.703125 0.06406250000000001 0.021875000000000002
0 0.7734375 0.55078125 0.059375000000000004 0.029687500000000002
0 0.7742187500000001 0.31171875000000004 0.11406250000000001 0.029687500000000002
0 0.775 0.68359375 0.084375 0.026562500000000003
0 0.7781250000000001 0.48671875000000003 0.078125 0.045312500000000006
0 0.77890625 0.6273437500000001 0.06406250000000001 0.026562500000000003
0 0.7796875000000001 0.1375 0.06875 0.025
0 0.784375 0.1015625 0.10625000000000001 0.034375
0 0.790625 0.4546875 0.09062500000000001 0.034375
0 0.790625 0.27265625 0.08125 0.029687500000000002
0 0.796875 0.5085937500000001 0.065625 0.026562500000000003
0 0.08125 0.021875000000000002 0.15625 0.040625
0 0.8078125 0.16562500000000002 0.046875 0.021875000000000002
0 0.8109375000000001 0.2171875 0.078125 0.03125
0 0.815625 0.040625 0.06875 0.034375
0 0.828125 0.06328125 0.05625 0.029687500000000002
0 0.90625 0.1203125 0.034375 0.018750000000000003
0 0.9078125 0.09921875000000001 0.040625 0.026562500000000003
0 0.909375 0.26484375 0.034375 0.0234375
0 0.909375 0.45625000000000004 0.03125 0.021875000000000002
0 0.909375 0.284375 0.03125 0.015625
0 0.9109375000000001 0.37109375 0.034375 0.0203125
0 0.91328125 0.13359375 0.035937500000000004 0.0203125
0 0.9125000000000001 0.0671875 0.046875 0.018750000000000003
0 0.9148437500000001 0.48281250000000003 0.0390625 0.018750000000000003
0 0.9296875 0.5281250000000001 0.046875 0.018750000000000003
0 0.9296875 0.17500000000000002 0.046875 0.021875000000000002
0 0.93125 0.37812500000000004 0.043750000000000004 0.018750000000000003
0 0.9320312500000001 0.5710937500000001 0.06406250000000001 0.0234375
0 0.9328125 0.3125 0.040625 0.018750000000000003
0 0.9328125 0.2890625 0.046875 0.015625
0 0.9328125 0.19062500000000002 0.040625 0.018750000000000003
0 0.9359375000000001 0.5859375 0.05 0.018750000000000003
0 0.9359375000000001 0.38906250000000003 0.043750000000000004 0.015625
0 0.9359375000000001 0.21015625000000002 0.043750000000000004 0.0203125
0 0.9398437500000001 0.3609375 0.0390625 0.015625
0 0.9460937500000001 0.5109375 0.035937500000000004 0.018750000000000003
0 0.946875 0.08125 0.046875 0.015625
0 0.9484375 0.2484375 0.046875 0.021875000000000002
0 0.9500000000000001 0.41640625000000003 0.05 0.0203125
0 0.953125 0.1125 0.043750000000000004 0.0125
0 0.95625 0.060937500000000006 0.043750000000000004 0.015625
0 0.9593750000000001 0.1234375 0.05 0.0125
0 0.9593750000000001 0.09843750000000001 0.05 0.015625
0 0.9593750000000001 0.43593750000000003 0.046875 0.018750000000000003
0 0.9609375 0.13593750000000002 0.05625 0.0125
0 0.9632812500000001 0.31562500000000004 0.035937500000000004 0.018750000000000003
0 0.9765625 0.55234375 0.043750000000000004 0.0171875
0 0.9796875 0.5765625 0.037500000000000006 0.015625
0 0.98203125 0.5632812500000001 0.0328125 0.0171875
0 0.10390625 0.24765625000000002 0.2078125 0.1078125
0 0.12890625 0.7109375 0.2578125 0.096875
0 0.1421875 0.21406250000000002 0.184375 0.08125
0 0.1453125 0.790625 0.25 0.09375
0 0.15156250000000002 0.48750000000000004 0.21875 0.10625000000000001
0 0.16171875000000002 0.6492187500000001 0.2609375 0.0734375
0 0.16640625 0.04296875 0.2890625 0.0859375
0 0.19453125000000002 0.578125 0.18906250000000002 0.10312500000000001
0 0.2625 0.87890625 0.225 0.0859375
0 0.26796875000000003 0.5015625 0.13593750000000002 0.065625
