0 0.19687500000000002 0.28828125 0.084375 0.21406250000000002
0 0.57734375 0.31953125000000004 0.06406250000000001 0.18281250000000002
0 0.140625 0.35859375000000004 0.07187500000000001 0.1390625
0 0.5164062500000001 0.37031250000000004 0.0671875 0.178125
0 0.8523437500000001 0.39140625 0.1046875 0.11406250000000001
0 0.6648437500000001 0.39609375 0.0578125 0.18281250000000002
0 0.7640625000000001 0.40390625 0.059375000000000004 0.1859375
0 0.6195312500000001 0.40937500000000004 0.06406250000000001 0.178125
0 0.728125 0.415625 0.065625 0.18125000000000002
0 0.209375 0.43359375 0.0625 0.16718750000000002
0 0.56640625 0.434375 0.060937500000000006 0.153125
0 0.203125 0.04453125 0.096875 0.0890625
0 0.87265625 0.45546875000000003 0.0671875 0.18281250000000002
0 0.93515625 0.47187500000000004 0.0765625 0.171875
0 0.1625 0.4734375 0.053125000000000006 0.17500000000000002
0 0.24921875000000002 0.4765625 0.060937500000000006 0.17500000000000002
0 0.7000000000000001 0.49140625000000004 0.046875 0.1046875
0 0.72421875 0.5234375 0.0390625 0.07500000000000001
0 0.03359375 0.54609375 0.0421875 0.0859375
0 0.20859375000000002 0.5515625000000001 0.0546875 0.13125
0 0.97421875 0.571875 0.0484375 0.19375
0 0.11328125 0.5765625 0.0421875 0.10312500000000001
0 0.29531250000000003 0.58125 0.043750000000000004 0.12812500000000002
0 0.6734375 0.58359375 0.046875 0.1328125
0 0.35390625000000003 0.584375 0.0546875 0.08125
0 0.6351562500000001 0.5890625 0.045312500000000006 0.078125
0 0.9007812500000001 0.5945312500000001 0.0546875 0.09531250000000001
0 0.8078125 0.603125 0.053125000000000006 0.115625
0 0.434375 0.60703125 0.037500000000000006 0.11406250000000001
0 0.46406250000000004 0.60703125 0.018750000000000003 0.0921875
0 0.5 0.0625 0.1 0.125
0 0.078125 0.61640625 0.046875 0.11093750000000001
0 0.2546875 0.6265625 0.05 0.11875000000000001
0 0.85078125 0.06406250000000001 0.1015625 0.12812500000000002
0 0.39687500000000003 0.065625 0.109375 0.13125
0 0.05234375 0.6390625000000001 0.029687500000000002 0.12812500000000002
0 0.87265625 0.63984375 0.0421875 0.11093750000000001
0 0.0234375 0.65 0.046875 0.16562500000000002
0 0.37265625 0.65546875 0.035937500000000004 0.1046875
0 0.18671875000000002 0.659375 0.0390625 0.1
0 0.41171875 0.6585937500000001 0.0421875 0.1171875
0 0.546875 0.659375 0.053125000000000006 0.12812500000000002
0 0.09296875 0.6585937500000001 0.0421875 0.08281250000000001
0 0.215625 0.659375 0.034375 0.06875
0 0.6429687500000001 0.6625000000000001 0.0484375 0.13125
0 0.8390625 0.6664062500000001 0.046875 0.13593750000000002
0 0.33359375 0.6703125000000001 0.035937500000000004 0.1
0 0.6046875 0.671875 0.043750000000000004 0.12812500000000002
0 0.15390625000000002 0.6781250000000001 0.0421875 0.10625000000000001
0 0.58046875 0.6859375000000001 0.026562500000000003 0.10625000000000001
0 0.12265625000000001 0.06953125 0.0921875 0.1390625
0 0.3140625 0.69453125 0.028125 0.0890625
0 0.35546875 0.6953125 0.035937500000000004 0.1
0 0.11171875 0.696875 0.0328125 0.078125
0 0.446875 0.6984375 0.025 0.109375
0 0.4734375 0.7000000000000001 0.043750000000000004 0.134375
0 0.51328125 0.70703125 0.045312500000000006 0.1296875
0 0.24140625000000002 0.7132812500000001 0.035937500000000004 0.06406250000000001
0 0.8640625000000001 0.7140625 0.034375 0.078125
0 0.66171875 0.71640625 0.0328125 0.09531250000000001
0 0.38125000000000003 0.7234375000000001 0.025 0.059375000000000004
0 0.7781250000000001 0.7234375000000001 0.040625 0.109375
0 0.19687500000000002 0.73046875 0.034375 0.09531250000000001
0 0.73046875 0.73046875 0.0390625 0.11093750000000001
0 0.9656250000000001 0.73046875 0.03125 0.1046875
0 0.30312500000000003 0.7367187500000001 0.025 0.060937500000000006
0 0.421875 0.7367187500000001 0.034375 0.060937500000000006
0 0.9906250000000001 0.7406250000000001 0.015625 0.10312500000000001
0 0.8203125 0.74609375 0.028125 0.0921875
0 0.9171875 0.74609375 0.037500000000000006 0.11406250000000001
0 0.5671875000000001 0.75390625 0.03125 0.0890625
0 0.5945312500000001 0.75390625 0.0328125 0.0890625
0 0.625 0.75390625 0.021875000000000002 0.0578125
0 0.7039062500000001 0.7585937500000001 0.0328125 0.1046875
0 0.39921875 0.759375 0.0328125 0.06875
0 0.8406250000000001 0.759375 0.021875000000000002 0.07500000000000001
0 0.94296875 0.76171875 0.026562500000000003 0.11093750000000001
0 0.75546875 0.7664062500000001 0.035937500000000004 0.11406250000000001
0 0.2984375 0.7679687500000001 0.021875000000000002 0.06406250000000001
0 0.45078125 0.7734375 0.029687500000000002 0.059375000000000004
0 0.6882812500000001 0.7742187500000001 0.029687500000000002 0.11406250000000001
0 0.31640625 0.775 0.026562500000000003 0.084375
0 0.51484375 0.7781250000000001 0.045312500000000006 0.078125
0 0.37421875000000004 0.77890625 0.026562500000000003 0.06406250000000001
0 0.8625 0.77890625 0.025 0.0703125
0 0.8992187500000001 0.7835937500000001 0.035937500000000004 0.1046875
0 0.5453125 0.790625 0.034375 0.09062500000000001
0 0.7289062500000001 0.790625 0.029687500000000002 0.08125
0 0.49140625000000004 0.796875 0.026562500000000003 0.065625
0 0.978125 0.08046875 0.040625 0.1546875
0 0.8343750000000001 0.8078125 0.021875000000000002 0.046875
0 0.7828125 0.8109375000000001 0.03125 0.078125
0 0.96015625 0.815625 0.0328125 0.06875
0 0.93671875 0.828125 0.029687500000000002 0.05625
0 0.88046875 0.90546875 0.0171875 0.0328125
0 0.90234375 0.9070312500000001 0.026562500000000003 0.0421875
0 0.7351562500000001 0.9085937500000001 0.0234375 0.0328125
0 0.5453125 0.909375 0.021875000000000002 0.03125
0 0.71640625 0.909375 0.0171875 0.03125
0 0.63046875 0.9109375000000001 0.0203125 0.034375
0 0.86640625 0.91328125 0.0203125 0.035937500000000004
0 0.9328125 0.9125000000000001 0.018750000000000003 0.046875
0 0.5171875 0.9148437500000001 0.018750000000000003 0.0390625
0 0.47265625 0.9296875 0.0171875 0.046875
0 0.8265625000000001 0.9296875 0.021875000000000002 0.046875
0 0.62265625 0.9304687500000001 0.0171875 0.045312500000000006
0 0.43046875 0.9320312500000001 0.0234375 0.06406250000000001
0 0.6875 0.9320312500000001 0.018750000000000003 0.0421875
0 0.7109375 0.9328125 0.015625 0.046875
0 0.8093750000000001 0.9320312500000001 0.018750000000000003 0.0421875
0 0.4140625 0.9359375000000001 0.018750000000000003 0.05
0 0.6109375 0.9359375000000001 0.015625 0.043750000000000004
0 0.7898437500000001 0.9359375000000001 0.0203125 0.043750000000000004
0 0.63984375 0.9398437500000001 0.0171875 0.0390625
0 0.4890625 0.9460937500000001 0.018750000000000003 0.035937500000000004
0 0.91953125 0.946875 0.0140625 0.046875
0 0.753125 0.9484375 0.021875000000000002 0.046875
0 0.58359375 0.9500000000000001 0.0203125 0.05
0 0.8875000000000001 0.953125 0.0125 0.043750000000000004
0 0.9398437500000001 0.9554687500000001 0.0171875 0.045312500000000006
0 0.8765625 0.9593750000000001 0.0125 0.05
0 0.90234375 0.9593750000000001 0.0140625 0.05
0 0.5640625 0.9593750000000001 0.018750000000000003 0.046875
0 0.86484375 0.9609375 0.0140625 0.05625
0 0.6843750000000001 0.9632812500000001 0.018750000000000003 0.035937500000000004
0 0.44765625000000003 0.9765625 0.0171875 0.043750000000000004
0 0.42421875000000003 0.9796875 0.0140625 0.037500000000000006
0 0.43671875000000004 0.98203125 0.0171875 0.0328125
0 0.7523437500000001 0.10390625 0.1078125 0.2078125
0 0.2890625 0.12890625 0.096875 0.2578125
0 0.7859375000000001 0.14140625 0.08125 0.18281250000000002
0 0.21015625000000002 0.1453125 0.0921875 0.25
0 0.51328125 0.15156250000000002 0.1078125 0.21875
0 0.35234375 0.16171875000000002 0.0734375 0.2609375
0 0.95625 0.16640625 0.084375 0.2890625
0 0.421875 0.19453125000000002 0.10312500000000001 0.18906250000000002
0 0.12109375 0.2625 0.0859375 0.225
0 0.49843750000000003 0.26796875000000003 0.065625 0.13593750000000002
