0 0.19687500000000002 0.28828125 0.084375 0.21406250000000002
0 0.578125 0.3203125 0.065625 0.184375
0 0.140625 0.35859375000000004 0.07187500000000001 0.1390625
0 0.5171875 0.37031250000000004 0.065625 0.178125
0 0.8523437500000001 0.39140625 0.1046875 0.11406250000000001
0 0.665625 0.39687500000000003 0.05625 0.184375
0 0.7640625000000001 0.40390625 0.059375000000000004 0.1859375
0 0.6203125 0.40937500000000004 0.065625 0.178125
0 0.728125 0.415625 0.065625 0.18125000000000002
0 0.209375 0.434375 0.0625 0.16562500000000002
0 0.5671875000000001 0.434375 0.059375000000000004 0.153125
0 0.203125 0.04453125 0.096875 0.0890625
0 0.8734375000000001 0.45625000000000004 0.06875 0.184375
0 0.93515625 0.47187500000000004 0.0765625 0.171875
0 0.1625 0.4734375 0.053125000000000006 0.17500000000000002
0 0.25 0.4765625 0.0625 0.17500000000000002
0 0.7000000000000001 0.4921875 0.046875 0.10625000000000001
0 0.7250000000000001 0.5234375 0.037500000000000006 0.07500000000000001
0 0.034375 0.54609375 0.043750000000000004 0.0859375
0 0.20859375000000002 0.5515625000000001 0.0546875 0.13125
0 0.97421875 0.571875 0.0484375 0.19375
0 0.11406250000000001 0.5765625 0.043750000000000004 0.10312500000000001
0 0.29531250000000003 0.58125 0.043750000000000004 0.12812500000000002
0 0.6734375 0.584375 0.046875 0.134375
0 0.35390625000000003 0.584375 0.0546875 0.08125
0 0.6351562500000001 0.5890625 0.045312500000000006 0.078125
0 0.9007812500000001 0.5953125 0.0546875 0.09375
0 0.8078125 0.603125 0.053125000000000006 0.115625
0 0.434375 0.60703125 0.037500000000000006 0.11406250000000001
0 0.46406250000000004 0.6078125000000001 0.018750000000000003 0.09062500000000001
0 0.5 0.0625 0.1 0.125
0 0.078125 0.61640625 0.046875 0.11093750000000001
0 0.2546875 0.6265625 0.05 0.11875000000000001
0 0.85078125 0.06406250000000001 0.1015625 0.12812500000000002
0 0.39687500000000003 0.065625 0.109375 0.13125
0 0.05234375 0.6390625000000001 0.029687500000000002 0.12812500000000002
0 0.8734375000000001 0.63984375 0.040625 0.11093750000000001
0 0.0234375 0.65 0.046875 0.16562500000000002
0 0.37265625 0.65625 0.035937500000000004 0.10625000000000001
0 0.1875 0.659375 0.040625 0.1
0 0.41250000000000003 0.659375 0.043750000000000004 0.115625
0 0.546875 0.659375 0.053125000000000006 0.12812500000000002
0 0.09375 0.659375 0.043750000000000004 0.084375
0 0.21640625000000002 0.659375 0.035937500000000004 0.06875
0 0.6429687500000001 0.6625000000000001 0.0484375 0.13125
0 0.8390625 0.6664062500000001 0.046875 0.13593750000000002
0 0.33437500000000003 0.6703125000000001 0.037500000000000006 0.1
0 0.6046875 0.671875 0.043750000000000004 0.12812500000000002
0 0.1546875 0.6781250000000001 0.040625 0.10625000000000001
0 0.58046875 0.6859375000000001 0.026562500000000003 0.10625000000000001
0 0.12265625000000001 0.06953125 0.0921875 0.1390625
0 0.3140625 0.69453125 0.028125 0.0890625
0 0.35546875 0.6953125 0.035937500000000004 0.1
0 0.1125 0.696875 0.034375 0.078125
0 0.446875 0.6984375 0.025 0.109375
0 0.4734375 0.7000000000000001 0.043750000000000004 0.134375
0 0.51328125 0.7078125000000001 0.045312500000000006 0.13125
0 0.2421875 0.7132812500000001 0.037500000000000006 0.06406250000000001
0 0.8640625000000001 0.7140625 0.034375 0.078125
0 0.6625000000000001 0.7171875000000001 0.034375 0.09375
0 0.38125000000000003 0.7234375000000001 0.025 0.059375000000000004
0 0.7781250000000001 0.7234375000000001 0.040625 0.109375
0 0.19687500000000002 0.7312500000000001 0.034375 0.09375
0 0.7312500000000001 0.73046875 0.037500000000000006 0.11093750000000001
0 0.9656250000000001 0.7312500000000001 0.03125 0.10625000000000001
0 0.30312500000000003 0.7367187500000001 0.025 0.060937500000000006
0 0.421875 0.7367187500000001 0.034375 0.060937500000000006
0 0.99140625 0.7406250000000001 0.0140625 0.10312500000000001
0 0.8203125 0.7468750000000001 0.028125 0.09062500000000001
0 0.9171875 0.74609375 0.037500000000000006 0.11406250000000001
0 0.5671875000000001 0.75390625 0.03125 0.0890625
0 0.5953125 0.75390625 0.03125 0.0890625
0 0.625 0.7546875000000001 0.021875000000000002 0.059375000000000004
0 0.7046875 0.759375 0.03125 0.10625000000000001
0 0.4 0.759375 0.03125 0.06875
0 0.8406250000000001 0.759375 0.021875000000000002 0.07500000000000001
0 0.94296875 0.76171875 0.026562500000000003 0.11093750000000001
0 0.7562500000000001 0.7664062500000001 0.034375 0.11406250000000001
0 0.2984375 0.7679687500000001 0.021875000000000002 0.06406250000000001
0 0.45078125 0.7734375 0.029687500000000002 0.059375000000000004
0 0.6882812500000001 0.7742187500000001 0.029687500000000002 0.11406250000000001
0 0.31640625 0.775 0.026562500000000003 0.084375
0 0.51484375 0.7781250000000001 0.045312500000000006 0.078125
0 0.37421875000000004 0.77890625 0.026562500000000003 0.06406250000000001
0 0.8625 0.77890625 0.025 0.0703125
0 0.9 0.784375 0.034375 0.10625000000000001
0 0.5453125 0.790625 0.034375 0.09062500000000001
0 0.7289062500000001 0.790625 0.029687500000000002 0.08125
0 0.49140625000000004 0.796875 0.026562500000000003 0.065625
0 0.9789062500000001 0.08125 0.0390625 0.15625
0 0.8343750000000001 0.8078125 0.021875000000000002 0.046875
0 0.7828125 0.8109375000000001 0.03125 0.078125
0 0.9609375 0.81640625 0.034375 0.0703125
0 0.93671875 0.828125 0.029687500000000002 0.05625
0 0.8812500000000001 0.90625 0.018750000000000003 0.034375
0 0.90234375 0.9078125 0.026562500000000003 0.040625
0 0.7351562500000001 0.909375 0.0234375 0.034375
0 0.5453125 0.909375 0.021875000000000002 0.03125
0 0.7171875000000001 0.909375 0.015625 0.03125
0 0.63046875 0.9109375000000001 0.0203125 0.034375
0 0.86640625 0.91328125 0.0203125 0.035937500000000004
0 0.9328125 0.9125000000000001 0.018750000000000003 0.046875
0 0.5171875 0.9148437500000001 0.018750000000000003 0.0390625
0 0.4734375 0.9296875 0.018750000000000003 0.046875
0 0.8265625000000001 0.9296875 0.021875000000000002 0.046875
0 0.6234375000000001 0.93125 0.018750000000000003 0.043750000000000004
0 0.43046875 0.9320312500000001 0.0234375 0.06406250000000001
0 0.6875 0.9328125 0.018750000000000003 0.040625
0 0.7109375 0.9328125 0.015625 0.046875
0 0.8093750000000001 0.9328125 0.018750000000000003 0.040625
0 0.4140625 0.9359375000000001 0.018750000000000003 0.05
0 0.6109375 0.9359375000000001 0.015625 0.043750000000000004
0 0.7898437500000001 0.9359375000000001 0.0203125 0.043750000000000004
0 0.640625 0.9398437500000001 0.015625 0.0390625
0 0.4890625 0.9460937500000001 0.018750000000000003 0.035937500000000004
0 0.9203125000000001 0.946875 0.015625 0.046875
0 0.753125 0.9484375 0.021875000000000002 0.046875
0 0.58359375 0.9500000000000001 0.0203125 0.05
0 0.8875000000000001 0.953125 0.0125 0.043750000000000004
0 0.940625 0.95625 0.015625 0.043750000000000004
0 0.8765625 0.9593750000000001 0.0125 0.05
0 0.9031250000000001 0.9593750000000001 0.015625 0.05
0 0.5640625 0.9593750000000001 0.018750000000000003 0.046875
0 0.8656250000000001 0.9609375 0.0125 0.05625
0 0.6843750000000001 0.9632812500000001 0.018750000000000003 0.035937500000000004
0 0.44765625000000003 0.9765625 0.0171875 0.043750000000000004
0 0.42500000000000004 0.9796875 0.015625 0.037500000000000006
0 0.43671875000000004 0.98203125 0.0171875 0.0328125
0 0.7523437500000001 0.10390625 0.1078125 0.2078125
0 0.2890625 0.12890625 0.096875 0.2578125
0 0.78671875 0.1421875 0.08281250000000001 0.184375
0 0.2109375 0.1453125 0.09375 0.25
0 0.51328125 0.15156250000000002 0.1078125 0.21875
0 0.35234375 0.16171875000000002 0.0734375 0.2609375
0 0.95625 0.16640625 0.084375 0.2890625
0 0.421875 0.19453125000000002 0.10312500000000001 0.18906250000000002
0 0.12109375 0.2625 0.0859375 0.225
0 0.49843750000000003 0.26796875000000003 0.065625 0.13593750000000002
