0 0.2265625 0.6023437500000001 0.453125 0.2859375
0 0.30312500000000003 0.19062500000000002 0.3125 0.234375
0 0.5796875 0.10859375 0.39375000000000004 0.2171875
0 0.65234375 0.53828125 0.4234375 0.3015625
0 0.07187500000000001 0.0890625 0.140625 0.178125
0 0.7406250000000001 0.30546875 0.34375 0.2171875
0 0.8484375000000001 0.403125 0.16562500000000002 0.12187500000000001
0 0.8953125000000001 0.6023437500000001 0.19687500000000002 0.1484375
0 0.9304687500000001 0.48046875 0.13593750000000002 0.1546875
0 0.95234375 0.37734375000000003 0.0921875 0.0734375
0 0.09843750000000001 0.9593750000000001 0.134375 0.078125
