0 0.77265625 0.3984375 0.45156250000000003 0.284375
0 0.696875 0.8093750000000001 0.3125 0.234375
0 0.42031250000000003 0.890625 0.39375000000000004 0.215625
0 0.34921875 0.46171875 0.4234375 0.3015625
0 0.92890625 0.91015625 0.1390625 0.1765625
0 0.2609375 0.6960937500000001 0.34375 0.2171875
0 0.15156250000000002 0.59765625 0.16562500000000002 0.1234375
0 0.1046875 0.39921875 0.19687500000000002 0.1484375
0 0.06875 0.51953125 0.1375 0.1546875
0 0.046875 0.62421875 0.09375 0.0734375
0 0.9015625 0.039843750000000004 0.134375 0.07968750000000001
