0 0.6015625 0.2265625 0.284375 0.453125
0 0.19062500000000002 0.30312500000000003 0.234375 0.3125
0 0.10859375 0.5796875 0.2171875 0.39375000000000004
0 0.53828125 0.65234375 0.3015625 0.4234375
0 0.0890625 0.07109375 0.178125 0.1421875
0 0.30546875 0.73984375 0.2171875 0.34218750000000003
0 0.40234375 0.8484375000000001 0.1234375 0.16562500000000002
0 0.6023437500000001 0.8953125000000001 0.1484375 0.19687500000000002
0 0.48046875 0.9304687500000001 0.1546875 0.13593750000000002
0 0.37734375000000003 0.95234375 0.0734375 0.0921875
0 0.9593750000000001 0.09843750000000001 0.078125 0.134375
