0 0.36250000000000004 0.5867187500000001 0.10312500000000001 0.0578125
0 0.3671875 0.45859375 0.1125 0.0578125
0 0.37812500000000004 0.73984375 0.10312500000000001 0.06406250000000001
0 0.39375000000000004 0.675 0.09375 0.046875
0 0.403125 0.6296875000000001 0.08750000000000001 0.037500000000000006
0 0.4078125 0.5453125 0.1125 0.065625
0 0.42734375 0.484375 0.1203125 0.059375000000000004
0 0.45 0.040625 0.1125 0.053125000000000006
0 0.478125 0.5375 0.096875 0.0625
0 0.484375 0.30000000000000004 0.08750000000000001 0.05625
0 0.49375 0.1765625 0.09375 0.037500000000000006
0 0.49531250000000004 0.14375000000000002 0.096875 0.05
0 0.5109375 0.5953125 0.09375 0.040625
0 0.51328125 0.371875 0.07968750000000001 0.046875
0 0.515625 0.5609375 0.09062500000000001 0.037500000000000006
0 0.51875 0.27968750000000003 0.0625 0.034375
0 0.5281250000000001 0.2171875 0.084375 0.046875
0 0.5296875 0.65 0.065625 0.037500000000000006
0 0.54296875 0.05 0.0734375 0.05625
0 0.553125 0.18671875000000002 0.059375000000000004 0.0421875
0 0.56640625 0.3984375 0.07968750000000001 0.040625
0 0.56796875 0.465625 0.0765625 0.05
0 0.57265625 0.5140625 0.0703125 0.043750000000000004
0 0.57421875 0.284375 0.0734375 0.040625
0 0.57734375 0.5640625 0.0734375 0.040625
0 0.5789062500000001 0.23203125000000002 0.0703125 0.035937500000000004
0 0.5953125 0.43671875000000004 0.084375 0.0421875
0 0.60859375 0.70703125 0.0765625 0.035937500000000004
0 0.6359375 0.25078125 0.05 0.035937500000000004
0 0.6468750000000001 0.22734375 0.053125000000000006 0.026562500000000003
0 0.6484375 0.30312500000000003 0.05 0.034375
0 0.1171875 0.26406250000000003 0.1125 0.084375
0 0.14375000000000002 0.18281250000000002 0.146875 0.084375
0 0.18281250000000002 0.36484375 0.109375 0.07968750000000001
0 0.23593750000000002 0.41718750000000004 0.115625 0.08125
0 0.2921875 0.5296875 0.084375 0.07500000000000001
0 0.321875 0.634375 0.09062500000000001 0.078125
0 0.325 0.6953125 0.10312500000000001 0.059375000000000004
