0 0.5867187500000001 0.36250000000000004 0.0578125 0.10312500000000001
0 0.45859375 0.36640625000000004 0.0578125 0.11406250000000001
0 0.73984375 0.37812500000000004 0.06406250000000001 0.10312500000000001
0 0.675 0.39296875000000003 0.046875 0.0921875
0 0.6296875000000001 0.403125 0.037500000000000006 0.08750000000000001
0 0.54453125 0.40703125 0.0671875 0.11406250000000001
0 0.48359375000000004 0.42734375 0.060937500000000006 0.1203125
0 0.040625 0.45 0.053125000000000006 0.1125
0 0.5375 0.478125 0.0625 0.096875
0 0.29921875000000003 0.48359375000000004 0.0546875 0.0859375
0 0.1765625 0.49296875 0.037500000000000006 0.0921875
0 0.14296875 0.49531250000000004 0.051562500000000004 0.096875
0 0.5953125 0.51015625 0.040625 0.0921875
0 0.371875 0.51328125 0.046875 0.07968750000000001
0 0.5609375 0.51484375 0.037500000000000006 0.0890625
0 0.27890625 0.51796875 0.0328125 0.06406250000000001
0 0.2171875 0.5281250000000001 0.046875 0.084375
0 0.65 0.5296875 0.037500000000000006 0.065625
0 0.05 0.54296875 0.05625 0.0734375
0 0.18671875000000002 0.553125 0.0421875 0.059375000000000004
0 0.39765625000000004 0.56640625 0.0390625 0.07968750000000001
0 0.465625 0.56796875 0.05 0.0765625
0 0.51328125 0.57265625 0.045312500000000006 0.0703125
0 0.284375 0.57421875 0.040625 0.0734375
0 0.5640625 0.57734375 0.040625 0.0734375
0 0.23203125000000002 0.5789062500000001 0.035937500000000004 0.0703125
0 0.43671875000000004 0.5953125 0.0421875 0.084375
0 0.70703125 0.60859375 0.035937500000000004 0.0765625
0 0.25078125 0.6359375 0.035937500000000004 0.05
0 0.22734375 0.6468750000000001 0.026562500000000003 0.053125000000000006
0 0.30312500000000003 0.6484375 0.034375 0.05
0 0.26406250000000003 0.11640625 0.084375 0.11406250000000001
0 0.18281250000000002 0.14375000000000002 0.084375 0.146875
0 0.36484375 0.18203125 0.07968750000000001 0.11093750000000001
0 0.41640625000000003 0.23515625 0.08281250000000001 0.1171875
0 0.52890625 0.29140625000000003 0.0765625 0.08281250000000001
0 0.634375 0.321875 0.078125 0.09062500000000001
0 0.69453125 0.325 0.060937500000000006 0.10312500000000001
