0 0.87890625 0.21796875000000002 0.0484375 0.07968750000000001
0 0.0625 0.22265625 0.05 0.0484375
0 0.8539062500000001 0.23671875 0.0421875 0.07968750000000001
0 0.90234375 0.24453125 0.0390625 0.06406250000000001
0 0.2421875 0.25703125 0.05 0.0765625
0 0.94140625 0.26484375 0.0484375 0.0734375
0 0.7390625000000001 0.029687500000000002 0.0625 0.059375000000000004
0 0.7265625 0.28671875 0.043750000000000004 0.0734375
0 0.55625 0.28828125 0.043750000000000004 0.0671875
0 0.30000000000000004 0.28828125 0.043750000000000004 0.0703125
0 0.24375000000000002 0.2984375 0.040625 0.037500000000000006
0 0.5765625 0.30078125 0.037500000000000006 0.0703125
0 0.74140625 0.30781250000000004 0.0390625 0.0625
0 0.22734375 0.31875000000000003 0.035937500000000004 0.065625
0 0.7046875 0.31953125000000004 0.040625 0.045312500000000006
0 0.1703125 0.3203125 0.043750000000000004 0.07187500000000001
0 0.77109375 0.32343750000000004 0.0390625 0.06875
0 0.6265625 0.32421875 0.037500000000000006 0.0671875
0 0.89765625 0.325 0.0421875 0.06875
0 0.65 0.32656250000000003 0.018750000000000003 0.05625
0 0.6000000000000001 0.3328125 0.03125 0.059375000000000004
0 0.6828125 0.33359375 0.03125 0.0328125
0 0.8015625000000001 0.33515625000000004 0.037500000000000006 0.0734375
0 0.5593750000000001 0.33984375 0.03125 0.045312500000000006
0 0.5796875 0.34453125 0.018750000000000003 0.029687500000000002
0 0.8250000000000001 0.35000000000000003 0.043750000000000004 0.0625
0 0.8671875 0.35078125000000004 0.037500000000000006 0.0671875
0 0.7359375 0.35625 0.034375 0.053125000000000006
0 0.17343750000000002 0.36250000000000004 0.05 0.053125000000000006
0 0.7664062500000001 0.36875 0.0421875 0.053125000000000006
0 0.790625 0.375 0.028125 0.034375
0 0.60859375 0.3765625 0.029687500000000002 0.040625
0 0.9375 0.390625 0.025 0.046875
0 0.87421875 0.39375000000000004 0.0328125 0.040625
0 0.909375 0.39296875000000003 0.034375 0.0578125
0 0.01171875 0.39375000000000004 0.0234375 0.065625
0 0.33828125000000003 0.39765625000000004 0.029687500000000002 0.0421875
0 0.6781250000000001 0.39765625000000004 0.021875000000000002 0.0390625
0 0.9593750000000001 0.3984375 0.018750000000000003 0.028125
0 0.040625 0.4 0.037500000000000006 0.05
0 0.9460937500000001 0.41015625 0.026562500000000003 0.029687500000000002
0 0.51015625 0.4109375 0.026562500000000003 0.05
0 0.4390625 0.41171875 0.034375 0.06406250000000001
0 0.3828125 0.415625 0.028125 0.040625
0 0.41250000000000003 0.41718750000000004 0.034375 0.0625
0 0.54609375 0.41796875 0.029687500000000002 0.045312500000000006
0 0.059375000000000004 0.41796875 0.028125 0.0546875
0 0.3140625 0.42109375000000004 0.037500000000000006 0.0390625
0 0.28125 0.42265625 0.03125 0.0421875
0 0.98203125 0.42265625 0.0234375 0.0421875
0 0.36328125 0.4234375 0.0203125 0.053125000000000006
0 0.4921875 0.42734375 0.021875000000000002 0.045312500000000006
0 0.884375 0.42734375 0.028125 0.045312500000000006
0 0.24921875000000002 0.43125 0.035937500000000004 0.037500000000000006
0 0.037500000000000006 0.43359375 0.028125 0.026562500000000003
0 0.21250000000000002 0.434375 0.03125 0.046875
0 0.53125 0.434375 0.015625 0.046875
0 0.7171875000000001 0.434375 0.03125 0.046875
0 0.0140625 0.43671875000000004 0.028125 0.029687500000000002
0 0.17343750000000002 0.44296875 0.028125 0.0421875
0 0.553125 0.44296875 0.021875000000000002 0.0390625
0 0.5703125 0.44375000000000003 0.021875000000000002 0.053125000000000006
0 0.38984375000000004 0.44453125000000004 0.035937500000000004 0.0546875
0 0.19062500000000002 0.44609375 0.018750000000000003 0.0484375
0 0.3171875 0.446875 0.028125 0.034375
0 0.5125000000000001 0.446875 0.025 0.043750000000000004
0 0.81953125 0.4546875 0.0328125 0.05625
0 0.13593750000000002 0.45703125 0.028125 0.051562500000000004
0 0.24453125 0.4609375 0.029687500000000002 0.040625
0 0.28515625 0.4609375 0.029687500000000002 0.046875
0 0.26406250000000003 0.46328125000000003 0.015625 0.0390625
0 0.69140625 0.46328125000000003 0.026562500000000003 0.0421875
0 0.6687500000000001 0.46484375 0.021875000000000002 0.0328125
0 0.047656250000000004 0.47109375000000003 0.029687500000000002 0.0421875
0 0.07500000000000001 0.4765625 0.03125 0.053125000000000006
0 0.34296875000000004 0.47890625000000003 0.029687500000000002 0.0484375
0 0.48984375 0.47968750000000004 0.0234375 0.040625
0 0.1609375 0.47968750000000004 0.03125 0.043750000000000004
0 0.54296875 0.49375 0.0234375 0.034375
0 0.5640625 0.49375 0.018750000000000003 0.03125
0 0.83515625 0.49609375 0.029687500000000002 0.051562500000000004
0 0.36250000000000004 0.49765625 0.025 0.051562500000000004
0 0.37734375000000003 0.49921875000000004 0.0140625 0.0484375
0 0.8078125 0.503125 0.03125 0.05
0 0.043750000000000004 0.5078125 0.021875000000000002 0.043750000000000004
0 0.32656250000000003 0.51015625 0.018750000000000003 0.0421875
0 0.634375 0.5125000000000001 0.025 0.034375
0 0.3046875 0.51328125 0.015625 0.035937500000000004
0 0.27265625 0.51484375 0.0234375 0.0390625
0 0.29140625000000003 0.51484375 0.0171875 0.0390625
0 0.6546875000000001 0.51875 0.021875000000000002 0.034375
0 0.0625 0.5234375 0.03125 0.046875
0 0.08203125 0.52578125 0.0203125 0.045312500000000006
0 0.70625 0.534375 0.025 0.034375
0 0.2578125 0.5398437500000001 0.015625 0.026562500000000003
0 0.23359375000000002 0.5398437500000001 0.0171875 0.0234375
0 0.33125000000000004 0.5398437500000001 0.018750000000000003 0.0234375
0 0.34375 0.5437500000000001 0.0125 0.025
0 0.5921875 0.54609375 0.015625 0.0203125
0 0.55078125 0.5484375 0.0140625 0.028125
0 0.35546875 0.55 0.010937500000000001 0.025
0 0.5632812500000001 0.55078125 0.010937500000000001 0.0203125
0 0.52734375 0.55390625 0.0140625 0.026562500000000003
0 0.5421875 0.55390625 0.0125 0.0234375
0 0.09375 0.5632812500000001 0.025 0.0546875
0 0.6875 0.057031250000000006 0.046875 0.0765625
0 0.032031250000000004 0.09531250000000001 0.0578125 0.084375
0 0.65390625 0.109375 0.0421875 0.096875
0 0.234375 0.11015625000000001 0.037500000000000006 0.0859375
0 0.19765625 0.115625 0.060937500000000006 0.08750000000000001
0 0.265625 0.12265625000000001 0.05625 0.09843750000000001
0 0.12109375 0.125 0.0328125 0.09062500000000001
0 0.14453125 0.1328125 0.0546875 0.08125
0 0.371875 0.13593750000000002 0.037500000000000006 0.046875
0 0.6960937500000001 0.13984375000000002 0.0671875 0.1046875
0 0.6328125 0.14609375 0.053125000000000006 0.09531250000000001
0 0.29531250000000003 0.15937500000000002 0.065625 0.10312500000000001
0 0.055468750000000004 0.17109375000000002 0.0484375 0.0671875
0 0.39765625000000004 0.18281250000000002 0.0578125 0.10312500000000001
0 0.34609375000000003 0.1859375 0.060937500000000006 0.09375
