0 0.54140625 0.86640625 0.1953125 0.1765625
0 0.3515625 0.84921875 0.171875 0.15781250000000002
0 0.6390625000000001 0.7921875 0.1375 0.12812500000000002
0 0.7609375 0.7703125000000001 0.134375 0.12187500000000001
0 0.8656250000000001 0.6882812500000001 0.16875 0.1546875
0 0.94296875 0.6625000000000001 0.11093750000000001 0.1625
0 0.8070312500000001 0.59609375 0.1765625 0.1390625
0 0.68125 0.5796875 0.15937500000000002 0.15937500000000002
0 0.37578125 0.49296875 0.24531250000000002 0.2015625
0 0.5734375 0.44765625000000003 0.209375 0.1921875
0 0.4578125 0.3484375 0.2 0.134375
0 0.61875 0.3015625 0.2 0.16562500000000002
0 0.546875 0.1859375 0.178125 0.153125
0 0.43281250000000004 0.1484375 0.1625 0.178125
0 0.41640625000000003 0.9109375000000001 0.1953125 0.17500000000000002
0 0.6687500000000001 0.09140625000000001 0.19687500000000002 0.1765625
0 0.55859375 0.08515625 0.1203125 0.0890625
