0 0.46015625000000004 0.86640625 0.1953125 0.1765625
0 0.65 0.84921875 0.171875 0.15781250000000002
0 0.3609375 0.7921875 0.1375 0.12812500000000002
0 0.240625 0.7703125000000001 0.134375 0.12187500000000001
0 0.134375 0.6882812500000001 0.16875 0.1546875
0 0.0578125 0.6625000000000001 0.1125 0.1625
0 0.19296875000000002 0.59609375 0.1765625 0.1390625
0 0.3203125 0.5796875 0.15937500000000002 0.15937500000000002
0 0.62421875 0.49296875 0.24531250000000002 0.2015625
0 0.42812500000000003 0.44765625000000003 0.209375 0.1921875
0 0.5437500000000001 0.3484375 0.2 0.134375
0 0.3828125 0.3015625 0.2 0.16562500000000002
0 0.4546875 0.1859375 0.178125 0.153125
0 0.5671875000000001 0.1484375 0.1625 0.178125
0 0.58515625 0.9109375000000001 0.1953125 0.17500000000000002
0 0.3328125 0.09140625000000001 0.19687500000000002 0.1765625
0 0.44140625 0.08515625 0.1203125 0.0890625
