0 0.54140625 0.13515625 0.1953125 0.1765625
0 0.3515625 0.15234375 0.171875 0.15781250000000002
0 0.6390625000000001 0.2078125 0.1375 0.12812500000000002
0 0.7601562500000001 0.22968750000000002 0.1328125 0.12187500000000001
0 0.8656250000000001 0.31328125 0.16875 0.1546875
0 0.9421875000000001 0.3375 0.1125 0.1625
0 0.8070312500000001 0.40546875000000004 0.1765625 0.1390625
0 0.6804687500000001 0.42031250000000003 0.15781250000000002 0.15937500000000002
0 0.37578125 0.50703125 0.24531250000000002 0.2015625
0 0.57265625 0.55234375 0.2078125 0.1921875
0 0.4578125 0.65234375 0.2 0.13593750000000002
0 0.61875 0.6984375 0.2 0.16562500000000002
0 0.546875 0.8140625 0.178125 0.153125
0 0.43281250000000004 0.8515625 0.1625 0.178125
0 0.41640625000000003 0.08828125 0.1953125 0.1765625
0 0.6687500000000001 0.91015625 0.19687500000000002 0.1765625
0 0.55859375 0.9164062500000001 0.1203125 0.0890625
