0 0.52265625 0.16171875000000002 0.1046875 0.1765625
0 0.69140625 0.2171875 0.1203125 0.24375000000000002
0 0.89609375 0.2625 0.0578125 0.153125
0 0.92734375 0.30625 0.051562500000000004 0.171875
0 0.96015625 0.31093750000000003 0.0765625 0.19687500000000002
0 0.48984375 0.03671875 0.0671875 0.0734375
0 0.70859375 0.36796875 0.0703125 0.1234375
0 0.7914062500000001 0.43046875 0.0859375 0.2015625
0 0.7265625 0.47500000000000003 0.07500000000000001 0.178125
0 0.82421875 0.47578125000000004 0.0734375 0.1703125
0 0.66796875 0.4765625 0.06406250000000001 0.21875
0 0.87421875 0.4765625 0.045312500000000006 0.140625
0 0.5945312500000001 0.49296875 0.1421875 0.2859375
0 0.40625 0.58203125 0.11875000000000001 0.2859375
0 0.51171875 0.5867187500000001 0.1171875 0.2703125
0 0.7054687500000001 0.58984375 0.0765625 0.1015625
0 0.74609375 0.59921875 0.0578125 0.1078125
0 0.72421875 0.67890625 0.060937500000000006 0.1078125
0 0.8445312500000001 0.71875 0.0578125 0.12187500000000001
0 0.56953125 0.08281250000000001 0.1296875 0.16562500000000002
0 0.5140625 0.84140625 0.05 0.13593750000000002
0 0.46171875 0.8460937500000001 0.0734375 0.1390625
0 0.8992187500000001 0.84921875 0.0671875 0.11406250000000001
0 0.6609375000000001 0.9320312500000001 0.07187500000000001 0.1328125
0 0.7562500000000001 0.11015625000000001 0.13125 0.22031250000000002
