0 0.8578125000000001 0.6781250000000001 0.215625 0.41250000000000003
0 0.65 0.6515625 0.16875 0.34687500000000004
0 0.24921875000000002 0.55390625 0.18906250000000002 0.3453125
0 0.48828125 0.54453125 0.20468750000000002 0.3515625
0 0.828125 0.48828125 0.1 0.1546875
0 0.10859375 0.478125 0.1703125 0.403125
0 0.75 0.434375 0.08125 0.134375
0 0.9640625 0.4296875 0.06875 0.16875
0 0.8546875 0.3828125 0.08125 0.08125
0 0.36562500000000003 0.375 0.184375 0.4
0 0.68125 0.359375 0.08125 0.146875
0 0.5140625 0.2890625 0.134375 0.23125
0 0.5828125000000001 0.24375000000000002 0.10312500000000001 0.22187500000000002
0 0.6531250000000001 0.23203125000000002 0.08125 0.1328125
0 0.48359375000000004 0.15625 0.1234375 0.203125
0 0.6421875 0.1484375 0.084375 0.16562500000000002
0 0.278125 0.1265625 0.203125 0.253125
0 0.13046875 0.11796875000000001 0.1796875 0.23593750000000002
0 0.041406250000000006 0.09609375 0.08281250000000001 0.1921875
0 0.6000000000000001 0.0578125 0.084375 0.115625
0 0.52890625 0.05390625 0.0921875 0.1078125
