0 0.8578125000000001 0.321875 0.215625 0.41250000000000003
0 0.65 0.3484375 0.16875 0.34687500000000004
0 0.24921875000000002 0.44765625000000003 0.18906250000000002 0.3453125
0 0.48828125 0.45546875000000003 0.20468750000000002 0.3515625
0 0.828125 0.5125000000000001 0.1 0.153125
0 0.109375 0.521875 0.16875 0.403125
0 0.75 0.5671875000000001 0.08125 0.134375
0 0.9640625 0.5703125 0.06875 0.16875
0 0.8546875 0.61875 0.08125 0.08125
0 0.36562500000000003 0.6265625 0.184375 0.4
0 0.68125 0.6421875 0.08125 0.146875
0 0.5140625 0.7109375 0.134375 0.23125
0 0.5828125000000001 0.7562500000000001 0.10312500000000001 0.22187500000000002
0 0.6531250000000001 0.76953125 0.08125 0.1328125
0 0.48359375000000004 0.8453125 0.1234375 0.203125
0 0.6421875 0.853125 0.084375 0.16562500000000002
0 0.278125 0.87265625 0.203125 0.2515625
0 0.1296875 0.8812500000000001 0.178125 0.234375
0 0.041406250000000006 0.9031250000000001 0.08281250000000001 0.19062500000000002
0 0.6000000000000001 0.94140625 0.084375 0.11406250000000001
0 0.52890625 0.9453125 0.0921875 0.10625000000000001
