0 0.721875 0.24765625000000002 0.125 0.2390625
0 0.22187500000000002 0.26171875 0.10625000000000001 0.2921875
0 0.1453125 0.33046875000000003 0.07500000000000001 0.15156250000000002
0 0.5164062500000001 0.33125000000000004 0.1171875 0.225
0 0.79453125 0.33906250000000004 0.051562500000000004 0.10625000000000001
0 0.33828125000000003 0.359375 0.1453125 0.215625
0 0.07187500000000001 0.3609375 0.096875 0.184375
0 0.628125 0.38671875 0.12812500000000002 0.2515625
0 0.7390625000000001 0.38828125 0.0625 0.0765625
0 0.19687500000000002 0.40156250000000004 0.09062500000000001 0.19687500000000002
0 0.03359375 0.40468750000000003 0.0671875 0.146875
0 0.8140625 0.4578125 0.0625 0.1125
0 0.28125 0.47500000000000003 0.05 0.1
0 0.2390625 0.48281250000000003 0.05 0.10625000000000001
0 0.91328125 0.48203125 0.051562500000000004 0.09843750000000001
0 0.340625 0.4921875 0.043750000000000004 0.08125
0 0.7250000000000001 0.50625 0.046875 0.078125
0 0.48125 0.5078125 0.046875 0.084375
0 0.37031250000000004 0.509375 0.037500000000000006 0.07187500000000001
0 0.509375 0.5234375 0.028125 0.084375
0 0.87421875 0.52890625 0.0546875 0.0765625
0 0.8140625 0.5296875 0.040625 0.078125
0 0.40937500000000004 0.534375 0.040625 0.078125
0 0.46875 0.5437500000000001 0.040625 0.08125
0 0.5984375000000001 0.57578125 0.046875 0.08281250000000001
0 0.5328125 0.5796875 0.025 0.034375
0 0.5671875000000001 0.58828125 0.043750000000000004 0.08281250000000001
0 0.675 0.60859375 0.043750000000000004 0.09843750000000001
0 0.47109375000000003 0.1171875 0.1421875 0.19687500000000002
0 0.94296875 0.1609375 0.11093750000000001 0.31875000000000003
0 0.3296875 0.2015625 0.12812500000000002 0.23750000000000002
