0 0.42500000000000004 0.13359375 0.059375000000000004 0.1015625
0 0.6890625 0.1390625 0.046875 0.08125
0 0.7375 0.13984375000000002 0.05 0.0921875
0 0.48046875 0.16015625 0.06406250000000001 0.1015625
0 0.8796875000000001 0.01640625 0.040625 0.0328125
0 0.65234375 0.171875 0.045312500000000006 0.07500000000000001
0 0.8359375 0.017968750000000002 0.05 0.035937500000000004
0 0.7992187500000001 0.18125000000000002 0.0546875 0.08125
0 0.7546875000000001 0.18203125 0.05625 0.0734375
0 0.3953125 0.18906250000000002 0.0625 0.09375
0 0.7828125 0.0203125 0.053125000000000006 0.040625
0 0.6953125 0.20546875 0.05 0.06406250000000001
0 0.79296875 0.2078125 0.0421875 0.07187500000000001
0 0.5242187500000001 0.21484375 0.0578125 0.11093750000000001
0 0.44453125000000004 0.22187500000000002 0.060937500000000006 0.09375
0 0.625 0.022656250000000003 0.059375000000000004 0.045312500000000006
0 0.7976562500000001 0.23359375000000002 0.045312500000000006 0.0328125
0 0.48828125 0.24531250000000002 0.0484375 0.1
0 0.66796875 0.24609375 0.0546875 0.0890625
0 0.71484375 0.2515625 0.0390625 0.1
0 0.83125 0.25546875 0.034375 0.06406250000000001
0 0.76171875 0.26875 0.0578125 0.08125
0 0.8070312500000001 0.2703125 0.0484375 0.078125
0 0.23671875 0.2859375 0.0671875 0.1
0 0.39375000000000004 0.30859375 0.059375000000000004 0.1046875
0 0.3453125 0.33515625000000004 0.059375000000000004 0.1015625
0 0.7234375000000001 0.35234375 0.0625 0.0703125
0 0.76484375 0.3515625 0.0578125 0.07500000000000001
0 0.9632812500000001 0.35390625000000003 0.0484375 0.06406250000000001
0 0.07968750000000001 0.36015625 0.059375000000000004 0.09843750000000001
0 0.8296875 0.035937500000000004 0.043750000000000004 0.05
0 0.1390625 0.37343750000000003 0.059375000000000004 0.1
0 0.025 0.37812500000000004 0.05 0.06875
0 0.6921875000000001 0.38203125000000004 0.040625 0.0703125
0 0.6585937500000001 0.39140625 0.0484375 0.07968750000000001
0 0.73359375 0.40703125 0.0578125 0.0671875
0 0.98984375 0.43281250000000004 0.0171875 0.07187500000000001
0 0.09843750000000001 0.43828125 0.053125000000000006 0.0734375
0 0.696875 0.44140625 0.046875 0.06406250000000001
0 0.3953125 0.4421875 0.043750000000000004 0.084375
0 0.0078125 0.4546875 0.015625 0.0625
0 0.05078125 0.46171875 0.0546875 0.0921875
0 0.9390625 0.4859375 0.05625 0.07500000000000001
0 0.8773437500000001 0.48828125 0.035937500000000004 0.0578125
0 0.6078125000000001 0.4921875 0.043750000000000004 0.07500000000000001
0 0.07187500000000001 0.49296875 0.040625 0.051562500000000004
0 0.38046875 0.49375 0.051562500000000004 0.09062500000000001
0 0.6507812500000001 0.49765625 0.0546875 0.0859375
0 0.36562500000000003 0.05078125 0.06875 0.1015625
0 0.89609375 0.5085937500000001 0.0484375 0.08281250000000001
0 0.01015625 0.5125000000000001 0.0203125 0.07500000000000001
0 0.05078125 0.51953125 0.0546875 0.0484375
0 0.032031250000000004 0.5390625 0.0421875 0.084375
0 0.29765625 0.54453125 0.0484375 0.0765625
0 0.96796875 0.5453125 0.0578125 0.07187500000000001
0 0.62265625 0.55 0.0421875 0.07187500000000001
0 0.36640625000000004 0.5554687500000001 0.051562500000000004 0.0765625
0 0.5421875 0.5609375 0.034375 0.05625
0 0.5703125 0.56796875 0.043750000000000004 0.06406250000000001
0 0.63984375 0.56875 0.0390625 0.06875
0 0.259375 0.56953125 0.040625 0.0859375
0 0.33984375 0.5789062500000001 0.0484375 0.0765625
0 0.93671875 0.58515625 0.0484375 0.0890625
0 0.9 0.58828125 0.040625 0.0921875
0 0.671875 0.596875 0.043750000000000004 0.08750000000000001
0 0.61875 0.60078125 0.037500000000000006 0.0484375
0 0.29609375 0.60546875 0.0421875 0.06406250000000001
0 0.9945312500000001 0.6117187500000001 0.0078125 0.0734375
0 0.8171875000000001 0.6179687500000001 0.028125 0.0546875
0 0.5867187500000001 0.62109375 0.0328125 0.0484375
0 0.25234375000000003 0.62109375 0.0390625 0.0671875
0 0.54921875 0.62421875 0.045312500000000006 0.0734375
0 0.6429687500000001 0.63828125 0.0421875 0.0734375
0 0.7679687500000001 0.6453125000000001 0.035937500000000004 0.065625
0 0.9593750000000001 0.64609375 0.053125000000000006 0.0765625
0 0.6078125000000001 0.65234375 0.037500000000000006 0.0765625
0 0.56015625 0.66953125 0.035937500000000004 0.051562500000000004
0 0.92734375 0.67109375 0.0546875 0.0859375
0 0.98828125 0.6703125000000001 0.0203125 0.065625
0 0.7992187500000001 0.6781250000000001 0.035937500000000004 0.07187500000000001
0 0.26953125 0.6820312500000001 0.0390625 0.0578125
0 0.7757812500000001 0.69921875 0.029687500000000002 0.0578125
0 0.96484375 0.70078125 0.0421875 0.0671875
0 0.5085937500000001 0.70078125 0.0390625 0.0765625
0 0.54609375 0.70859375 0.0390625 0.0765625
0 0.1859375 0.7109375 0.034375 0.03125
0 0.91171875 0.7203125 0.0328125 0.05625
0 0.83515625 0.72421875 0.026562500000000003 0.0671875
0 0.71875 0.7250000000000001 0.037500000000000006 0.05625
0 0.24765625000000002 0.7273437500000001 0.035937500000000004 0.0765625
0 0.80859375 0.7289062500000001 0.0390625 0.06406250000000001
0 0.22578125000000002 0.7296875 0.026562500000000003 0.084375
0 0.7546875000000001 0.7328125000000001 0.040625 0.07500000000000001
0 0.16796875 0.7367187500000001 0.035937500000000004 0.0671875
0 0.68359375 0.74140625 0.035937500000000004 0.0578125
0 0.44453125000000004 0.7429687500000001 0.026562500000000003 0.0734375
0 0.8921875 0.74921875 0.03125 0.0484375
0 0.48671875000000003 0.7484375000000001 0.035937500000000004 0.0625
0 0.52265625 0.7546875000000001 0.0328125 0.05
0 0.1953125 0.7609375 0.034375 0.07500000000000001
0 0.9304687500000001 0.7734375 0.035937500000000004 0.065625
0 0.8765625 0.7820312500000001 0.034375 0.0703125
0 0.9078125 0.78125 0.034375 0.05
0 0.140625 0.7835937500000001 0.034375 0.0703125
0 0.703125 0.7859375000000001 0.034375 0.07500000000000001
0 0.8445312500000001 0.790625 0.029687500000000002 0.0625
0 0.46796875000000004 0.7921875 0.035937500000000004 0.053125000000000006
0 0.5398437500000001 0.79296875 0.0390625 0.0890625
0 0.50390625 0.7976562500000001 0.0328125 0.0578125
0 0.8929687500000001 0.7984375 0.029687500000000002 0.046875
0 0.7328125000000001 0.80078125 0.037500000000000006 0.0671875
0 0.16562500000000002 0.8015625000000001 0.034375 0.06875
0 0.34453125 0.8171875000000001 0.0328125 0.05
0 0.48984375 0.81796875 0.0328125 0.0578125
0 0.19453125000000002 0.8210937500000001 0.0328125 0.045312500000000006
0 0.3796875 0.8296875 0.028125 0.059375000000000004
0 0.8718750000000001 0.83203125 0.034375 0.051562500000000004
0 0.13593750000000002 0.83203125 0.037500000000000006 0.060937500000000006
0 0.46796875000000004 0.83359375 0.029687500000000002 0.0484375
0 0.24531250000000002 0.8367187500000001 0.021875000000000002 0.0390625
0 0.8992187500000001 0.8375 0.026562500000000003 0.05
0 0.846875 0.8390625 0.034375 0.0625
0 0.22421875000000002 0.8406250000000001 0.029687500000000002 0.046875
0 0.6859375000000001 0.84765625 0.037500000000000006 0.0546875
0 0.353125 0.8523437500000001 0.028125 0.0484375
0 0.15078125 0.85859375 0.029687500000000002 0.0546875
0 0.65390625 0.85859375 0.035937500000000004 0.051562500000000004
0 0.16484375 0.8640625000000001 0.0234375 0.0625
0 0.40234375 0.8640625000000001 0.026562500000000003 0.065625
0 0.8679687500000001 0.8695312500000001 0.035937500000000004 0.051562500000000004
0 0.10625000000000001 0.87109375 0.028125 0.060937500000000006
0 0.284375 0.87421875 0.03125 0.051562500000000004
0 0.30390625000000004 0.8734375000000001 0.0203125 0.059375000000000004
0 0.38046875 0.8757812500000001 0.0328125 0.0484375
0 0.25546875 0.8796875000000001 0.029687500000000002 0.059375000000000004
0 0.6828125 0.88046875 0.034375 0.0421875
0 0.89765625 0.8929687500000001 0.0328125 0.060937500000000006
0 0.13515625 0.8953125000000001 0.0328125 0.05625
0 0.24140625000000002 0.9007812500000001 0.0234375 0.045312500000000006
0 0.39140625 0.90390625 0.026562500000000003 0.0390625
0 0.5625 0.9070312500000001 0.034375 0.0703125
0 0.49375 0.9078125 0.028125 0.059375000000000004
0 0.2765625 0.91015625 0.025 0.0390625
0 0.8765625 0.91953125 0.037500000000000006 0.06406250000000001
0 0.26406250000000003 0.91953125 0.018750000000000003 0.029687500000000002
0 0.5906250000000001 0.9226562500000001 0.03125 0.035937500000000004
0 0.23203125000000002 0.92734375 0.0140625 0.026562500000000003
0 0.9046875000000001 0.9343750000000001 0.034375 0.037500000000000006
0 0.51171875 0.93359375 0.029687500000000002 0.051562500000000004
0 0.18281250000000002 0.9343750000000001 0.028125 0.046875
0 0.24765625000000002 0.9398437500000001 0.0203125 0.029687500000000002
0 0.20625000000000002 0.9390625 0.021875000000000002 0.043750000000000004
0 0.16640625 0.94296875 0.0171875 0.045312500000000006
0 0.58359375 0.94921875 0.0328125 0.045312500000000006
0 0.15390625000000002 0.96015625 0.0234375 0.0390625
0 0.18984375 0.96640625 0.0234375 0.0390625
0 0.37812500000000004 0.9671875000000001 0.025 0.053125000000000006
0 0.91171875 0.9695312500000001 0.0328125 0.0546875
0 0.21484375 0.97265625 0.0234375 0.0421875
0 0.36015625 0.9734375000000001 0.0171875 0.05
0 0.17109375000000002 0.97421875 0.0140625 0.035937500000000004
0 0.39687500000000003 0.9789062500000001 0.025 0.0390625
0 0.14921875 0.98203125 0.0234375 0.0328125
0 0.421875 0.98359375 0.025 0.029687500000000002
0 0.1703125 0.9851562500000001 0.021875000000000002 0.026562500000000003
0 0.52890625 0.1203125 0.0765625 0.07500000000000001
