0 0.5750000000000001 0.8671875 0.059375000000000004 0.10312500000000001
0 0.31093750000000003 0.8609375 0.046875 0.08125
0 0.26406250000000003 0.8601562500000001 0.05 0.0921875
0 0.5203125000000001 0.8406250000000001 0.0625 0.10312500000000001
0 0.1203125 0.9828125000000001 0.040625 0.03125
0 0.34765625 0.8296875 0.045312500000000006 0.07500000000000001
0 0.1640625 0.9812500000000001 0.05 0.034375
0 0.2015625 0.8203125 0.05625 0.08125
0 0.24531250000000002 0.81796875 0.05625 0.0734375
0 0.6046875 0.8125 0.0625 0.09375
0 0.2171875 0.9789062500000001 0.053125000000000006 0.0390625
0 0.3046875 0.79609375 0.05 0.06406250000000001
0 0.2078125 0.7921875 0.043750000000000004 0.07187500000000001
0 0.4765625 0.7859375000000001 0.05625 0.109375
0 0.55625 0.7781250000000001 0.059375000000000004 0.09375
0 0.3765625 0.9765625 0.059375000000000004 0.043750000000000004
0 0.203125 0.7664062500000001 0.043750000000000004 0.0328125
0 0.5125000000000001 0.7546875000000001 0.05 0.1
0 0.33203125 0.7546875000000001 0.0546875 0.09062500000000001
0 0.28515625 0.7484375000000001 0.0390625 0.1
0 0.1703125 0.7445312500000001 0.034375 0.06406250000000001
0 0.2390625 0.7328125000000001 0.059375000000000004 0.08125
0 0.19375 0.7296875 0.05 0.078125
0 0.7640625000000001 0.7140625 0.065625 0.1
0 0.6062500000000001 0.69140625 0.059375000000000004 0.1046875
0 0.6546875000000001 0.6664062500000001 0.059375000000000004 0.1015625
0 0.2765625 0.6492187500000001 0.0625 0.0703125
0 0.23593750000000002 0.6484375 0.059375000000000004 0.07500000000000001
0 0.03828125 0.64765625 0.0484375 0.06406250000000001
0 0.921875 0.640625 0.059375000000000004 0.096875
0 0.1703125 0.9640625 0.043750000000000004 0.05
0 0.8609375 0.6265625 0.059375000000000004 0.1
0 0.97421875 0.6218750000000001 0.0484375 0.06875
0 0.30781250000000004 0.61875 0.040625 0.07187500000000001
0 0.34296875000000004 0.60859375 0.0484375 0.07968750000000001
0 0.2671875 0.5945312500000001 0.05625 0.0671875
0 0.009375000000000001 0.5671875000000001 0.018750000000000003 0.07187500000000001
0 0.9031250000000001 0.56171875 0.053125000000000006 0.0734375
0 0.30312500000000003 0.56015625 0.046875 0.06406250000000001
0 0.6046875 0.5578125 0.043750000000000004 0.084375
0 0.99140625 0.546875 0.0140625 0.0625
0 0.9500000000000001 0.5390625 0.053125000000000006 0.09062500000000001
0 0.060937500000000006 0.5140625 0.05625 0.07500000000000001
0 0.1234375 0.51328125 0.037500000000000006 0.0578125
0 0.3921875 0.5078125 0.043750000000000004 0.07500000000000001
0 0.9281250000000001 0.50703125 0.040625 0.051562500000000004
0 0.6203125 0.50625 0.05 0.09062500000000001
0 0.35000000000000003 0.50390625 0.05625 0.0859375
0 0.634375 0.9484375 0.06875 0.1
0 0.10390625 0.49140625000000004 0.0484375 0.08281250000000001
0 0.9890625000000001 0.48750000000000004 0.018750000000000003 0.07500000000000001
0 0.94921875 0.48046875 0.0546875 0.0484375
0 0.96875 0.4609375 0.040625 0.084375
0 0.703125 0.45546875000000003 0.05 0.0765625
0 0.0328125 0.4546875 0.059375000000000004 0.07187500000000001
0 0.37890625 0.45 0.0421875 0.07187500000000001
0 0.634375 0.44609375 0.053125000000000006 0.0765625
0 0.4578125 0.4390625 0.034375 0.05625
0 0.4296875 0.43203125000000003 0.043750000000000004 0.06406250000000001
0 0.3609375 0.43281250000000004 0.040625 0.06875
0 0.7406250000000001 0.43046875 0.040625 0.0859375
0 0.6609375000000001 0.42265625 0.05 0.0765625
0 0.06328125 0.415625 0.0484375 0.09062500000000001
0 0.1 0.41250000000000003 0.040625 0.09062500000000001
0 0.328125 0.40468750000000003 0.043750000000000004 0.08750000000000001
0 0.3828125 0.39921875 0.037500000000000006 0.0484375
0 0.7054687500000001 0.39609375 0.0421875 0.06406250000000001
0 0.004687500000000001 0.38984375000000004 0.009375000000000001 0.0734375
0 0.18281250000000002 0.38359375 0.028125 0.0546875
0 0.41328125000000004 0.38046875 0.0328125 0.0484375
0 0.74921875 0.37890625 0.0390625 0.0671875
0 0.45078125 0.37578125 0.045312500000000006 0.0734375
0 0.35703125 0.36171875000000003 0.0421875 0.0734375
0 0.2328125 0.35468750000000004 0.034375 0.065625
0 0.0421875 0.35546875 0.053125000000000006 0.0765625
0 0.39375000000000004 0.3484375 0.037500000000000006 0.078125
0 0.44140625 0.33046875000000003 0.035937500000000004 0.051562500000000004
0 0.07265625 0.33046875000000003 0.0546875 0.0859375
0 0.010937500000000001 0.3296875 0.021875000000000002 0.065625
0 0.20234375000000002 0.321875 0.035937500000000004 0.07187500000000001
0 0.7312500000000001 0.31953125000000004 0.040625 0.0578125
0 0.22421875000000002 0.30234375 0.029687500000000002 0.0578125
0 0.035937500000000004 0.30078125 0.043750000000000004 0.0671875
0 0.49296875 0.29921875000000003 0.0390625 0.0765625
0 0.4546875 0.2921875 0.040625 0.078125
0 0.8140625 0.2890625 0.034375 0.03125
0 0.0890625 0.27968750000000003 0.03125 0.05625
0 0.16640625 0.2765625 0.026562500000000003 0.065625
0 0.28125 0.2765625 0.037500000000000006 0.05625
0 0.753125 0.27421875 0.037500000000000006 0.0765625
0 0.19140625 0.27187500000000003 0.0390625 0.065625
0 0.7757812500000001 0.2703125 0.026562500000000003 0.084375
0 0.24531250000000002 0.2671875 0.040625 0.07500000000000001
0 0.8328125000000001 0.26406250000000003 0.037500000000000006 0.065625
0 0.3171875 0.25859375 0.037500000000000006 0.0578125
0 0.55625 0.25703125 0.028125 0.0734375
0 0.1078125 0.25234375000000003 0.03125 0.0484375
0 0.51328125 0.2515625 0.035937500000000004 0.0625
0 0.478125 0.246875 0.03125 0.05
0 0.8046875 0.240625 0.034375 0.07500000000000001
0 0.0703125 0.2265625 0.034375 0.065625
0 0.125 0.21953125 0.034375 0.0703125
0 0.09375 0.21875 0.034375 0.05
0 0.8609375 0.21796875000000002 0.034375 0.0703125
0 0.296875 0.21406250000000002 0.034375 0.07500000000000001
0 0.15625 0.2109375 0.03125 0.0625
0 0.5328125 0.2078125 0.037500000000000006 0.053125000000000006
0 0.4609375 0.20703125 0.037500000000000006 0.0890625
0 0.496875 0.20234375000000002 0.034375 0.0578125
0 0.1078125 0.2015625 0.028125 0.046875
0 0.2671875 0.20078125000000002 0.037500000000000006 0.0671875
0 0.8343750000000001 0.2 0.034375 0.06875
0 0.65625 0.18281250000000002 0.034375 0.05
0 0.51171875 0.18359375 0.0328125 0.0578125
0 0.80625 0.18046875 0.03125 0.045312500000000006
0 0.6203125 0.1703125 0.028125 0.059375000000000004
0 0.12812500000000002 0.16796875 0.034375 0.051562500000000004
0 0.8656250000000001 0.16796875 0.037500000000000006 0.060937500000000006
0 0.5320312500000001 0.16718750000000002 0.029687500000000002 0.046875
0 0.7546875000000001 0.16328125000000002 0.021875000000000002 0.0390625
0 0.10234375000000001 0.1625 0.026562500000000003 0.05
0 0.1546875 0.1609375 0.034375 0.0625
0 0.77734375 0.15937500000000002 0.029687500000000002 0.046875
0 0.3140625 0.15234375 0.037500000000000006 0.0546875
0 0.6468750000000001 0.14921875 0.028125 0.0484375
0 0.8500000000000001 0.14296875 0.028125 0.0546875
0 0.34609375000000003 0.14296875 0.035937500000000004 0.051562500000000004
0 0.8367187500000001 0.13593750000000002 0.0234375 0.0625
0 0.59765625 0.13593750000000002 0.026562500000000003 0.065625
0 0.13359375 0.13046875 0.035937500000000004 0.051562500000000004
0 0.89375 0.1296875 0.028125 0.059375000000000004
0 0.7156250000000001 0.12734375 0.03125 0.051562500000000004
0 0.6960937500000001 0.1265625 0.0203125 0.059375000000000004
0 0.6203125 0.12421875 0.03125 0.0484375
0 0.7453125 0.1203125 0.028125 0.059375000000000004
0 0.3171875 0.1203125 0.034375 0.040625
0 0.10312500000000001 0.10859375 0.034375 0.060937500000000006
0 0.8656250000000001 0.10625000000000001 0.034375 0.05625
0 0.7601562500000001 0.10078125 0.0234375 0.045312500000000006
0 0.609375 0.09765625 0.028125 0.0390625
0 0.4375 0.09375 0.034375 0.07187500000000001
0 0.50625 0.0921875 0.028125 0.059375000000000004
0 0.7250000000000001 0.09140625000000001 0.025 0.0390625
0 0.1234375 0.08046875 0.037500000000000006 0.06406250000000001
0 0.7359375 0.08125 0.018750000000000003 0.028125
0 0.40937500000000004 0.078125 0.03125 0.034375
0 0.76875 0.07421875 0.015625 0.026562500000000003
0 0.09531250000000001 0.0671875 0.034375 0.037500000000000006
0 0.4890625 0.0671875 0.03125 0.053125000000000006
0 0.8171875000000001 0.065625 0.028125 0.046875
0 0.75390625 0.06171875 0.0203125 0.029687500000000002
0 0.7953125000000001 0.060937500000000006 0.021875000000000002 0.043750000000000004
0 0.8343750000000001 0.0578125 0.018750000000000003 0.046875
0 0.41796875 0.051562500000000004 0.0328125 0.046875
0 0.846875 0.041406250000000006 0.021875000000000002 0.0390625
0 0.81015625 0.034375 0.0234375 0.040625
0 0.6234375000000001 0.0328125 0.025 0.053125000000000006
0 0.0890625 0.03125 0.03125 0.053125000000000006
0 0.78515625 0.02734375 0.0234375 0.0421875
0 0.640625 0.028125 0.018750000000000003 0.05
0 0.8296875 0.02734375 0.015625 0.035937500000000004
0 0.603125 0.0203125 0.025 0.040625
0 0.8515625 0.0171875 0.025 0.034375
0 0.578125 0.015625 0.025 0.03125
0 0.8296875 0.0140625 0.021875000000000002 0.028125
0 0.47187500000000004 0.8796875000000001 0.078125 0.07500000000000001
