0 0.690625 0.25234375000000003 0.12812500000000002 0.23593750000000002
0 0.32734375000000004 0.30312500000000003 0.1609375 0.25625000000000003
0 0.06015625 0.32890625 0.0890625 0.1921875
0 0.74921875 0.35234375 0.1640625 0.3015625
0 0.02734375 0.36875 0.0546875 0.275
0 0.5476562500000001 0.40859375000000003 0.1453125 0.2671875
0 0.2671875 0.45 0.171875 0.29375
0 0.9484375 0.45859375 0.1 0.2734375
0 0.022656250000000003 0.4921875 0.045312500000000006 0.14375000000000002
0 0.015625 0.6000000000000001 0.03125 0.09062500000000001
0 0.7664062500000001 0.64375 0.1859375 0.34375
0 0.36015625 0.68125 0.1546875 0.3125
0 0.60546875 0.69296875 0.2109375 0.38906250000000003
0 0.046875 0.7406250000000001 0.08125 0.146875
0 0.22187500000000002 0.7429687500000001 0.178125 0.37031250000000004
0 0.4625 0.74375 0.178125 0.35000000000000003
0 0.09765625 0.8171875000000001 0.0546875 0.140625
0 0.13359375 0.8187500000000001 0.060937500000000006 0.140625
0 0.037500000000000006 0.82421875 0.046875 0.0734375
0 0.7312500000000001 0.8406250000000001 0.10625000000000001 0.125
0 0.65546875 0.88828125 0.0921875 0.1078125
0 0.553125 0.90390625 0.10625000000000001 0.09843750000000001
0 0.25546875 0.9320312500000001 0.07968750000000001 0.07968750000000001
0 0.13046875 0.9343750000000001 0.051562500000000004 0.07500000000000001
