0 0.31093750000000003 0.25234375000000003 0.12812500000000002 0.23593750000000002
0 0.6734375 0.30312500000000003 0.1625 0.25625000000000003
0 0.940625 0.3296875 0.08750000000000001 0.19375
0 0.2515625 0.353125 0.1625 0.30312500000000003
0 0.971875 0.36875 0.053125000000000006 0.275
0 0.453125 0.40937500000000004 0.146875 0.26875
0 0.7328125000000001 0.45 0.171875 0.29375
0 0.051562500000000004 0.45859375 0.1 0.2734375
0 0.9765625 0.4921875 0.043750000000000004 0.14375000000000002
0 0.98359375 0.6000000000000001 0.029687500000000002 0.09062500000000001
0 0.234375 0.64375 0.1875 0.34375
0 0.640625 0.68125 0.153125 0.3125
0 0.39609375 0.69296875 0.2109375 0.38906250000000003
0 0.953125 0.7406250000000001 0.08125 0.146875
0 0.7781250000000001 0.74375 0.178125 0.36875
0 0.5390625 0.74375 0.178125 0.35000000000000003
0 0.9031250000000001 0.8171875000000001 0.053125000000000006 0.140625
0 0.86640625 0.8187500000000001 0.060937500000000006 0.140625
0 0.9640625 0.82421875 0.046875 0.0734375
0 0.26875 0.8406250000000001 0.10625000000000001 0.125
0 0.3453125 0.88828125 0.09375 0.1078125
0 0.44843750000000004 0.90390625 0.10625000000000001 0.09843750000000001
0 0.74609375 0.9320312500000001 0.07968750000000001 0.07968750000000001
0 0.8703125 0.9343750000000001 0.05 0.07500000000000001
