0 0.64765625 0.3828125 0.0921875 0.065625
0 0.8695312500000001 0.51328125 0.0765625 0.0578125
0 0.80859375 0.5328125 0.0765625 0.06875
0 0.48750000000000004 0.5945312500000001 0.153125 0.1203125
0 0.44375000000000003 0.675 0.109375 0.09062500000000001
0 0.31796875 0.6820312500000001 0.09843750000000001 0.09843750000000001
0 0.56015625 0.68359375 0.15781250000000002 0.1171875
0 0.40546875000000004 0.69140625 0.09843750000000001 0.1015625
0 0.5359375000000001 0.80390625 0.13125 0.1234375
0 0.52734375 0.19843750000000002 0.11406250000000001 0.084375
0 0.7132812500000001 0.21484375 0.1046875 0.09531250000000001
0 0.3140625 0.26328125 0.125 0.0765625
0 0.521875 0.2765625 0.115625 0.07187500000000001
0 0.38515625000000003 0.29453125 0.11406250000000001 0.0734375
