0 0.6484375 0.61875 0.09375 0.065625
0 0.8695312500000001 0.48828125 0.0765625 0.0578125
0 0.80859375 0.46718750000000003 0.0765625 0.06875
0 0.48750000000000004 0.40546875000000004 0.153125 0.1203125
0 0.44375000000000003 0.32656250000000003 0.109375 0.09062500000000001
0 0.31796875 0.31796875 0.09843750000000001 0.09843750000000001
0 0.5609375 0.3171875 0.15937500000000002 0.115625
0 0.40546875000000004 0.31015625 0.09843750000000001 0.1015625
0 0.5359375000000001 0.19609375 0.13125 0.1234375
0 0.5281250000000001 0.8015625000000001 0.115625 0.084375
0 0.7140625 0.7859375000000001 0.10312500000000001 0.09375
0 0.3140625 0.7367187500000001 0.125 0.0765625
0 0.521875 0.7234375000000001 0.115625 0.07187500000000001
0 0.38593750000000004 0.70625 0.115625 0.07187500000000001
