0 0.7406250000000001 0.7125 0.15937500000000002 0.078125
0 0.690625 0.5640625 0.08125 0.065625
0 0.6046875 0.634375 0.146875 0.078125
0 0.5921875 0.278125 0.209375 0.109375
0 0.58203125 0.43281250000000004 0.23593750000000002 0.1125
0 0.571875 0.1765625 0.21250000000000002 0.1125
0 0.5171875 0.515625 0.215625 0.096875
0 0.503125 0.609375 0.23750000000000002 0.115625
0 0.45546875000000003 0.3828125 0.23593750000000002 0.125
0 0.434375 0.46718750000000003 0.12812500000000002 0.06875
0 0.42421875000000003 0.27265625 0.1203125 0.060937500000000006
0 0.371875 0.33125000000000004 0.12187500000000001 0.05625
0 0.34218750000000003 0.9031250000000001 0.078125 0.07500000000000001
0 0.33437500000000003 0.19062500000000002 0.125 0.065625
0 0.33359375 0.29453125 0.0890625 0.051562500000000004
0 0.33046875000000003 0.8289062500000001 0.1265625 0.0734375
0 0.32734375000000004 0.6328125 0.11093750000000001 0.059375000000000004
0 0.321875 0.26875 0.09375 0.05625
0 0.321875 0.04296875 0.146875 0.0765625
0 0.321875 0.1125 0.125 0.06875
0 0.31640625 0.56953125 0.11093750000000001 0.060937500000000006
0 0.2890625 0.5296875 0.096875 0.043750000000000004
0 0.2703125 0.7421875 0.09062500000000001 0.05
0 0.265625 0.4890625 0.1125 0.05625
0 0.2109375 0.184375 0.084375 0.05
0 0.19765625 0.521875 0.1046875 0.043750000000000004
0 0.17109375000000002 0.1421875 0.09531250000000001 0.043750000000000004
0 0.14296875 0.565625 0.1046875 0.046875
0 0.10078125 0.61484375 0.1046875 0.0546875
0 0.08203125 0.8671875 0.1046875 0.059375000000000004
0 0.06406250000000001 0.6515625 0.10625000000000001 0.046875
0 0.035937500000000004 0.87890625 0.07187500000000001 0.0484375
0 0.035937500000000004 0.9226562500000001 0.07187500000000001 0.051562500000000004
0 0.8875000000000001 0.0578125 0.11875000000000001 0.084375
0 0.8812500000000001 0.11796875000000001 0.1 0.060937500000000006
0 0.8578125000000001 0.017968750000000002 0.146875 0.035937500000000004
0 0.8187500000000001 0.7796875000000001 0.16562500000000002 0.09375
