0 0.2609375 0.7125 0.15937500000000002 0.078125
0 0.31093750000000003 0.5640625 0.08125 0.065625
0 0.3953125 0.634375 0.146875 0.078125
0 0.40937500000000004 0.278125 0.209375 0.109375
0 0.41796875 0.43281250000000004 0.23593750000000002 0.1125
0 0.4296875 0.1765625 0.21250000000000002 0.1125
0 0.484375 0.515625 0.215625 0.096875
0 0.496875 0.609375 0.23750000000000002 0.115625
0 0.54453125 0.3828125 0.23593750000000002 0.125
0 0.5671875000000001 0.46718750000000003 0.12812500000000002 0.06875
0 0.57578125 0.27265625 0.1203125 0.060937500000000006
0 0.628125 0.33125000000000004 0.12187500000000001 0.05625
0 0.659375 0.9031250000000001 0.078125 0.07500000000000001
0 0.6671875 0.19062500000000002 0.125 0.065625
0 0.6664062500000001 0.29453125 0.0890625 0.051562500000000004
0 0.67109375 0.8289062500000001 0.1265625 0.0734375
0 0.6742187500000001 0.6328125 0.11093750000000001 0.059375000000000004
0 0.6781250000000001 0.26875 0.09375 0.05625
0 0.6781250000000001 0.04296875 0.146875 0.0765625
0 0.6781250000000001 0.1125 0.125 0.06875
0 0.68515625 0.56953125 0.11093750000000001 0.060937500000000006
0 0.7109375 0.5296875 0.096875 0.043750000000000004
0 0.7296875 0.7421875 0.09062500000000001 0.05
0 0.734375 0.4890625 0.1125 0.05625
0 0.7890625 0.184375 0.084375 0.05
0 0.80390625 0.521875 0.1046875 0.043750000000000004
0 0.8304687500000001 0.1421875 0.09531250000000001 0.043750000000000004
0 0.85703125 0.565625 0.1046875 0.046875
0 0.8992187500000001 0.61484375 0.1046875 0.0546875
0 0.91953125 0.8671875 0.1046875 0.059375000000000004
0 0.9359375000000001 0.6515625 0.10625000000000001 0.046875
0 0.9632812500000001 0.87890625 0.0703125 0.0484375
0 0.9632812500000001 0.9226562500000001 0.0703125 0.051562500000000004
0 0.1125 0.0578125 0.11875000000000001 0.084375
0 0.11875000000000001 0.11796875000000001 0.1 0.060937500000000006
0 0.1421875 0.017968750000000002 0.146875 0.035937500000000004
0 0.18125000000000002 0.7796875000000001 0.16562500000000002 0.09375
