0 0.23984375000000002 0.3640625 0.13593750000000002 0.2
0 0.671875 0.38046875 0.2 0.29531250000000003
0 0.828125 0.38593750000000004 0.08750000000000001 0.15625
0 0.38984375000000004 0.40703125 0.1546875 0.26406250000000003
0 0.76171875 0.48984375 0.08281250000000001 0.11406250000000001
0 0.52578125 0.52890625 0.1703125 0.3296875
0 0.7000000000000001 0.5554687500000001 0.096875 0.1046875
0 0.6171875 0.59296875 0.115625 0.2078125
0 0.22265625 0.61640625 0.1921875 0.2890625
0 0.37812500000000004 0.6335937500000001 0.171875 0.2828125
0 0.9070312500000001 0.10703125000000001 0.18281250000000002 0.21406250000000002
0 0.42421875000000003 0.22109375 0.1203125 0.13593750000000002
0 0.4890625 0.3140625 0.115625 0.14375000000000002
