0 0.7601562500000001 0.3640625 0.13593750000000002 0.2
0 0.328125 0.38125000000000003 0.2 0.296875
0 0.171875 0.38593750000000004 0.08750000000000001 0.15625
0 0.6109375 0.40703125 0.153125 0.26406250000000003
0 0.2390625 0.48984375 0.08125 0.11406250000000001
0 0.47500000000000003 0.5296875 0.16875 0.328125
0 0.30000000000000004 0.55625 0.096875 0.10312500000000001
0 0.384375 0.59375 0.115625 0.20625000000000002
0 0.77890625 0.61640625 0.1921875 0.2890625
0 0.6218750000000001 0.634375 0.171875 0.28125
0 0.0921875 0.10703125000000001 0.184375 0.21406250000000002
0 0.57578125 0.22109375 0.1203125 0.13593750000000002
0 0.5125000000000001 0.3140625 0.115625 0.14375000000000002
