0 0.6359375 0.7601562500000001 0.2 0.13593750000000002
0 0.6203125 0.328125 0.296875 0.2
0 0.6140625000000001 0.171875 0.15625 0.08750000000000001
0 0.59296875 0.6109375 0.26406250000000003 0.153125
0 0.51171875 0.2390625 0.11406250000000001 0.08125
0 0.47187500000000004 0.47500000000000003 0.328125 0.16875
0 0.4453125 0.30000000000000004 0.10312500000000001 0.096875
0 0.4078125 0.384375 0.20625000000000002 0.115625
0 0.38359375 0.77890625 0.2890625 0.1921875
0 0.3671875 0.6218750000000001 0.28125 0.171875
0 0.8921875 0.0921875 0.21250000000000002 0.184375
0 0.77890625 0.57578125 0.13593750000000002 0.1203125
0 0.6859375000000001 0.5125000000000001 0.14375000000000002 0.115625
