0 0.67734375 0.18984375 0.1015625 0.18906250000000002
0 0.9281250000000001 0.19687500000000002 0.096875 0.1125
0 0.9703125 0.27578125000000003 0.05625 0.1640625
0 0.6960937500000001 0.30781250000000004 0.0734375 0.08750000000000001
0 0.9164062500000001 0.3296875 0.09843750000000001 0.153125
0 0.60078125 0.3375 0.09843750000000001 0.171875
0 0.69453125 0.3765625 0.08281250000000001 0.13125
0 0.7453125 0.4078125 0.078125 0.115625
0 0.628125 0.43984375000000003 0.084375 0.13593750000000002
0 0.509375 0.4546875 0.084375 0.125
0 0.57578125 0.46406250000000004 0.0671875 0.115625
0 0.6828125 0.46640625 0.05625 0.1015625
0 0.8992187500000001 0.509375 0.0859375 0.115625
0 0.634375 0.51328125 0.05625 0.051562500000000004
0 0.5710937500000001 0.5296875 0.0546875 0.040625
0 0.93515625 0.53671875 0.1015625 0.1390625
0 0.9671875000000001 0.60078125 0.0625 0.1421875
0 0.59609375 0.6125 0.0703125 0.12812500000000002
0 0.5437500000000001 0.6156250000000001 0.09062500000000001 0.140625
0 0.46171875 0.6359375 0.0921875 0.14375000000000002
0 0.90390625 0.6531250000000001 0.07968750000000001 0.11875000000000001
0 0.53359375 0.6984375 0.0734375 0.078125
0 0.45859375 0.7109375 0.0921875 0.0625
0 0.94453125 0.7195312500000001 0.1078125 0.1484375
0 0.36796875 0.80234375 0.07968750000000001 0.1265625
0 0.0421875 0.8054687500000001 0.078125 0.1078125
0 0.478125 0.80625 0.07500000000000001 0.12812500000000002
0 0.8046875 0.08281250000000001 0.109375 0.16562500000000002
0 0.32343750000000004 0.83359375 0.046875 0.1078125
0 0.20390625 0.8460937500000001 0.0671875 0.1015625
0 0.42265625 0.8617187500000001 0.08281250000000001 0.1484375
0 0.0765625 0.8765625 0.07187500000000001 0.12187500000000001
0 0.13984375000000002 0.8914062500000001 0.0734375 0.11406250000000001
0 0.37109375 0.8992187500000001 0.0671875 0.0859375
0 0.26328125 0.8992187500000001 0.0859375 0.1171875
0 0.20703125 0.9171875 0.060937500000000006 0.078125
0 0.76953125 0.18046875 0.1046875 0.1921875
