0 0.19062500000000002 0.32421875 0.19062500000000002 0.1015625
0 0.19687500000000002 0.07187500000000001 0.1125 0.096875
0 0.2765625 0.029687500000000002 0.1625 0.05625
0 0.30781250000000004 0.3046875 0.08750000000000001 0.07500000000000001
0 0.3296875 0.084375 0.153125 0.1
0 0.3375 0.4 0.171875 0.096875
0 0.3765625 0.30625 0.13125 0.084375
0 0.4078125 0.2546875 0.115625 0.078125
0 0.44062500000000004 0.371875 0.134375 0.084375
0 0.4546875 0.49062500000000003 0.125 0.084375
0 0.46406250000000004 0.42421875000000003 0.115625 0.0671875
0 0.46718750000000003 0.3171875 0.1 0.05625
0 0.509375 0.10234375000000001 0.115625 0.0859375
0 0.51328125 0.36562500000000003 0.051562500000000004 0.05625
0 0.5296875 0.42890625000000004 0.040625 0.0546875
0 0.53671875 0.06640625 0.1390625 0.1015625
0 0.60078125 0.032031250000000004 0.1421875 0.06406250000000001
0 0.6125 0.40390625 0.12812500000000002 0.0703125
0 0.6156250000000001 0.4578125 0.140625 0.09062500000000001
0 0.6359375 0.53828125 0.14375000000000002 0.0921875
0 0.6531250000000001 0.096875 0.11875000000000001 0.08125
0 0.6984375 0.46718750000000003 0.078125 0.07500000000000001
0 0.7109375 0.5421875 0.0625 0.09375
0 0.7195312500000001 0.055468750000000004 0.1484375 0.1078125
0 0.8031250000000001 0.6328125 0.125 0.078125
0 0.80625 0.95859375 0.109375 0.07968750000000001
0 0.80625 0.521875 0.12812500000000002 0.07500000000000001
0 0.08281250000000001 0.1953125 0.16562500000000002 0.109375
0 0.8343750000000001 0.67734375 0.109375 0.0484375
0 0.846875 0.7976562500000001 0.10312500000000001 0.0671875
0 0.8617187500000001 0.578125 0.1484375 0.08125
0 0.8765625 0.925 0.12187500000000001 0.07187500000000001
0 0.8914062500000001 0.8601562500000001 0.11406250000000001 0.0734375
0 0.8992187500000001 0.62890625 0.0859375 0.0671875
0 0.9 0.73828125 0.11875000000000001 0.0859375
0 0.9171875 0.7937500000000001 0.078125 0.0625
0 0.18046875 0.23046875 0.1921875 0.1046875
