0 0.9539062500000001 0.22187500000000002 0.0890625 0.21250000000000002
0 0.690625 0.22421875000000002 0.12187500000000001 0.2109375
0 0.0421875 0.22812500000000002 0.084375 0.22187500000000002
0 0.878125 0.23750000000000002 0.109375 0.225
0 0.18828125 0.23828125 0.11093750000000001 0.21406250000000002
0 0.7625000000000001 0.240625 0.09062500000000001 0.209375
0 0.8226562500000001 0.24609375 0.0390625 0.2328125
0 0.09140625000000001 0.259375 0.11406250000000001 0.21875
0 0.28359375000000003 0.29140625000000003 0.0703125 0.09531250000000001
0 0.13515625 0.32656250000000003 0.0765625 0.11875000000000001
0 0.40937500000000004 0.33046875000000003 0.07500000000000001 0.13593750000000002
0 0.3515625 0.34375 0.07500000000000001 0.125
0 0.65390625 0.34609375000000003 0.0765625 0.1203125
0 0.240625 0.34687500000000004 0.07187500000000001 0.10625000000000001
0 0.8148437500000001 0.3640625 0.07968750000000001 0.10625000000000001
0 0.56875 0.36484375 0.05625 0.1078125
0 0.31796875 0.38984375000000004 0.06406250000000001 0.1203125
0 0.42890625000000004 0.040625 0.1046875 0.08125
0 0.6468750000000001 0.4 0.07500000000000001 0.14375000000000002
0 0.69140625 0.40078125000000003 0.045312500000000006 0.11406250000000001
0 0.49296875 0.41015625 0.0703125 0.1296875
0 0.59140625 0.41250000000000003 0.0671875 0.134375
0 0.26875 0.415625 0.0625 0.13125
0 0.09843750000000001 0.41875 0.053125000000000006 0.09375
0 0.18515625000000002 0.42500000000000004 0.06406250000000001 0.140625
0 0.8914062500000001 0.42500000000000004 0.0703125 0.12187500000000001
0 0.034375 0.42890625000000004 0.065625 0.1328125
0 0.98203125 0.434375 0.0328125 0.125
0 0.23125 0.4375 0.059375000000000004 0.1125
0 0.15234375 0.4375 0.035937500000000004 0.10312500000000001
0 0.5265625 0.4390625 0.05625 0.13125
0 0.83515625 0.46484375 0.0671875 0.1171875
0 0.09921875000000001 0.48046875 0.051562500000000004 0.0734375
0 0.4625 0.484375 0.059375000000000004 0.08750000000000001
0 0.2 0.48750000000000004 0.034375 0.06875
0 0.7523437500000001 0.48750000000000004 0.0484375 0.08750000000000001
0 0.6414062500000001 0.48828125 0.0671875 0.11406250000000001
0 0.9281250000000001 0.49453125000000003 0.059375000000000004 0.1015625
0 0.278125 0.5 0.05 0.08750000000000001
0 0.5578125 0.5007812500000001 0.05 0.09843750000000001
0 0.34296875000000004 0.50234375 0.0234375 0.0671875
0 0.5945312500000001 0.50234375 0.0484375 0.0921875
0 0.021875000000000002 0.503125 0.028125 0.043750000000000004
0 0.15703125 0.50625 0.0484375 0.07500000000000001
0 0.5625 0.50625 0.040625 0.084375
0 0.421875 0.51171875 0.046875 0.09843750000000001
0 0.7117187500000001 0.51796875 0.0421875 0.0484375
0 0.63828125 0.053125000000000006 0.1390625 0.10625000000000001
0 0.209375 0.525 0.043750000000000004 0.065625
0 0.31640625 0.52578125 0.0421875 0.0890625
0 0.9703125 0.5296875 0.043750000000000004 0.1125
0 0.0125 0.53125 0.025 0.05625
0 0.2390625 0.5359375000000001 0.037500000000000006 0.0625
0 0.49921875000000004 0.53515625 0.0484375 0.0921875
0 0.09062500000000001 0.53671875 0.03125 0.060937500000000006
0 0.45937500000000003 0.5375 0.037500000000000006 0.059375000000000004
0 0.03125 0.5390625 0.025 0.05625
0 0.9359375000000001 0.05390625 0.125 0.1078125
0 0.390625 0.54140625 0.05 0.0671875
0 0.171875 0.5437500000000001 0.028125 0.05625
0 0.8929687500000001 0.5476562500000001 0.0578125 0.1046875
0 0.553125 0.54921875 0.043750000000000004 0.06406250000000001
0 0.06484375 0.55078125 0.0234375 0.0484375
0 0.1375 0.553125 0.03125 0.05
0 0.596875 0.55625 0.040625 0.0625
0 0.1203125 0.56015625 0.03125 0.0546875
0 0.3046875 0.56171875 0.034375 0.051562500000000004
0 0.27968750000000003 0.5625 0.021875000000000002 0.040625
0 0.040625 0.565625 0.021875000000000002 0.034375
0 0.25859375 0.56796875 0.0234375 0.0390625
0 0.70625 0.56875 0.03125 0.05625
0 0.15546875000000002 0.56796875 0.0171875 0.0390625
0 0.9304687500000001 0.56953125 0.045312500000000006 0.0765625
0 0.3671875 0.571875 0.03125 0.0625
0 0.7296875 0.5710937500000001 0.028125 0.045312500000000006
0 0.47109375000000003 0.571875 0.0328125 0.034375
0 0.21171875 0.57578125 0.0328125 0.035937500000000004
0 0.8367187500000001 0.578125 0.026562500000000003 0.05
0 0.23750000000000002 0.578125 0.018750000000000003 0.034375
0 0.5453125 0.5789062500000001 0.037500000000000006 0.0546875
0 0.6703125000000001 0.5789062500000001 0.028125 0.0578125
0 0.6875 0.58046875 0.021875000000000002 0.060937500000000006
0 0.63046875 0.58203125 0.035937500000000004 0.060937500000000006
0 0.41796875 0.58359375 0.0328125 0.0578125
0 0.9773437500000001 0.584375 0.029687500000000002 0.046875
0 0.57734375 0.58984375 0.029687500000000002 0.0578125
0 0.6109375 0.59140625 0.025 0.0671875
0 0.2265625 0.5945312500000001 0.021875000000000002 0.026562500000000003
0 0.496875 0.5945312500000001 0.028125 0.0390625
0 0.18203125 0.59609375 0.026562500000000003 0.0421875
0 0.31953125000000004 0.59609375 0.0234375 0.0546875
0 0.290625 0.59765625 0.025 0.0203125
0 0.4703125 0.5984375000000001 0.025 0.025
0 0.34375 0.60078125 0.021875000000000002 0.0390625
0 0.5125000000000001 0.60078125 0.021875000000000002 0.0390625
0 0.9453125 0.6023437500000001 0.018750000000000003 0.0328125
0 0.10234375000000001 0.603125 0.026562500000000003 0.037500000000000006
0 0.15546875000000002 0.603125 0.0234375 0.034375
0 0.2765625 0.60703125 0.018750000000000003 0.035937500000000004
0 0.1296875 0.60703125 0.025 0.0390625
0 0.26171875 0.6101562500000001 0.0234375 0.0328125
0 0.39453125 0.6156250000000001 0.026562500000000003 0.05
0 0.48046875 0.6156250000000001 0.026562500000000003 0.037500000000000006
0 0.7796875000000001 0.61484375 0.028125 0.0421875
0 0.9750000000000001 0.61484375 0.021875000000000002 0.0328125
0 0.534375 0.6156250000000001 0.025 0.034375
0 0.86484375 0.61875 0.0171875 0.034375
0 0.29765625 0.62109375 0.0203125 0.029687500000000002
0 0.31953125000000004 0.06640625 0.1421875 0.1328125
0 0.5320312500000001 0.10625000000000001 0.1203125 0.21250000000000002
0 0.2390625 0.11015625000000001 0.1375 0.22031250000000002
0 0.36640625000000004 0.15625 0.1421875 0.19375
0 0.5078125 0.171875 0.08750000000000001 0.18125000000000002
