0 0.20468750000000002 0.17500000000000002 0.22812500000000002 0.140625
0 0.21875 0.2765625 0.21875 0.13125
0 0.3328125 0.596875 0.2 0.14375000000000002
0 0.4296875 0.696875 0.19375 0.125
0 0.44765625000000003 0.5859375 0.06406250000000001 0.11875000000000001
0 0.5453125 0.484375 0.1875 0.125
0 0.5515625000000001 0.55 0.1625 0.07187500000000001
0 0.5640625 0.7765625 0.184375 0.125
0 0.5828125000000001 0.275 0.21875 0.153125
0 0.6062500000000001 0.65625 0.17500000000000002 0.10625000000000001
0 0.6125 0.0328125 0.1625 0.065625
0 0.690625 0.340625 0.178125 0.11875000000000001
0 0.7078125000000001 0.4546875 0.140625 0.115625
0 0.728125 0.26953125 0.134375 0.11093750000000001
0 0.79609375 0.96015625 0.24531250000000002 0.0765625
