0 0.8250000000000001 0.20468750000000002 0.140625 0.22812500000000002
0 0.7234375000000001 0.21875 0.13125 0.21875
0 0.40390625 0.3328125 0.1453125 0.2
0 0.30390625000000004 0.4296875 0.1234375 0.19375
0 0.415625 0.44765625000000003 0.11875000000000001 0.06406250000000001
0 0.5171875 0.5453125 0.125 0.1875
0 0.45 0.5515625000000001 0.07187500000000001 0.1625
0 0.2234375 0.5640625 0.125 0.184375
0 0.7250000000000001 0.5828125000000001 0.153125 0.21875
0 0.34453125 0.6062500000000001 0.1078125 0.17500000000000002
0 0.96640625 0.6117187500000001 0.06406250000000001 0.1640625
0 0.66015625 0.6898437500000001 0.1203125 0.1796875
0 0.5453125 0.7078125000000001 0.115625 0.140625
0 0.73046875 0.728125 0.11093750000000001 0.134375
0 0.0390625 0.79609375 0.078125 0.24531250000000002
