0 0.17578125 0.7953125000000001 0.1421875 0.22812500000000002
0 0.2765625 0.78125 0.13125 0.21875
0 0.596875 0.6687500000000001 0.14375000000000002 0.2
0 0.696875 0.571875 0.125 0.19375
0 0.5859375 0.55234375 0.11875000000000001 0.06406250000000001
0 0.484375 0.4546875 0.125 0.1875
0 0.55 0.44843750000000004 0.07187500000000001 0.1625
0 0.7765625 0.43593750000000003 0.125 0.184375
0 0.275 0.41718750000000004 0.153125 0.21875
0 0.65625 0.39375000000000004 0.10625000000000001 0.17500000000000002
0 0.0328125 0.38906250000000003 0.065625 0.1625
0 0.33984375 0.31093750000000003 0.1203125 0.178125
0 0.45546875000000003 0.2921875 0.1171875 0.140625
0 0.26953125 0.2734375 0.11093750000000001 0.134375
0 0.96015625 0.20390625 0.0765625 0.24531250000000002
