0 0.08515625 0.22265625 0.0578125 0.0734375
0 0.6664062500000001 0.246875 0.0859375 0.115625
0 0.6796875 0.33359375 0.0625 0.0734375
0 0.9070312500000001 0.40156250000000004 0.09531250000000001 0.07187500000000001
0 0.9750000000000001 0.40703125 0.046875 0.0890625
0 0.52265625 0.4546875 0.18906250000000002 0.234375
0 0.6296875000000001 0.47187500000000004 0.096875 0.184375
0 0.8953125000000001 0.5234375 0.043750000000000004 0.0625
0 0.9460937500000001 0.55078125 0.0421875 0.0703125
0 0.55234375 0.5765625 0.1046875 0.115625
0 0.9140625 0.5796875 0.043750000000000004 0.05625
0 0.95625 0.6046875 0.05 0.0625
0 0.6015625 0.6218750000000001 0.08125 0.15625
0 0.5484375 0.6671875 0.065625 0.13125
0 0.09062500000000001 0.12812500000000002 0.084375 0.1125
0 0.1546875 0.16562500000000002 0.09062500000000001 0.115625
