0 0.77890625 0.08515625 0.0734375 0.0578125
0 0.7546875000000001 0.6664062500000001 0.115625 0.0859375
0 0.6664062500000001 0.6796875 0.0734375 0.0625
0 0.6000000000000001 0.9070312500000001 0.07187500000000001 0.09531250000000001
0 0.59296875 0.9750000000000001 0.0890625 0.046875
0 0.5453125 0.52265625 0.234375 0.18906250000000002
0 0.5296875 0.6296875000000001 0.184375 0.096875
0 0.478125 0.8953125000000001 0.0625 0.043750000000000004
0 0.45078125 0.9460937500000001 0.0703125 0.0421875
0 0.42500000000000004 0.55234375 0.115625 0.1046875
0 0.42031250000000003 0.9140625 0.05625 0.043750000000000004
0 0.39687500000000003 0.95625 0.0625 0.05
0 0.37812500000000004 0.6015625 0.15625 0.08125
0 0.3328125 0.5484375 0.13125 0.065625
0 0.8718750000000001 0.09062500000000001 0.1125 0.084375
0 0.8343750000000001 0.1546875 0.115625 0.09062500000000001
