0 0.91015625 0.2890625 0.1765625 0.328125
0 0.23593750000000002 0.30859375 0.16562500000000002 0.22031250000000002
0 0.671875 0.36562500000000003 0.184375 0.325
0 0.3515625 0.49140625000000004 0.10625000000000001 0.16718750000000002
0 0.06171875 0.5437500000000001 0.11093750000000001 0.19687500000000002
0 0.95625 0.5671875000000001 0.084375 0.2625
0 0.8562500000000001 0.60859375 0.16562500000000002 0.2734375
0 0.27968750000000003 0.6328125 0.10312500000000001 0.16562500000000002
0 0.33515625000000004 0.65546875 0.0734375 0.1796875
0 0.0484375 0.6804687500000001 0.096875 0.1203125
0 0.1203125 0.7015625000000001 0.07500000000000001 0.12187500000000001
0 0.6585937500000001 0.70234375 0.07968750000000001 0.1859375
0 0.9125000000000001 0.7046875 0.134375 0.15937500000000002
0 0.18281250000000002 0.70625 0.059375000000000004 0.1125
0 0.58515625 0.7140625 0.0890625 0.178125
0 0.21328125 0.73984375 0.0421875 0.11093750000000001
0 0.065625 0.74921875 0.05625 0.08281250000000001
0 0.16328125000000002 0.7578125 0.035937500000000004 0.05
0 0.69296875 0.7742187500000001 0.0703125 0.1328125
0 0.35859375000000004 0.77890625 0.0546875 0.1015625
0 0.796875 0.7937500000000001 0.046875 0.096875
0 0.3015625 0.8015625000000001 0.0625 0.12812500000000002
0 0.7296875 0.80859375 0.08125 0.16718750000000002
0 0.5437500000000001 0.8226562500000001 0.065625 0.11093750000000001
0 0.83125 0.82734375 0.043750000000000004 0.1078125
0 0.12265625000000001 0.82734375 0.0390625 0.07968750000000001
0 0.9578125000000001 0.8304687500000001 0.08125 0.09531250000000001
0 0.7796875000000001 0.8382812500000001 0.065625 0.1703125
0 0.978125 0.8765625 0.040625 0.08750000000000001
0 0.5 0.89453125 0.040625 0.08281250000000001
0 0.8148437500000001 0.16484375 0.18906250000000002 0.31093750000000003
0 0.15234375 0.16875 0.2015625 0.3375
0 0.33906250000000004 0.18828125 0.19062500000000002 0.3453125
