0 0.3796875 0.28671875 0.25 0.2609375
0 0.6000000000000001 0.35000000000000003 0.25 0.278125
0 0.28125 0.4 0.178125 0.23125
0 0.6328125 0.5078125 0.2 0.234375
0 0.4390625 0.53671875 0.2625 0.2703125
0 0.7289062500000001 0.7429687500000001 0.22968750000000002 0.2546875
0 0.3140625 0.7828125 0.15937500000000002 0.246875
0 0.47109375000000003 0.784375 0.21406250000000002 0.26875
0 0.59921875 0.89375 0.23593750000000002 0.209375
0 0.31484375000000003 0.11328125 0.26406250000000003 0.21406250000000002
0 0.5398437500000001 0.12812500000000002 0.2703125 0.225
