0 0.703125 0.50703125 0.23750000000000002 0.2515625
0 0.2859375 0.58125 0.21250000000000002 0.23750000000000002
0 0.56484375 0.609375 0.22968750000000002 0.265625
0 0.45234375000000004 0.6570312500000001 0.1453125 0.15156250000000002
0 0.37734375000000003 0.80234375 0.1703125 0.1953125
0 0.52265625 0.8523437500000001 0.20468750000000002 0.2671875
0 0.24375000000000002 0.2234375 0.21250000000000002 0.246875
0 0.7468750000000001 0.32343750000000004 0.2 0.1625
0 0.265625 0.36640625000000004 0.21250000000000002 0.1328125
0 0.5375 0.4453125 0.15000000000000002 0.1375
