0 0.23671875 0.2609375 0.1234375 0.16875
0 0.1015625 0.2921875 0.12187500000000001 0.184375
0 0.93125 0.0328125 0.11875000000000001 0.065625
0 0.38828125 0.3171875 0.1234375 0.21250000000000002
0 0.12265625000000001 0.3875 0.1421875 0.26875
0 0.63984375 0.446875 0.11406250000000001 0.203125
0 0.45859375 0.521875 0.1546875 0.25625000000000003
0 0.6820312500000001 0.5390625 0.1296875 0.265625
0 0.33828125000000003 0.54140625 0.13593750000000002 0.2421875
0 0.5593750000000001 0.5593750000000001 0.125 0.30625
0 0.29140625000000003 0.584375 0.09531250000000001 0.225
0 0.4140625 0.6375000000000001 0.13125 0.140625
0 0.6078125000000001 0.91953125 0.10625000000000001 0.15781250000000002
0 0.86640625 0.09453125000000001 0.1265625 0.18906250000000002
0 0.6492187500000001 0.9554687500000001 0.1046875 0.0859375
0 0.70625 0.1265625 0.09375 0.15000000000000002
0 0.81171875 0.14375000000000002 0.1265625 0.153125
0 0.78828125 0.22890625 0.1203125 0.1328125
