0 0.23750000000000002 0.7390625000000001 0.12187500000000001 0.16875
0 0.1015625 0.7078125000000001 0.12187500000000001 0.184375
0 0.93125 0.96640625 0.11875000000000001 0.06406250000000001
0 0.38906250000000003 0.6843750000000001 0.125 0.21250000000000002
0 0.12265625000000001 0.6125 0.1421875 0.26875
0 0.640625 0.553125 0.115625 0.203125
0 0.45859375 0.478125 0.1546875 0.25625000000000003
0 0.6828125 0.4625 0.12812500000000002 0.265625
0 0.33906250000000004 0.45937500000000003 0.1375 0.240625
0 0.5593750000000001 0.44062500000000004 0.125 0.30625
0 0.29140625000000003 0.41718750000000004 0.09531250000000001 0.225
0 0.4140625 0.36250000000000004 0.13125 0.140625
0 0.6078125000000001 0.07968750000000001 0.10625000000000001 0.15937500000000002
0 0.8671875 0.90546875 0.125 0.1859375
0 0.6492187500000001 0.043750000000000004 0.1046875 0.08750000000000001
0 0.70625 0.875 0.09375 0.15000000000000002
0 0.8125 0.8562500000000001 0.12812500000000002 0.153125
0 0.7890625 0.77265625 0.12187500000000001 0.1328125
