0 0.8656250000000001 0.32734375000000004 0.08750000000000001 0.2234375
0 0.7859375000000001 0.36015625 0.096875 0.2484375
0 0.3125 0.38125000000000003 0.08125 0.08750000000000001
0 0.22812500000000002 0.415625 0.078125 0.18125000000000002
0 0.39609375 0.44765625000000003 0.07968750000000001 0.1859375
0 0.703125 0.46718750000000003 0.08750000000000001 0.22812500000000002
0 0.47890625000000003 0.48515625 0.1015625 0.23593750000000002
0 0.6156250000000001 0.48984375 0.09375 0.19843750000000002
0 0.5265625 0.49375 0.059375000000000004 0.203125
0 0.625 0.5796875 0.09062500000000001 0.115625
0 0.25234375000000003 0.59375 0.09531250000000001 0.22812500000000002
0 0.3515625 0.6171875 0.09375 0.23125
0 0.446875 0.6312500000000001 0.096875 0.20625000000000002
0 0.140625 0.6859375000000001 0.10625000000000001 0.240625
