0 0.8656250000000001 0.6726562500000001 0.08750000000000001 0.2234375
0 0.7859375000000001 0.63984375 0.096875 0.2484375
0 0.3125 0.61875 0.08125 0.08750000000000001
0 0.22812500000000002 0.584375 0.078125 0.18125000000000002
0 0.39609375 0.55234375 0.07968750000000001 0.1859375
0 0.703125 0.534375 0.08750000000000001 0.22812500000000002
0 0.47890625000000003 0.51484375 0.1015625 0.23593750000000002
0 0.6156250000000001 0.51171875 0.09375 0.19843750000000002
0 0.5265625 0.50625 0.059375000000000004 0.203125
0 0.625 0.42031250000000003 0.09062500000000001 0.115625
0 0.2515625 0.4078125 0.09375 0.22812500000000002
0 0.3515625 0.384375 0.09375 0.23125
0 0.446875 0.36875 0.096875 0.20625000000000002
0 0.140625 0.3140625 0.10625000000000001 0.240625
