0 0.6179687500000001 0.24765625000000002 0.15781250000000002 0.27968750000000003
0 0.7359375 0.2828125 0.15625 0.26875
0 0.16171875000000002 0.3328125 0.1765625 0.30625
0 0.7578125 0.41796875 0.14375000000000002 0.1546875
0 0.6390625000000001 0.453125 0.153125 0.240625
0 0.0390625 0.484375 0.078125 0.21875
0 0.515625 0.5578125 0.11875000000000001 0.253125
0 0.30000000000000004 0.5609375 0.1375 0.265625
0 0.4453125 0.7203125 0.12187500000000001 0.259375
0 0.8 0.7367187500000001 0.134375 0.21406250000000002
0 0.37343750000000003 0.7523437500000001 0.08125 0.22031250000000002
0 0.8875000000000001 0.8046875 0.13125 0.23125
0 0.7562500000000001 0.8421875000000001 0.11875000000000001 0.246875
0 0.26328125 0.14921875 0.1546875 0.27968750000000003
