0 0.24765625000000002 0.3828125 0.27968750000000003 0.15625
0 0.2828125 0.26406250000000003 0.26875 0.15625
0 0.3328125 0.8382812500000001 0.30625 0.1765625
0 0.41796875 0.2421875 0.1546875 0.14375000000000002
0 0.453125 0.3609375 0.240625 0.153125
0 0.484375 0.96015625 0.21875 0.0765625
0 0.5578125 0.484375 0.253125 0.11875000000000001
0 0.5609375 0.7015625000000001 0.265625 0.1375
0 0.7203125 0.5546875 0.259375 0.12187500000000001
0 0.7375 0.2015625 0.21250000000000002 0.134375
0 0.7523437500000001 0.628125 0.22031250000000002 0.08125
0 0.8046875 0.11406250000000001 0.23125 0.13125
0 0.8421875000000001 0.24375000000000002 0.246875 0.11875000000000001
0 0.14921875 0.7367187500000001 0.27968750000000003 0.1546875
