0 0.13515625 0.32734375000000004 0.0859375 0.2234375
0 0.21484375 0.36015625 0.09531250000000001 0.2484375
0 0.6882812500000001 0.38125000000000003 0.08281250000000001 0.08750000000000001
0 0.7734375 0.415625 0.078125 0.18125000000000002
0 0.6039062500000001 0.44765625000000003 0.07968750000000001 0.1859375
0 0.29765625 0.46718750000000003 0.0890625 0.22812500000000002
0 0.52109375 0.48515625 0.1015625 0.23593750000000002
0 0.38515625000000003 0.48984375 0.0921875 0.19843750000000002
0 0.47421875 0.49375 0.0578125 0.203125
0 0.37578125 0.5796875 0.0921875 0.115625
0 0.7484375000000001 0.59375 0.09375 0.22812500000000002
0 0.6492187500000001 0.61640625 0.0921875 0.22968750000000002
0 0.55390625 0.6312500000000001 0.09843750000000001 0.20625000000000002
0 0.8609375 0.6859375000000001 0.10625000000000001 0.240625
