0 0.38203125000000004 0.24765625000000002 0.15781250000000002 0.27968750000000003
0 0.26406250000000003 0.28203125 0.15625 0.2703125
0 0.8382812500000001 0.3328125 0.1765625 0.30625
0 0.2421875 0.41796875 0.14375000000000002 0.1546875
0 0.3609375 0.453125 0.153125 0.240625
0 0.96015625 0.484375 0.0765625 0.21875
0 0.484375 0.5578125 0.11875000000000001 0.253125
0 0.7015625000000001 0.5609375 0.1375 0.265625
0 0.5546875 0.7203125 0.12187500000000001 0.259375
0 0.2015625 0.7367187500000001 0.134375 0.21406250000000002
0 0.6273437500000001 0.7523437500000001 0.08281250000000001 0.22031250000000002
0 0.11328125 0.80390625 0.1328125 0.22968750000000002
0 0.24375000000000002 0.8421875000000001 0.11875000000000001 0.246875
0 0.7367187500000001 0.14921875 0.1546875 0.27968750000000003
