0 0.03125 0.17734375000000002 0.05625 0.2015625
0 0.9671875000000001 0.18515625000000002 0.0625 0.1546875
0 0.890625 0.20078125000000002 0.1375 0.0765625
0 0.49921875000000004 0.0234375 0.1328125 0.046875
0 0.1046875 0.35859375000000004 0.12187500000000001 0.1421875
0 0.209375 0.36562500000000003 0.115625 0.15937500000000002
0 0.63984375 0.0390625 0.1421875 0.078125
0 0.30546875 0.41250000000000003 0.11093750000000001 0.171875
0 0.13046875 0.47890625000000003 0.0921875 0.1234375
0 0.0578125 0.478125 0.1125 0.19375
0 0.953125 0.49296875 0.07187500000000001 0.13593750000000002
0 0.32578125 0.49375 0.09531250000000001 0.2
0 0.8289062500000001 0.52578125 0.1015625 0.1484375
0 0.22812500000000002 0.540625 0.11875000000000001 0.19687500000000002
0 0.6265625 0.5640625 0.10625000000000001 0.1625
0 0.5390625 0.57265625 0.096875 0.1265625
0 0.790625 0.58515625 0.07187500000000001 0.1203125
0 0.8835937500000001 0.6015625 0.09843750000000001 0.178125
0 0.72578125 0.6039062500000001 0.1234375 0.15781250000000002
0 0.02421875 0.6078125000000001 0.0484375 0.11875000000000001
0 0.95703125 0.06171875 0.08281250000000001 0.1234375
0 0.50546875 0.6265625 0.0859375 0.10625000000000001
0 0.94140625 0.6609375000000001 0.07968750000000001 0.16562500000000002
0 0.59765625 0.671875 0.09531250000000001 0.115625
0 0.83515625 0.6820312500000001 0.0921875 0.1640625
0 0.6796875 0.6898437500000001 0.084375 0.11406250000000001
0 0.5398437500000001 0.7015625000000001 0.08281250000000001 0.10312500000000001
0 0.2765625 0.76328125 0.07500000000000001 0.09531250000000001
0 0.36250000000000004 0.76484375 0.065625 0.0890625
0 0.41484375 0.7671875 0.0703125 0.10312500000000001
0 0.9375 0.7796875000000001 0.08125 0.11875000000000001
0 0.609375 0.79296875 0.08750000000000001 0.1484375
0 0.8453125 0.81640625 0.08750000000000001 0.1390625
0 0.31953125000000004 0.8375 0.08281250000000001 0.1375
0 0.39609375 0.8539062500000001 0.0859375 0.1265625
0 0.24375000000000002 0.8671875 0.08750000000000001 0.12187500000000001
0 0.3203125 0.9554687500000001 0.09062500000000001 0.0859375
0 0.61640625 0.95703125 0.0703125 0.08281250000000001
0 0.3921875 0.95859375 0.07500000000000001 0.07968750000000001
0 0.8343750000000001 0.9617187500000001 0.05 0.0671875
0 0.7828125 0.96484375 0.053125000000000006 0.0671875
0 0.9617187500000001 0.96796875 0.0578125 0.060937500000000006
0 0.6742187500000001 0.9671875000000001 0.0484375 0.0625
0 0.88046875 0.1015625 0.1484375 0.203125
0 0.3046875 0.11015625000000001 0.1375 0.2171875
0 0.546875 0.1171875 0.140625 0.234375
