0 0.54296875 0.10390625 0.09843750000000001 0.2078125
0 0.484375 0.029687500000000002 0.08750000000000001 0.059375000000000004
0 0.5789062500000001 0.014843750000000001 0.0703125 0.029687500000000002
0 0.7234375000000001 0.09765625 0.084375 0.1953125
0 0.72421875 0.39687500000000003 0.06406250000000001 0.16562500000000002
0 0.7914062500000001 0.34375 0.0703125 0.16562500000000002
0 0.9171875 0.15156250000000002 0.08125 0.184375
0 0.98046875 0.041406250000000006 0.035937500000000004 0.08281250000000001
0 0.9015625 0.46171875 0.078125 0.1546875
0 0.86640625 0.34687500000000004 0.0671875 0.125
0 0.7734375 0.515625 0.078125 0.16562500000000002
0 0.7156250000000001 0.46171875 0.08750000000000001 0.18906250000000002
0 0.8523437500000001 0.43281250000000004 0.0671875 0.153125
0 0.9703125 0.4140625 0.05625 0.11875000000000001
0 0.96015625 0.47421875 0.0546875 0.1421875
0 0.9476562500000001 0.56796875 0.0703125 0.1421875
0 0.7117187500000001 0.7937500000000001 0.0546875 0.13125
0 0.76953125 0.80859375 0.0546875 0.1484375
0 0.74375 0.7367187500000001 0.05 0.0890625
0 0.6781250000000001 0.73359375 0.046875 0.08281250000000001
0 0.65546875 0.7289062500000001 0.0546875 0.08281250000000001
0 0.6671875 0.8140625 0.078125 0.1125
0 0.6671875 0.9296875 0.05 0.11875000000000001
0 0.7117187500000001 0.94453125 0.0546875 0.1015625
0 0.55390625 0.5484375 0.060937500000000006 0.1125
0 0.48828125 0.5328125 0.0703125 0.16562500000000002
0 0.5710937500000001 0.5953125 0.060937500000000006 0.1125
0 0.553125 0.64765625 0.05 0.13593750000000002
0 0.51015625 0.6179687500000001 0.060937500000000006 0.13593750000000002
0 0.45 0.6335937500000001 0.059375000000000004 0.1421875
0 0.42031250000000003 0.57734375 0.08125 0.1484375
0 0.50234375 0.7484375000000001 0.0578125 0.15937500000000002
0 0.30000000000000004 0.0890625 0.09062500000000001 0.178125
0 0.21484375 0.053125000000000006 0.1078125 0.10625000000000001
0 0.2171875 0.15156250000000002 0.084375 0.171875
0 0.12890625 0.13671875 0.1046875 0.18906250000000002
0 0.15859375 0.0328125 0.0734375 0.065625
0 0.215625 0.2109375 0.08125 0.171875
0 0.1046875 0.17500000000000002 0.08750000000000001 0.171875
0 0.34140625 0.49140625000000004 0.0703125 0.1546875
0 0.26171875 0.45546875000000003 0.060937500000000006 0.1296875
0 0.30078125 0.571875 0.0703125 0.171875
0 0.33828125000000003 0.6507812500000001 0.0578125 0.1296875
0 0.33125000000000004 0.7718750000000001 0.05 0.125
0 0.265625 0.7453125 0.046875 0.10625000000000001
0 0.26640625 0.62421875 0.06406250000000001 0.13593750000000002
0 0.13203125000000002 0.51875 0.060937500000000006 0.125
0 0.07890625000000001 0.5750000000000001 0.0703125 0.13125
0 0.115625 0.95078125 0.043750000000000004 0.0765625
0 0.0859375 0.95625 0.037500000000000006 0.065625
0 0.4921875 0.9320312500000001 0.043750000000000004 0.1015625
0 0.46406250000000004 0.9359375000000001 0.040625 0.07187500000000001
0 0.047656250000000004 0.6570312500000001 0.0546875 0.1171875
