0 0.6531250000000001 0.64375 0.30312500000000003 0.16875
0 0.81640625 0.3671875 0.2734375 0.14375000000000002
0 0.815625 0.16875 0.328125 0.203125
0 0.45859375 0.12812500000000002 0.1296875 0.078125
0 0.33515625000000004 0.209375 0.1453125 0.08125
0 0.3609375 0.27890625 0.15000000000000002 0.0765625
0 0.33359375 0.3125 0.1453125 0.07500000000000001
0 0.2578125 0.43671875000000004 0.17500000000000002 0.0921875
0 0.22187500000000002 0.50703125 0.16875 0.0921875
0 0.25390625 0.6312500000000001 0.20468750000000002 0.1125
0 0.41171875 0.9109375000000001 0.1703125 0.1
0 0.45078125 0.8296875 0.17343750000000002 0.09375
0 0.39296875000000003 0.72578125 0.18281250000000002 0.1078125
0 0.5140625 0.17265625 0.12187500000000001 0.06406250000000001
0 0.3453125 0.017968750000000002 0.12187500000000001 0.035937500000000004
0 0.2 0.15156250000000002 0.08750000000000001 0.05
0 0.36953125000000003 0.5640625 0.09843750000000001 0.053125000000000006
0 0.2171875 0.703125 0.078125 0.046875
0 0.1875 0.7421875 0.084375 0.040625
0 0.19843750000000002 0.7835937500000001 0.08125 0.0484375
0 0.2421875 0.8757812500000001 0.06875 0.0421875
0 0.465625 0.6898437500000001 0.22187500000000002 0.1296875
0 0.2859375 0.13593750000000002 0.1125 0.06875
0 0.30859375 0.35546875 0.09531250000000001 0.045312500000000006
