0 0.44062500000000004 0.38984375000000004 0.3125 0.5078125
0 0.6648437500000001 0.3375 0.2734375 0.371875
0 0.67109375 0.63046875 0.3359375 0.4296875
0 0.50234375 0.7859375000000001 0.3171875 0.371875
0 0.21015625000000002 0.6218750000000001 0.3359375 0.359375
0 0.21875 0.8390625 0.36250000000000004 0.29375
0 0.1546875 0.225 0.30000000000000004 0.434375
0 0.42421875000000003 0.19062500000000002 0.3296875 0.38125000000000003
0 0.703125 0.1328125 0.284375 0.265625
0 0.8859375 0.26953125 0.225 0.3484375
0 0.8921875 0.50625 0.21250000000000002 0.36250000000000004
0 0.87421875 0.765625 0.2484375 0.34687500000000004
