0 0.73359375 0.11875000000000001 0.1234375 0.146875
0 0.7296875 0.1265625 0.1125 0.14375000000000002
0 0.9593750000000001 0.15625 0.078125 0.125
0 0.8773437500000001 0.17890625000000002 0.1046875 0.1484375
0 0.11093750000000001 0.16718750000000002 0.178125 0.203125
0 0.6296875000000001 0.22968750000000002 0.125 0.140625
0 0.278125 0.20703125 0.2 0.2171875
0 0.45234375000000004 0.2421875 0.1859375 0.19687500000000002
0 0.759375 0.28750000000000003 0.09062500000000001 0.109375
0 0.8656250000000001 0.31875000000000003 0.12187500000000001 0.10625000000000001
0 0.6203125 0.3515625 0.115625 0.10625000000000001
0 0.6671875 0.45625000000000004 0.06875 0.08750000000000001
0 0.55390625 0.45625000000000004 0.0765625 0.08750000000000001
0 0.5906250000000001 0.0671875 0.12187500000000001 0.12812500000000002
0 0.65234375 0.75703125 0.3203125 0.2890625
