0 0.46640625 0.4375 0.18281250000000002 0.18125000000000002
0 0.6375000000000001 0.43359375 0.146875 0.1546875
0 0.80625 0.40703125 0.14375000000000002 0.1546875
0 0.45390625 0.16328125000000002 0.060937500000000006 0.0328125
0 0.28359375000000003 0.17343750000000002 0.15781250000000002 0.15625
0 0.11015625000000001 0.18515625000000002 0.18281250000000002 0.1046875
0 0.19687500000000002 0.32265625000000003 0.1875 0.045312500000000006
0 0.371875 0.30234375 0.03125 0.1328125
0 0.546875 0.29296875 0.03125 0.1328125
0 0.61328125 0.14453125 0.1796875 0.1484375
0 0.7132812500000001 0.28359375000000003 0.1046875 0.15156250000000002
0 0.78828125 0.1421875 0.0671875 0.13125
0 0.8859375 0.275 0.17500000000000002 0.19062500000000002
0 0.9109375000000001 0.5515625000000001 0.17500000000000002 0.19062500000000002
0 0.7429687500000001 0.55390625 0.1859375 0.1859375
0 0.56953125 0.5796875 0.17343750000000002 0.1625
0 0.37421875000000004 0.5867187500000001 0.17343750000000002 0.0421875
0 0.2984375 0.44843750000000004 0.16875 0.10312500000000001
0 0.1078125 0.45156250000000003 0.184375 0.15937500000000002
0 0.1953125 0.6015625 0.184375 0.15937500000000002
0 0.10703125000000001 0.73828125 0.16718750000000002 0.1640625
0 0.28828125 0.7406250000000001 0.1953125 0.16562500000000002
0 0.4734375 0.7109375 0.184375 0.15937500000000002
0 0.6664062500000001 0.7000000000000001 0.1484375 0.040625
0 0.83515625 0.696875 0.18281250000000002 0.18125000000000002
