0 0.5375 0.19765625 0.22187500000000002 0.26406250000000003
0 0.14453125 0.19296875000000002 0.1640625 0.2265625
0 0.24531250000000002 0.21406250000000002 0.16562500000000002 0.209375
0 0.4921875 0.33984375 0.19687500000000002 0.2484375
0 0.61875 0.31953125000000004 0.1875 0.2390625
0 0.3375 0.0671875 0.15625 0.134375
0 0.39765625000000004 0.48515625 0.17343750000000002 0.2234375
0 0.61484375 0.6625000000000001 0.20468750000000002 0.290625
0 0.4890625 0.665625 0.1875 0.25
0 0.47734375 0.8343750000000001 0.21406250000000002 0.26875
0 0.47187500000000004 0.040625 0.16562500000000002 0.08125
