0 0.46484375 0.81953125 0.2234375 0.18906250000000002
0 0.42578125 0.6328125 0.2421875 0.209375
0 0.11875000000000001 0.40859375000000003 0.21250000000000002 0.20468750000000002
0 0.29921875000000003 0.37265625 0.2328125 0.20468750000000002
0 0.2765625 0.5328125 0.23125 0.203125
0 0.6742187500000001 0.93671875 0.2109375 0.1234375
0 0.51953125 0.8929687500000001 0.2109375 0.18281250000000002
0 0.49062500000000003 0.759375 0.20625000000000002 0.16562500000000002
0 0.65390625 0.88828125 0.2015625 0.1765625
0 0.6453125000000001 0.79453125 0.184375 0.15781250000000002
0 0.7250000000000001 0.61484375 0.15937500000000002 0.1421875
0 0.6828125 0.55 0.14375000000000002 0.109375
0 0.5234375 0.6023437500000001 0.203125 0.15156250000000002
0 0.5046875000000001 0.55 0.17500000000000002 0.146875
0 0.55078125 0.49140625000000004 0.16718750000000002 0.1390625
0 0.94453125 0.8500000000000001 0.1078125 0.08750000000000001
