0 0.11640625 0.0703125 0.2328125 0.12187500000000001
0 0.37343750000000003 0.153125 0.35000000000000003 0.28125
0 0.34921875 0.36796875 0.33906250000000004 0.2828125
0 0.3875 0.46875 0.309375 0.253125
0 0.6015625 0.39921875 0.284375 0.2734375
0 0.61328125 0.63828125 0.3046875 0.2703125
0 0.6000000000000001 0.7507812500000001 0.278125 0.2328125
0 0.71484375 0.9148437500000001 0.22968750000000002 0.16718750000000002
0 0.7109375 0.8539062500000001 0.26875 0.18906250000000002
0 0.76875 0.7000000000000001 0.24375000000000002 0.23125
0 0.88671875 0.9625 0.2234375 0.07187500000000001
