0 0.38359375 0.84765625 0.1046875 0.1421875
0 0.28828125 0.78828125 0.1078125 0.15781250000000002
0 0.43203125000000003 0.8171875000000001 0.1015625 0.153125
0 0.32890625 0.73359375 0.1046875 0.1703125
0 0.20859375000000002 0.765625 0.1234375 0.17500000000000002
0 0.125 0.76953125 0.125 0.15781250000000002
0 0.0671875 0.72578125 0.115625 0.16718750000000002
0 0.017968750000000002 0.6328125 0.035937500000000004 0.15937500000000002
0 0.02109375 0.45234375000000004 0.0421875 0.1296875
0 0.049218750000000006 0.47890625000000003 0.0859375 0.1203125
0 0.10546875 0.47265625 0.0921875 0.1296875
0 0.2984375 0.6179687500000001 0.09062500000000001 0.1203125
0 0.2625 0.55390625 0.09062500000000001 0.1265625
0 0.5734375 0.89609375 0.125 0.1859375
0 0.6265625 0.9554687500000001 0.134375 0.0859375
0 0.7445312500000001 0.9343750000000001 0.11406250000000001 0.12812500000000002
0 0.6671875 0.90625 0.1125 0.15625
0 0.8187500000000001 0.92578125 0.1 0.1453125
0 0.8460937500000001 0.8812500000000001 0.11093750000000001 0.15937500000000002
0 0.33046875000000003 0.5750000000000001 0.0859375 0.12812500000000002
0 0.22109375 0.55859375 0.08281250000000001 0.1234375
0 0.42031250000000003 0.5320312500000001 0.06875 0.1015625
0 0.46718750000000003 0.540625 0.06875 0.09375
0 0.43046875 0.67578125 0.0859375 0.1203125
0 0.48515625 0.7210937500000001 0.07968750000000001 0.1171875
0 0.53359375 0.7265625 0.0734375 0.10625000000000001
0 0.5984375000000001 0.7328125000000001 0.096875 0.140625
0 0.5703125 0.8015625000000001 0.09062500000000001 0.115625
0 0.6429687500000001 0.7828125 0.0890625 0.109375
0 0.7421875 0.6796875 0.08750000000000001 0.1125
0 0.8375 0.69140625 0.07500000000000001 0.1015625
0 0.8875000000000001 0.7000000000000001 0.078125 0.10312500000000001
0 0.21796875000000002 0.41953125 0.07968750000000001 0.1078125
0 0.26953125 0.44453125000000004 0.0578125 0.08281250000000001
0 0.34375 0.4609375 0.06875 0.096875
0 0.61328125 0.5867187500000001 0.06406250000000001 0.09531250000000001
0 0.86328125 0.584375 0.060937500000000006 0.08750000000000001
