0 0.2734375 0.11875000000000001 0.09062500000000001 0.2
0 0.28203125 0.42421875000000003 0.0765625 0.1640625
0 0.209375 0.37031250000000004 0.078125 0.15937500000000002
0 0.22734375 0.5320312500000001 0.07968750000000001 0.1765625
0 0.13515625 0.35546875 0.0734375 0.1328125
0 0.4546875 0.14296875 0.096875 0.2109375
0 0.51796875 0.571875 0.0671875 0.153125
0 0.45156250000000003 0.57578125 0.065625 0.1234375
0 0.58828125 0.6171875 0.07968750000000001 0.15000000000000002
0 0.43281250000000004 0.62421875 0.05625 0.11406250000000001
0 0.49765625 0.6648437500000001 0.0671875 0.1296875
0 0.6640625 0.5328125 0.06875 0.15625
0 0.74375 0.5046875000000001 0.0625 0.1375
0 0.6921875000000001 0.1375 0.09062500000000001 0.171875
0 0.77890625 0.21406250000000002 0.0859375 0.18125000000000002
0 0.859375 0.184375 0.10312500000000001 0.215625
0 0.8718750000000001 0.5625 0.0625 0.1375
0 0.9234375 0.6296875000000001 0.078125 0.14375000000000002
0 0.9593750000000001 0.7195312500000001 0.059375000000000004 0.11406250000000001
0 0.70703125 0.6195312500000001 0.0703125 0.1765625
0 0.6726562500000001 0.6890625 0.06406250000000001 0.15625
0 0.7429687500000001 0.6703125000000001 0.06406250000000001 0.15000000000000002
0 0.7468750000000001 0.79609375 0.05 0.1078125
0 0.68125 0.82578125 0.05625 0.1265625
0 0.3015625 0.8250000000000001 0.053125000000000006 0.12812500000000002
0 0.3484375 0.84296875 0.065625 0.1296875
0 0.26640625 0.7523437500000001 0.0484375 0.0921875
0 0.328125 0.75703125 0.046875 0.0890625
0 0.35781250000000003 0.75703125 0.053125000000000006 0.09843750000000001
0 0.24531250000000002 0.8445312500000001 0.0625 0.1265625
0 0.30859375 0.9390625 0.0421875 0.10312500000000001
0 0.35390625000000003 0.95078125 0.051562500000000004 0.09531250000000001
0 0.3015625 0.9554687500000001 0.05625 0.0859375
0 0.5203125000000001 0.9578125000000001 0.043750000000000004 0.08125
0 0.515625 0.0671875 0.084375 0.06875
0 0.40937500000000004 0.0484375 0.065625 0.040625
0 0.08046875 0.1640625 0.08281250000000001 0.18125000000000002
0 0.1015625 0.47265625 0.07500000000000001 0.1703125
0 0.03515625 0.42109375000000004 0.0671875 0.1390625
0 0.0546875 0.5796875 0.07500000000000001 0.153125
0 0.04453125 0.47500000000000003 0.0671875 0.15625
0 0.290625 0.48984375 0.09062500000000001 0.18906250000000002
0 0.5554687500000001 0.9625 0.0390625 0.07187500000000001
0 0.784375 0.25625000000000003 0.078125 0.2
0 0.7015625000000001 0.17734375000000002 0.078125 0.1796875
0 0.6414062500000001 0.5875 0.0546875 0.13125
0 0.15078125 0.46328125000000003 0.0671875 0.1296875
0 0.8523437500000001 0.62890625 0.060937500000000006 0.1203125
0 0.8523437500000001 0.8375 0.0484375 0.11875000000000001
