0 0.35781250000000003 0.7515625 0.5 0.48750000000000004
0 0.68125 0.70234375 0.47187500000000004 0.5578125
0 0.8546875 0.55078125 0.28750000000000003 0.7015625000000001
0 0.8421875000000001 0.16484375 0.290625 0.3296875
0 0.14921875 0.446875 0.2671875 0.421875
0 0.07500000000000001 0.18359375 0.1375 0.20468750000000002
0 0.21953125 0.1171875 0.2546875 0.184375
0 0.43125 0.08671875000000001 0.27187500000000003 0.17343750000000002
0 0.63828125 0.0578125 0.2578125 0.115625
0 0.8171875000000001 0.015625 0.17500000000000002 0.03125
0 0.16875 0.7953125000000001 0.22812500000000002 0.40625
