0 0.046875 0.13046875 0.09375 0.15781250000000002
0 0.07265625 0.12187500000000001 0.1453125 0.1625
0 0.28828125 0.15703125 0.1640625 0.09843750000000001
0 0.5671875000000001 0.33906250000000004 0.665625 0.415625
0 0.47187500000000004 0.25234375000000003 0.525 0.27968750000000003
0 0.171875 0.540625 0.253125 0.15625
0 0.5515625000000001 0.8304687500000001 0.19687500000000002 0.1203125
0 0.6531250000000001 0.91953125 0.234375 0.1015625
0 0.86875 0.84375 0.15625 0.084375
0 0.4625 0.7234375000000001 0.4375 0.27187500000000003
0 0.5242187500000001 0.49140625000000004 0.49531250000000004 0.27968750000000003
0 0.56484375 0.5734375 0.4453125 0.215625
0 0.08359375000000001 0.51328125 0.16718750000000002 0.1234375
0 0.721875 0.7703125000000001 0.125 0.07187500000000001
