0 0.259375 0.12734375 0.10312500000000001 0.09843750000000001
0 0.353125 0.1234375 0.11875000000000001 0.17500000000000002
0 0.1203125 0.484375 0.1 0.037500000000000006
0 0.76171875 0.53125 0.09843750000000001 0.15000000000000002
0 0.30546875 0.26953125 0.1234375 0.1328125
0 0.64609375 0.87421875 0.1078125 0.0390625
0 0.83984375 0.75703125 0.1171875 0.1859375
0 0.8132812500000001 0.6023437500000001 0.1265625 0.1484375
0 0.9398437500000001 0.75390625 0.1046875 0.1796875
0 0.56875 0.88671875 0.09062500000000001 0.1765625
0 0.06171875 0.5632812500000001 0.0890625 0.1546875
