0 0.44843750000000004 0.20859375000000002 0.23750000000000002 0.31093750000000003
0 0.8125 0.48750000000000004 0.278125 0.39687500000000003
0 0.6171875 0.3875 0.275 0.403125
0 0.2859375 0.43203125000000003 0.225 0.26406250000000003
0 0.48671875000000003 0.5578125 0.2609375 0.446875
0 0.36875 0.6742187500000001 0.19062500000000002 0.3359375
0 0.17578125 0.9046875000000001 0.13593750000000002 0.1875
0 0.2671875 0.91328125 0.15625 0.1703125
0 0.384375 0.88984375 0.1625 0.2171875
0 0.5015625 0.80625 0.184375 0.21875
0 0.496875 0.9304687500000001 0.13125 0.13593750000000002
