0 0.22031250000000002 0.66953125 0.15625 0.23593750000000002
0 0.1265625 0.60546875 0.15625 0.1953125
0 0.30078125 0.509375 0.11093750000000001 0.1375
0 0.4578125 0.49375 0.16875 0.22187500000000002
0 0.77109375 0.6218750000000001 0.1640625 0.22187500000000002
0 0.88984375 0.52109375 0.15156250000000002 0.1953125
0 0.721875 0.5296875 0.1375 0.178125
0 0.6000000000000001 0.5242187500000001 0.134375 0.1953125
0 0.54453125 0.38203125000000004 0.1296875 0.15156250000000002
0 0.27421875 0.6273437500000001 0.11093750000000001 0.1609375
