0 0.55078125 0.7890625 0.2171875 0.23750000000000002
0 0.671875 0.72421875 0.22812500000000002 0.2171875
0 0.35078125000000004 0.42421875000000003 0.09843750000000001 0.1078125
0 0.359375 0.33125000000000004 0.10625000000000001 0.10312500000000001
0 0.30312500000000003 0.41171875 0.08750000000000001 0.1078125
0 0.38671875 0.4234375 0.09843750000000001 0.1125
0 0.14765625000000002 0.74375 0.07968750000000001 0.12187500000000001
0 0.22265625 0.75390625 0.1046875 0.1171875
0 0.27265625 0.6765625000000001 0.09843750000000001 0.140625
0 0.16796875 0.8343750000000001 0.0859375 0.12187500000000001
0 0.09453125000000001 0.8046875 0.0921875 0.140625
0 0.1609375 0.8812500000000001 0.1 0.140625
0 0.0734375 0.6156250000000001 0.08750000000000001 0.109375
0 0.20625000000000002 0.56015625 0.084375 0.11406250000000001
0 0.146875 0.6273437500000001 0.084375 0.11406250000000001
0 0.08203125 0.7054687500000001 0.0859375 0.1265625
0 0.06015625 0.8382812500000001 0.0859375 0.1078125
0 0.19687500000000002 0.8968750000000001 0.078125 0.10312500000000001
0 0.225 0.8359375 0.07500000000000001 0.109375
0 0.30234375 0.6984375 0.0859375 0.125
0 0.12734375 0.54609375 0.07968750000000001 0.1046875
0 0.06796875000000001 0.5398437500000001 0.0734375 0.0890625
