0 0.7515625 0.06796875000000001 0.1875 0.08281250000000001
0 0.5796875 0.25703125 0.31875000000000003 0.4765625
0 0.284375 0.584375 0.309375 0.45937500000000003
0 0.8968750000000001 0.7375 0.14375000000000002 0.275
0 0.7109375 0.3328125 0.30312500000000003 0.503125
0 0.5515625000000001 0.57578125 0.359375 0.48281250000000003
0 0.51171875 0.23125 0.2859375 0.43125
0 0.42734375 0.71484375 0.3359375 0.5140625
0 0.21796875000000002 0.721875 0.3140625 0.5
0 0.1171875 0.56875 0.234375 0.34375
0 0.09375 0.73828125 0.1875 0.33906250000000004
0 0.84921875 0.6296875000000001 0.1859375 0.246875
0 0.8796875000000001 0.7890625 0.17500000000000002 0.296875
