0 0.7703125000000001 0.51796875 0.19062500000000002 0.2765625
0 0.875 0.2671875 0.22812500000000002 0.321875
0 0.728125 0.12187500000000001 0.209375 0.24375000000000002
0 0.36015625 0.240625 0.2078125 0.30312500000000003
0 0.37812500000000004 0.44921875 0.203125 0.2578125
0 0.2390625 0.29921875000000003 0.20625000000000002 0.2921875
0 0.23203125000000002 0.42500000000000004 0.1640625 0.1875
0 0.534375 0.5453125 0.171875 0.234375
0 0.64453125 0.7078125000000001 0.1859375 0.265625
0 0.2484375 0.7664062500000001 0.19062500000000002 0.24531250000000002
0 0.31484375000000003 0.8656250000000001 0.1796875 0.25
0 0.1703125 0.8375 0.184375 0.27187500000000003
