0 0.73046875 0.8328125000000001 0.2109375 0.33125000000000004
0 0.56953125 0.8054687500000001 0.2015625 0.38593750000000004
0 0.43046875 0.734375 0.1859375 0.3875
0 0.2671875 0.7078125000000001 0.21875 0.41875
0 0.91171875 0.3015625 0.1609375 0.34687500000000004
0 0.54921875 0.2265625 0.1546875 0.31562500000000004
0 0.61484375 0.375 0.1296875 0.2625
0 0.21250000000000002 0.509375 0.15937500000000002 0.284375
0 0.10078125 0.70625 0.2015625 0.34687500000000004
0 0.359375 0.403125 0.096875 0.17500000000000002
0 0.8390625 0.5906250000000001 0.05625 0.09375
0 0.8773437500000001 0.6625000000000001 0.0546875 0.10312500000000001
0 0.9234375 0.671875 0.059375000000000004 0.1
0 0.74609375 0.48203125 0.0671875 0.11406250000000001
0 0.5554687500000001 0.5609375 0.0578125 0.096875
0 0.43671875000000004 0.3359375 0.0546875 0.10625000000000001
0 0.30078125 0.36562500000000003 0.08281250000000001 0.16562500000000002
0 0.32890625 0.20234375000000002 0.09843750000000001 0.16718750000000002
0 0.0578125 0.4921875 0.115625 0.29375
0 0.02890625 0.23984375000000002 0.0578125 0.2421875
