0 0.6257812500000001 0.3984375 0.31093750000000003 0.371875
0 0.7351562500000001 0.6507812500000001 0.2859375 0.35468750000000004
0 0.38671875 0.38125000000000003 0.26406250000000003 0.30000000000000004
0 0.2625 0.51875 0.26875 0.3375
0 0.13515625 0.4265625 0.2328125 0.35625
0 0.43828125 0.8601562500000001 0.22031250000000002 0.2765625
0 0.31093750000000003 0.8070312500000001 0.203125 0.2609375
0 0.8875000000000001 0.71796875 0.22187500000000002 0.3328125
0 0.9125000000000001 0.58359375 0.171875 0.3328125
0 0.9906250000000001 0.59609375 0.015625 0.2828125
0 0.5046875000000001 0.57421875 0.29375 0.3359375
0 0.57734375 0.6351562500000001 0.2078125 0.26406250000000003
0 0.56796875 0.89609375 0.1203125 0.1421875
