0 0.02734375 0.2328125 0.0546875 0.19062500000000002
0 0.065625 0.41328125000000004 0.13125 0.23593750000000002
0 0.20468750000000002 0.3609375 0.15000000000000002 0.2
0 0.16015625 0.51171875 0.15781250000000002 0.2109375
0 0.25546875 0.446875 0.1390625 0.171875
0 0.20859375000000002 0.6312500000000001 0.1203125 0.1375
0 0.30859375 0.6484375 0.1296875 0.184375
0 0.4078125 0.6484375 0.15625 0.215625
0 0.50703125 0.6101562500000001 0.15781250000000002 0.2109375
0 0.503125 0.7757812500000001 0.1625 0.2171875
0 0.5640625 0.65546875 0.14375000000000002 0.18281250000000002
0 0.6937500000000001 0.6726562500000001 0.1625 0.2171875
0 0.6195312500000001 0.7664062500000001 0.1234375 0.17343750000000002
0 0.6890625 0.51328125 0.109375 0.13593750000000002
0 0.7515625 0.42031250000000003 0.12812500000000002 0.15937500000000002
0 0.87109375 0.51015625 0.15781250000000002 0.1921875
0 0.84765625 0.6609375000000001 0.1546875 0.18125000000000002
0 0.9304687500000001 0.6953125 0.0890625 0.19687500000000002
0 0.94140625 0.5515625000000001 0.0765625 0.146875
0 0.8968750000000001 0.77734375 0.1375 0.1859375
