0 0.74609375 0.13203125000000002 0.1640625 0.1765625
0 0.8656250000000001 0.1765625 0.140625 0.15937500000000002
0 0.8640625000000001 0.125 0.153125 0.184375
0 0.6585937500000001 0.2890625 0.1328125 0.1625
0 0.509375 0.23593750000000002 0.096875 0.115625
0 0.565625 0.13828125 0.10625000000000001 0.1265625
0 0.6046875 0.25546875 0.12187500000000001 0.1421875
0 0.64765625 0.19062500000000002 0.0921875 0.115625
0 0.7367187500000001 0.284375 0.09843750000000001 0.125
0 0.78828125 0.37734375000000003 0.11406250000000001 0.11093750000000001
0 0.8968750000000001 0.44062500000000004 0.15625 0.171875
0 0.76484375 0.62109375 0.1046875 0.1078125
0 0.65390625 0.6265625 0.13593750000000002 0.15937500000000002
0 0.6531250000000001 0.5296875 0.109375 0.10625000000000001
0 0.5265625 0.45625000000000004 0.08750000000000001 0.109375
0 0.34765625 0.53359375 0.1703125 0.18906250000000002
0 0.225 0.51796875 0.15937500000000002 0.1765625
0 0.11953125 0.54296875 0.1796875 0.19843750000000002
0 0.13046875 0.3671875 0.1609375 0.18125000000000002
0 0.2921875 0.421875 0.07500000000000001 0.08125
0 0.2234375 0.4234375 0.08125 0.09062500000000001
0 0.19296875000000002 0.37734375000000003 0.0671875 0.08281250000000001
0 0.17109375000000002 0.6976562500000001 0.1765625 0.2015625
0 0.2859375 0.721875 0.17500000000000002 0.19687500000000002
0 0.3484375 0.796875 0.171875 0.16562500000000002
0 0.38828125 0.67109375 0.0671875 0.08281250000000001
0 0.34687500000000004 0.69140625 0.09062500000000001 0.1015625
0 0.5125000000000001 0.88671875 0.12187500000000001 0.1421875
0 0.59765625 0.696875 0.1265625 0.140625
0 0.5242187500000001 0.7445312500000001 0.1015625 0.1203125
0 0.46953125 0.7421875 0.08281250000000001 0.1
0 0.71484375 0.696875 0.0765625 0.09062500000000001
0 0.78828125 0.7171875000000001 0.0859375 0.09062500000000001
0 0.40390625 0.85546875 0.1296875 0.1703125
