0 0.9242187500000001 0.85703125 0.1484375 0.1296875
0 0.9710937500000001 0.88046875 0.0546875 0.0890625
0 0.9851562500000001 0.6046875 0.026562500000000003 0.096875
0 0.6890625 0.6546875000000001 0.18125000000000002 0.134375
0 0.6953125 0.7195312500000001 0.15625 0.1015625
0 0.68359375 0.521875 0.1609375 0.10312500000000001
0 0.609375 0.8484375000000001 0.08750000000000001 0.059375000000000004
0 0.65 0.8187500000000001 0.10312500000000001 0.07187500000000001
0 0.6023437500000001 0.80078125 0.0921875 0.060937500000000006
0 0.57734375 0.8382812500000001 0.0921875 0.06406250000000001
0 0.5890625 0.8851562500000001 0.07500000000000001 0.0546875
0 0.7210937500000001 0.9484375 0.1078125 0.06875
0 0.7703125000000001 0.91796875 0.1 0.0734375
0 0.7468750000000001 0.96640625 0.07187500000000001 0.035937500000000004
0 0.63671875 0.50390625 0.1171875 0.0765625
0 0.6015625 0.46406250000000004 0.140625 0.096875
0 0.759375 0.32421875 0.171875 0.1296875
0 0.853125 0.26406250000000003 0.12812500000000002 0.1125
0 0.4578125 0.09062500000000001 0.146875 0.10625000000000001
0 0.36015625 0.11015625000000001 0.08281250000000001 0.0671875
0 0.421875 0.2671875 0.115625 0.07500000000000001
0 0.44062500000000004 0.29609375 0.12187500000000001 0.08281250000000001
0 0.6078125000000001 0.29375 0.153125 0.115625
0 0.6273437500000001 0.3609375 0.1609375 0.1
0 0.55390625 0.31953125000000004 0.17343750000000002 0.1171875
0 0.48515625 0.46484375 0.1015625 0.06406250000000001
0 0.5164062500000001 0.66015625 0.0921875 0.060937500000000006
0 0.51328125 0.6843750000000001 0.0859375 0.053125000000000006
0 0.45390625 0.55703125 0.0921875 0.06406250000000001
0 0.44140625 0.5078125 0.1078125 0.06875
0 0.40156250000000004 0.44296875 0.1 0.0734375
0 0.3609375 0.5046875000000001 0.08125 0.059375000000000004
0 0.5007812500000001 0.75 0.0703125 0.053125000000000006
0 0.51171875 0.7093750000000001 0.0859375 0.05625
0 0.54296875 0.8812500000000001 0.0859375 0.05625
0 0.90234375 0.9140625 0.1546875 0.08125
0 0.6328125 0.9890625000000001 0.078125 0.018750000000000003
