0 0.60078125 0.88984375 0.1234375 0.2171875
0 0.565625 0.6335937500000001 0.0625 0.1421875
0 0.62265625 0.6062500000000001 0.0578125 0.13125
0 0.72578125 0.5625 0.0546875 0.109375
0 0.8851562500000001 0.59921875 0.0546875 0.1046875
0 0.29375 0.5796875 0.0625 0.13125
0 0.1265625 0.284375 0.09062500000000001 0.17500000000000002
0 0.16796875 0.48984375 0.1015625 0.1703125
0 0.234375 0.7546875000000001 0.06875 0.17500000000000002
0 0.31562500000000004 0.74140625 0.09062500000000001 0.15781250000000002
0 0.43125 0.87265625 0.084375 0.1703125
0 0.47500000000000003 0.7734375 0.0625 0.15937500000000002
0 0.6640625 0.84765625 0.1125 0.2078125
0 0.6640625 0.571875 0.046875 0.09375
0 0.6453125000000001 0.48203125 0.046875 0.1203125
0 0.40937500000000004 0.47109375000000003 0.040625 0.09843750000000001
0 0.46171875 0.53359375 0.051562500000000004 0.1046875
0 0.08281250000000001 0.76875 0.09062500000000001 0.15937500000000002
0 0.09453125000000001 0.38906250000000003 0.1015625 0.17500000000000002
0 0.0203125 0.265625 0.040625 0.18125000000000002
0 0.9125000000000001 0.49296875 0.043750000000000004 0.09843750000000001
0 0.9546875 0.47578125000000004 0.040625 0.09843750000000001
0 0.76328125 0.5007812500000001 0.051562500000000004 0.08281250000000001
0 0.8187500000000001 0.5390625 0.065625 0.115625
0 0.4421875 0.39375000000000004 0.040625 0.08750000000000001
0 0.14609375 0.5609375 0.1015625 0.16875
0 0.17343750000000002 0.7429687500000001 0.06875 0.1421875
0 0.03671875 0.9554687500000001 0.0734375 0.0859375
0 0.1046875 0.9632812500000001 0.078125 0.0703125
0 0.275 0.62890625 0.06875 0.1421875
0 0.33984375 0.6828125 0.0765625 0.13125
0 0.40156250000000004 0.7210937500000001 0.0625 0.1421875
