0 0.06796875000000001 0.52109375 0.1265625 0.2734375
0 0.51484375 0.6453125000000001 0.11406250000000001 0.225
0 0.953125 0.6046875 0.09062500000000001 0.22187500000000002
0 0.29296875 0.51796875 0.1015625 0.22968750000000002
0 0.56171875 0.8796875000000001 0.1453125 0.23750000000000002
0 0.28828125 0.83125 0.1234375 0.25625000000000003
0 0.19687500000000002 0.8445312500000001 0.11875000000000001 0.26406250000000003
0 0.1484375 0.58125 0.10312500000000001 0.2
0 0.21171875 0.5437500000000001 0.11093750000000001 0.22812500000000002
0 0.3875 0.48828125 0.078125 0.1421875
0 0.42500000000000004 0.63828125 0.08125 0.1328125
0 0.44140625 0.521875 0.0734375 0.1375
0 0.52578125 0.38906250000000003 0.0671875 0.1625
0 0.4921875 0.33203125 0.065625 0.1484375
0 0.45078125 0.3515625 0.0328125 0.09062500000000001
0 0.42500000000000004 0.35390625000000003 0.037500000000000006 0.0890625
0 0.60859375 0.3125 0.0390625 0.08750000000000001
0 0.6375000000000001 0.25078125 0.046875 0.0921875
0 0.6726562500000001 0.25234375000000003 0.051562500000000004 0.1015625
0 0.6390625000000001 0.328125 0.046875 0.08125
0 0.53359375 0.49765625 0.060937500000000006 0.11406250000000001
0 0.35000000000000003 0.15390625000000002 0.037500000000000006 0.0890625
0 0.52578125 0.1765625 0.0421875 0.084375
0 0.37343750000000003 0.32734375000000004 0.043750000000000004 0.09531250000000001
