0 0.5398437500000001 0.49296875 0.23593750000000002 0.29531250000000003
0 0.628125 0.30078125 0.209375 0.2921875
0 0.7562500000000001 0.39921875 0.21875 0.3015625
0 0.28359375000000003 0.6218750000000001 0.2234375 0.30312500000000003
0 0.209375 0.7359375 0.234375 0.33125000000000004
0 0.45625000000000004 0.7015625000000001 0.225 0.353125
0 0.7046875 0.83515625 0.140625 0.2015625
0 0.7781250000000001 0.64765625 0.15937500000000002 0.17343750000000002
0 0.79453125 0.7289062500000001 0.1453125 0.1859375
0 0.6046875 0.6203125 0.17500000000000002 0.28750000000000003
0 0.8125 0.13515625 0.134375 0.1859375
0 0.92109375 0.078125 0.1546875 0.15625
0 0.85859375 0.7984375 0.08281250000000001 0.1375
0 0.88984375 0.7351562500000001 0.0671875 0.11093750000000001
