0 0.5867187500000001 0.45156250000000003 0.21406250000000002 0.22187500000000002
0 0.48515625 0.6953125 0.2234375 0.203125
0 0.39296875000000003 0.7546875000000001 0.2546875 0.21875
0 0.7296875 0.39140625 0.21250000000000002 0.1953125
0 0.4234375 0.51875 0.26875 0.21250000000000002
0 0.66953125 0.24921875000000002 0.22968750000000002 0.20468750000000002
0 0.20546875 0.78125 0.1609375 0.15000000000000002
0 0.15234375 0.6664062500000001 0.1859375 0.1453125
0 0.478125 0.37421875000000004 0.19687500000000002 0.1703125
0 0.3328125 0.25390625 0.16875 0.1453125
0 0.05859375 0.4140625 0.11406250000000001 0.140625
0 0.03828125 0.32343750000000004 0.0734375 0.1
0 0.4734375 0.2015625 0.125 0.15937500000000002
0 0.4 0.17734375000000002 0.12812500000000002 0.15781250000000002
0 0.8609375 0.23203125000000002 0.140625 0.13593750000000002
0 0.90390625 0.12812500000000002 0.1171875 0.140625
