0 0.8046875 0.7546875000000001 0.24375000000000002 0.17500000000000002
0 0.7828125 0.628125 0.253125 0.171875
0 0.7562500000000001 0.503125 0.234375 0.171875
0 0.7312500000000001 0.37812500000000004 0.23750000000000002 0.16875
0 0.7125 0.26015625000000003 0.24375000000000002 0.16718750000000002
0 0.690625 0.13593750000000002 0.22187500000000002 0.1625
0 0.67109375 0.05078125 0.24531250000000002 0.09843750000000001
0 0.8343750000000001 0.8851562500000001 0.259375 0.1765625
0 0.61640625 0.83984375 0.2484375 0.1796875
0 0.5906250000000001 0.7046875 0.24375000000000002 0.178125
0 0.5750000000000001 0.5734375 0.23750000000000002 0.16875
0 0.55390625 0.44765625000000003 0.2484375 0.16718750000000002
0 0.53046875 0.3203125 0.23593750000000002 0.15625
0 0.5140625 0.19453125000000002 0.23750000000000002 0.1609375
0 0.49296875 0.08281250000000001 0.2421875 0.1625
0 0.41718750000000004 0.89765625 0.278125 0.1421875
0 0.40156250000000004 0.7875000000000001 0.2625 0.184375
0 0.37890625 0.64375 0.2546875 0.17500000000000002
0 0.36484375 0.51328125 0.2484375 0.1796875
0 0.34609375000000003 0.384375 0.2546875 0.17500000000000002
0 0.32734375000000004 0.25859375 0.2546875 0.1796875
0 0.31171875000000004 0.1328125 0.2546875 0.17500000000000002
0 0.29375 0.046875 0.24375000000000002 0.09062500000000001
0 0.1953125 0.86484375 0.284375 0.1765625
0 0.17421875 0.73359375 0.2984375 0.1921875
0 0.16640625 0.5953125 0.2859375 0.184375
0 0.1453125 0.45937500000000003 0.28125 0.184375
0 0.13125 0.31953125000000004 0.259375 0.1796875
0 0.1171875 0.18828125 0.23125 0.17343750000000002
0 0.11406250000000001 0.07890625000000001 0.225 0.1546875
