0 0.08984375 0.04609375 0.035937500000000004 0.0578125
0 0.1296875 0.032031250000000004 0.043750000000000004 0.045312500000000006
0 0.109375 0.06328125 0.034375 0.051562500000000004
0 0.1625 0.29531250000000003 0.03125 0.046875
0 0.1421875 0.29375 0.028125 0.05
0 0.22109375 0.1703125 0.0328125 0.046875
0 0.2515625 0.15859375 0.03125 0.0578125
0 0.23203125000000002 0.1328125 0.0234375 0.03125
0 0.28671875 0.11484375000000001 0.035937500000000004 0.051562500000000004
0 0.31015625 0.1265625 0.029687500000000002 0.05
0 0.28671875 0.275 0.026562500000000003 0.053125000000000006
0 0.26328125 0.28515625 0.0234375 0.0421875
0 0.24765625000000002 0.50625 0.029687500000000002 0.053125000000000006
0 0.265625 0.5171875 0.028125 0.046875
0 0.5046875000000001 0.03359375 0.046875 0.051562500000000004
0 0.57421875 0.046875 0.045312500000000006 0.07187500000000001
0 0.553125 0.33515625000000004 0.034375 0.0671875
0 0.5710937500000001 0.39140625 0.0390625 0.0671875
0 0.50234375 0.39921875 0.029687500000000002 0.051562500000000004
0 0.65546875 0.0484375 0.0390625 0.06875
0 0.6984375 0.321875 0.028125 0.037500000000000006
0 0.72578125 0.46640625 0.0390625 0.0578125
0 0.7289062500000001 0.42890625000000004 0.0390625 0.0578125
0 0.7984375 0.46640625 0.03125 0.06406250000000001
0 0.83203125 0.5015625 0.035937500000000004 0.06875
0 0.9851562500000001 0.26953125 0.026562500000000003 0.06406250000000001
0 0.7859375000000001 0.1953125 0.034375 0.053125000000000006
0 0.74609375 0.21250000000000002 0.029687500000000002 0.053125000000000006
0 0.8515625 0.1796875 0.03125 0.05
0 0.85078125 0.14375000000000002 0.029687500000000002 0.046875
0 0.8148437500000001 0.1390625 0.026562500000000003 0.046875
0 0.7937500000000001 0.15156250000000002 0.021875000000000002 0.03125
0 0.915625 0.525 0.03125 0.05625
0 0.2859375 0.5546875 0.037500000000000006 0.05625
