0 0.4421875 0.46875 0.43125 0.39375000000000004
0 0.6273437500000001 0.7296875 0.4734375 0.45937500000000003
0 0.77109375 0.42265625 0.4546875 0.4109375
0 0.1203125 0.3921875 0.215625 0.18125000000000002
0 0.11796875000000001 0.534375 0.19843750000000002 0.16562500000000002
0 0.290625 0.30546875 0.259375 0.1796875
0 0.465625 0.2171875 0.30000000000000004 0.2
0 0.6984375 0.1796875 0.284375 0.19687500000000002
0 0.8460937500000001 0.225 0.2390625 0.184375
0 0.12265625000000001 0.67734375 0.17343750000000002 0.1859375
