0 0.87890625 0.3328125 0.22031250000000002 0.353125
0 0.7367187500000001 0.3140625 0.22031250000000002 0.28750000000000003
0 0.578125 0.371875 0.234375 0.30625
0 0.40390625 0.31640625 0.2234375 0.2984375
0 0.28203125 0.35000000000000003 0.2109375 0.325
0 0.0734375 0.64453125 0.146875 0.34218750000000003
0 0.19062500000000002 0.69921875 0.21875 0.32656250000000003
0 0.096875 0.73046875 0.19375 0.3296875
0 0.30703125000000003 0.7156250000000001 0.22968750000000002 0.31875000000000003
0 0.446875 0.48281250000000003 0.23125 0.33437500000000003
0 0.5359375000000001 0.5640625 0.153125 0.203125
0 0.753125 0.50546875 0.09062500000000001 0.1171875
0 0.92578125 0.5515625000000001 0.0890625 0.134375
0 0.58984375 0.6109375 0.13593750000000002 0.20625000000000002
0 0.68515625 0.5484375 0.09531250000000001 0.12812500000000002
0 0.609375 0.696875 0.1 0.14375000000000002
0 0.4859375 0.78125 0.09375 0.1375
0 0.54921875 0.7734375 0.1046875 0.140625
