0 0.14296875 0.07500000000000001 0.1296875 0.15000000000000002
0 0.11953125 0.028125 0.0890625 0.05625
0 0.3953125 0.0140625 0.096875 0.028125
0 0.34687500000000004 0.31093750000000003 0.134375 0.18125000000000002
0 0.28203125 0.3046875 0.1015625 0.15625
0 0.478125 0.31796875 0.10312500000000001 0.1609375
0 0.153125 0.390625 0.059375000000000004 0.08750000000000001
0 0.18281250000000002 0.35000000000000003 0.07187500000000001 0.10312500000000001
0 0.20078125000000002 0.39765625000000004 0.060937500000000006 0.0921875
0 0.16171875000000002 0.42421875000000003 0.06406250000000001 0.0921875
0 0.11640625 0.41250000000000003 0.0546875 0.07500000000000001
0 0.051562500000000004 0.27890625 0.06875 0.1078125
0 0.08203125 0.22968750000000002 0.0734375 0.1
0 0.03359375 0.253125 0.035937500000000004 0.07187500000000001
0 0.49609375 0.36328125 0.0765625 0.1171875
0 0.5359375000000001 0.4 0.096875 0.140625
0 0.67578125 0.240625 0.1296875 0.171875
0 0.7375 0.146875 0.1125 0.12812500000000002
0 0.9109375000000001 0.5421875 0.10625000000000001 0.146875
0 0.8914062500000001 0.6414062500000001 0.0671875 0.08281250000000001
0 0.734375 0.5796875 0.07500000000000001 0.115625
0 0.7054687500000001 0.5593750000000001 0.08281250000000001 0.12187500000000001
0 0.7078125000000001 0.3921875 0.115625 0.153125
0 0.6390625000000001 0.37421875000000004 0.1 0.1609375
0 0.6804687500000001 0.44765625000000003 0.1171875 0.17343750000000002
0 0.53515625 0.51484375 0.06406250000000001 0.1015625
0 0.34140625 0.48515625 0.060937500000000006 0.0921875
0 0.31562500000000004 0.48828125 0.053125000000000006 0.0859375
0 0.44296875 0.5476562500000001 0.06406250000000001 0.0921875
0 0.4921875 0.55859375 0.06875 0.1078125
0 0.55703125 0.5984375000000001 0.0734375 0.1
0 0.496875 0.640625 0.059375000000000004 0.08125
0 0.2515625 0.5007812500000001 0.053125000000000006 0.0703125
0 0.2921875 0.48828125 0.05625 0.0859375
0 0.1203125 0.45703125 0.05625 0.0859375
0 0.0859375 0.09921875000000001 0.08125 0.1546875
0 0.01015625 0.3671875 0.0203125 0.078125
