0 0.7328125000000001 0.1171875 0.19687500000000002 0.125
0 0.33046875000000003 0.7718750000000001 0.19843750000000002 0.125
0 0.15781250000000002 0.5015625 0.19375 0.11875000000000001
0 0.1125 0.4375 0.17500000000000002 0.115625
0 0.6625000000000001 0.36250000000000004 0.290625 0.1875
0 0.85859375 0.43203125000000003 0.2328125 0.1953125
0 0.43046875 0.13125 0.15781250000000002 0.1
0 0.5710937500000001 0.4734375 0.2671875 0.16562500000000002
0 0.41484375 0.509375 0.1953125 0.15625
0 0.35546875 0.8835937500000001 0.1765625 0.11093750000000001
0 0.18906250000000002 0.7601562500000001 0.18125000000000002 0.11406250000000001
0 0.7976562500000001 0.39687500000000003 0.2859375 0.18125000000000002
0 0.29296875 0.6273437500000001 0.1765625 0.1171875
0 0.6828125 0.029687500000000002 0.20625000000000002 0.059375000000000004
0 0.5867187500000001 0.055468750000000004 0.2015625 0.11093750000000001
0 0.415625 0.28671875 0.18125000000000002 0.1171875
