0 0.45859375 0.10390625 0.09843750000000001 0.2078125
0 0.5171875 0.029687500000000002 0.08750000000000001 0.059375000000000004
0 0.42109375000000004 0.014843750000000001 0.0703125 0.029687500000000002
0 0.2765625 0.09765625 0.084375 0.1953125
0 0.27734375 0.39687500000000003 0.06406250000000001 0.16562500000000002
0 0.21015625000000002 0.34375 0.0703125 0.16562500000000002
0 0.084375 0.15156250000000002 0.08125 0.184375
0 0.018750000000000003 0.041406250000000006 0.037500000000000006 0.08281250000000001
0 0.1 0.46171875 0.078125 0.1546875
0 0.13515625 0.34687500000000004 0.0671875 0.125
0 0.2265625 0.515625 0.078125 0.16562500000000002
0 0.2859375 0.46171875 0.08750000000000001 0.18906250000000002
0 0.14765625000000002 0.43281250000000004 0.0671875 0.153125
0 0.02890625 0.4140625 0.0578125 0.11875000000000001
0 0.041406250000000006 0.47421875 0.0546875 0.1421875
0 0.05234375 0.56796875 0.0703125 0.1421875
0 0.28828125 0.7937500000000001 0.0546875 0.13125
0 0.23203125000000002 0.80859375 0.0546875 0.1484375
0 0.2578125 0.7367187500000001 0.05 0.0890625
0 0.321875 0.73359375 0.046875 0.08281250000000001
0 0.34609375000000003 0.7289062500000001 0.0546875 0.08281250000000001
0 0.33437500000000003 0.8140625 0.078125 0.1125
0 0.33437500000000003 0.9296875 0.05 0.11875000000000001
0 0.28828125 0.94453125 0.0546875 0.1015625
0 0.44609375 0.5484375 0.060937500000000006 0.1125
0 0.51171875 0.5328125 0.0703125 0.16562500000000002
0 0.43046875 0.5953125 0.060937500000000006 0.1125
0 0.44843750000000004 0.64765625 0.05 0.13593750000000002
0 0.48984375 0.6179687500000001 0.060937500000000006 0.13593750000000002
0 0.55 0.6335937500000001 0.059375000000000004 0.1421875
0 0.58125 0.57734375 0.08125 0.1484375
0 0.49921875000000004 0.7484375000000001 0.0578125 0.15937500000000002
0 0.7000000000000001 0.0890625 0.09062500000000001 0.178125
0 0.78515625 0.053125000000000006 0.1078125 0.10625000000000001
0 0.784375 0.15156250000000002 0.084375 0.171875
0 0.87109375 0.13671875 0.1046875 0.18906250000000002
0 0.84296875 0.0328125 0.0734375 0.065625
0 0.7859375000000001 0.2109375 0.08125 0.171875
0 0.8968750000000001 0.17500000000000002 0.08750000000000001 0.171875
0 0.66015625 0.49140625000000004 0.0703125 0.1546875
0 0.73828125 0.45546875000000003 0.060937500000000006 0.1296875
0 0.70078125 0.571875 0.0703125 0.171875
0 0.66328125 0.6507812500000001 0.0578125 0.1296875
0 0.6703125000000001 0.7718750000000001 0.05 0.125
0 0.7359375 0.7453125 0.046875 0.10625000000000001
0 0.73359375 0.62421875 0.06406250000000001 0.13593750000000002
0 0.8695312500000001 0.51875 0.060937500000000006 0.125
0 0.92109375 0.5750000000000001 0.0703125 0.13125
0 0.884375 0.95078125 0.043750000000000004 0.0765625
0 0.9140625 0.95625 0.037500000000000006 0.065625
0 0.509375 0.9320312500000001 0.043750000000000004 0.1015625
0 0.5375 0.9359375000000001 0.040625 0.07187500000000001
0 0.9539062500000001 0.6570312500000001 0.0546875 0.1171875
