0 0.63984375 0.29765625 0.2109375 0.32343750000000004
0 0.75703125 0.6843750000000001 0.1390625 0.22812500000000002
0 0.8875000000000001 0.45156250000000003 0.12812500000000002 0.19375
0 0.3796875 0.6687500000000001 0.09375 0.15937500000000002
0 0.6484375 0.74921875 0.115625 0.1953125
0 0.5671875000000001 0.728125 0.125 0.209375
0 0.31953125000000004 0.22031250000000002 0.1859375 0.30312500000000003
0 0.12812500000000002 0.2625 0.25 0.3875
0 0.19921875 0.6046875 0.0921875 0.1375
0 0.31562500000000004 0.7000000000000001 0.10312500000000001 0.1625
0 0.7453125 0.48515625 0.15625 0.2328125
0 0.11171875 0.7453125 0.0859375 0.13125
0 0.30625 0.8500000000000001 0.06875 0.10625000000000001
0 0.8382812500000001 0.703125 0.0546875 0.096875
0 0.8859375 0.721875 0.05 0.07500000000000001
0 0.96015625 0.465625 0.0765625 0.178125
0 0.23046875 0.5484375 0.06406250000000001 0.115625
0 0.42812500000000003 0.68125 0.078125 0.15000000000000002
0 0.46484375 0.70234375 0.08281250000000001 0.1296875
0 0.7390625000000001 0.32109375 0.12812500000000002 0.22031250000000002
0 0.8078125 0.5281250000000001 0.12187500000000001 0.18125000000000002
