0 0.46953125 0.48125 0.23593750000000002 0.30312500000000003
0 0.37578125 0.28828125 0.2078125 0.2984375
0 0.25234375000000003 0.38593750000000004 0.2171875 0.309375
0 0.73046875 0.6117187500000001 0.22031250000000002 0.31093750000000003
0 0.80859375 0.7265625 0.2328125 0.3375
0 0.56015625 0.690625 0.2234375 0.36250000000000004
0 0.3171875 0.8234375 0.140625 0.20625000000000002
0 0.23750000000000002 0.6351562500000001 0.15937500000000002 0.1796875
0 0.22421875000000002 0.71640625 0.1453125 0.1921875
0 0.41015625 0.60859375 0.17343750000000002 0.2921875
0 0.1859375 0.12187500000000001 0.134375 0.19062500000000002
0 0.0765625 0.0734375 0.15000000000000002 0.146875
0 0.16328125000000002 0.78515625 0.08281250000000001 0.1390625
0 0.12890625 0.721875 0.0671875 0.1125
