0 0.60703125 0.37890625 0.2890625 0.3609375
0 0.60546875 0.6421875 0.26406250000000003 0.34375
0 0.38515625000000003 0.31328125 0.24531250000000002 0.2890625
0 0.20859375000000002 0.41875 0.2484375 0.328125
0 0.11640625 0.296875 0.2328125 0.34687500000000004
0 0.23359375000000002 0.77890625 0.20468750000000002 0.2703125
0 0.1328125 0.70234375 0.1875 0.2546875
0 0.74140625 0.7429687500000001 0.2390625 0.32343750000000004
0 0.84765625 0.6257812500000001 0.2390625 0.32343750000000004
0 0.9171875 0.6546875000000001 0.084375 0.28125
0 0.41796875 0.5203125000000001 0.2734375 0.325
0 0.46171875 0.59375 0.1921875 0.25625000000000003
0 0.34140625 0.84140625 0.11093750000000001 0.1390625
