0 0.7796875000000001 0.5125000000000001 0.13125 0.096875
0 0.6507812500000001 0.878125 0.1453125 0.10625000000000001
0 0.7273437500000001 0.9109375000000001 0.1484375 0.1
0 0.9242187500000001 0.340625 0.1484375 0.109375
0 0.721875 0.58046875 0.12812500000000002 0.0859375
0 0.34765625 0.13828125 0.1921875 0.1265625
0 0.56171875 0.44375000000000003 0.1484375 0.1
0 0.8304687500000001 0.38203125000000004 0.1390625 0.09843750000000001
0 0.24531250000000002 0.5015625 0.134375 0.08125
0 0.390625 0.4296875 0.146875 0.09375
