0 0.2484375 0.47734375 0.21250000000000002 0.2421875
0 0.49375 0.61875 0.22812500000000002 0.23125
0 0.43281250000000004 0.4375 0.21875 0.26875
0 0.5734375 0.50546875 0.171875 0.19843750000000002
0 0.69453125 0.39296875000000003 0.1328125 0.1484375
0 0.55234375 0.77265625 0.2015625 0.2234375
0 0.69140625 0.7296875 0.2109375 0.225
0 0.18906250000000002 0.37812500000000004 0.23125 0.265625
0 0.7421875 0.5476562500000001 0.16562500000000002 0.13593750000000002
0 0.7664062500000001 0.46796875000000004 0.16718750000000002 0.1234375
0 0.16718750000000002 0.1765625 0.153125 0.16875
0 0.27421875 0.14609375 0.16718750000000002 0.1921875
0 0.534375 0.07968750000000001 0.153125 0.15000000000000002
