0 0.09375 0.38828125 0.1625 0.4109375
0 0.23125 0.4 0.28125 0.45625000000000004
0 0.3984375 0.5578125 0.25625000000000003 0.44062500000000004
0 0.6117187500000001 0.55703125 0.22968750000000002 0.3609375
0 0.5546875 0.61328125 0.23750000000000002 0.41718750000000004
0 0.78125 0.48203125 0.265625 0.4546875
0 0.88828125 0.42578125 0.21406250000000002 0.3484375
0 0.7195312500000001 0.7140625 0.2265625 0.4
0 0.853125 0.70859375 0.24375000000000002 0.3828125
0 0.9421875000000001 0.61484375 0.1125 0.38906250000000003
0 0.8054687500000001 0.19609375 0.21406250000000002 0.29531250000000003
