0 0.50703125 0.6804687500000001 0.4296875 0.5234375
0 0.29140625000000003 0.43125 0.3359375 0.290625
0 0.58984375 0.40078125000000003 0.3203125 0.3015625
0 0.65546875 0.2390625 0.26406250000000003 0.278125
0 0.16484375 0.6937500000000001 0.3296875 0.371875
0 0.81640625 0.7328125000000001 0.3046875 0.39375000000000004
0 0.18671875000000002 0.265625 0.2734375 0.22187500000000002
0 0.87109375 0.26015625000000003 0.22031250000000002 0.2578125
0 0.8546875 0.46484375 0.253125 0.32656250000000003
0 0.38046875 0.88046875 0.35781250000000003 0.2109375
