0 0.9078125 0.6117187500000001 0.1625 0.4109375
0 0.76875 0.6000000000000001 0.28125 0.45625000000000004
0 0.6015625 0.4421875 0.25625000000000003 0.44062500000000004
0 0.38984375000000004 0.44296875 0.22968750000000002 0.3609375
0 0.4453125 0.38671875 0.23750000000000002 0.41718750000000004
0 0.21875 0.51953125 0.265625 0.4546875
0 0.11171875 0.57578125 0.21406250000000002 0.3484375
0 0.28046875 0.2859375 0.2265625 0.4
0 0.146875 0.29140625000000003 0.24375000000000002 0.3828125
0 0.0578125 0.38515625000000003 0.1125 0.38906250000000003
0 0.19453125000000002 0.80390625 0.21406250000000002 0.29531250000000003
