0 0.33359375 0.265625 0.21406250000000002 0.44375000000000003
0 0.6296875000000001 0.55703125 0.215625 0.42031250000000003
0 0.50234375 0.7273437500000001 0.2265625 0.4609375
0 0.3796875 0.5890625 0.25 0.415625
0 0.3921875 0.21640625000000002 0.184375 0.37031250000000004
0 0.2171875 0.35546875 0.20625000000000002 0.4390625
0 0.04296875 0.82421875 0.08281250000000001 0.21406250000000002
0 0.0703125 0.8656250000000001 0.12812500000000002 0.259375
0 0.10234375000000001 0.703125 0.1296875 0.225
0 0.70234375 0.70859375 0.2015625 0.4265625
0 0.83203125 0.7117187500000001 0.1234375 0.2703125
0 0.7875000000000001 0.53046875 0.153125 0.3015625
