0 0.7914062500000001 0.553125 0.31093750000000003 0.23750000000000002
0 0.5140625 0.1875 0.39687500000000003 0.278125
0 0.6140625000000001 0.384375 0.403125 0.275
0 0.56796875 0.7156250000000001 0.26406250000000003 0.225
0 0.44375000000000003 0.51484375 0.446875 0.2609375
0 0.32734375000000004 0.6328125 0.3359375 0.19062500000000002
0 0.09531250000000001 0.82421875 0.1875 0.13593750000000002
0 0.08671875000000001 0.7328125000000001 0.1703125 0.15625
0 0.11015625000000001 0.6156250000000001 0.2171875 0.1625
0 0.1953125 0.5 0.21875 0.184375
0 0.06953125 0.5046875000000001 0.13593750000000002 0.13125
