0 0.38359375 0.15234375 0.1046875 0.1421875
0 0.28828125 0.21328125 0.1078125 0.15781250000000002
0 0.43203125000000003 0.18281250000000002 0.1015625 0.153125
0 0.32890625 0.26640625 0.1046875 0.1703125
0 0.20859375000000002 0.234375 0.1234375 0.17500000000000002
0 0.125 0.23046875 0.125 0.15781250000000002
0 0.0671875 0.27578125000000003 0.115625 0.16718750000000002
0 0.017968750000000002 0.3671875 0.035937500000000004 0.15937500000000002
0 0.02109375 0.5476562500000001 0.0421875 0.1296875
0 0.049218750000000006 0.52109375 0.0859375 0.1203125
0 0.10546875 0.52734375 0.0921875 0.1296875
0 0.2984375 0.38359375 0.09062500000000001 0.1203125
0 0.2625 0.44609375 0.09062500000000001 0.1265625
0 0.5734375 0.10546875 0.125 0.1859375
0 0.6265625 0.043750000000000004 0.134375 0.08750000000000001
0 0.7445312500000001 0.06484375 0.11406250000000001 0.1296875
0 0.6671875 0.09375 0.1125 0.15625
0 0.8187500000000001 0.0734375 0.1 0.146875
0 0.8460937500000001 0.11875000000000001 0.11093750000000001 0.15937500000000002
0 0.33046875000000003 0.4265625 0.0859375 0.12812500000000002
0 0.22109375 0.44140625 0.08281250000000001 0.1234375
0 0.42031250000000003 0.46796875000000004 0.06875 0.1015625
0 0.46718750000000003 0.45937500000000003 0.06875 0.09375
0 0.43046875 0.32578125 0.0859375 0.1203125
0 0.48515625 0.28046875 0.07968750000000001 0.1171875
0 0.53359375 0.2734375 0.0734375 0.10625000000000001
0 0.5984375000000001 0.26875 0.096875 0.140625
0 0.5703125 0.19843750000000002 0.09062500000000001 0.115625
0 0.6429687500000001 0.2171875 0.0890625 0.109375
0 0.7421875 0.321875 0.08750000000000001 0.1125
0 0.8375 0.31015625 0.07500000000000001 0.1015625
0 0.8875000000000001 0.3015625 0.078125 0.10312500000000001
0 0.21796875000000002 0.58203125 0.07968750000000001 0.1078125
0 0.26953125 0.5554687500000001 0.0578125 0.08281250000000001
0 0.34375 0.5390625 0.06875 0.096875
0 0.61328125 0.41484375 0.06406250000000001 0.09531250000000001
0 0.86328125 0.41718750000000004 0.060937500000000006 0.08750000000000001
