0 0.146875 0.0234375 0.040625 0.03125
0 0.18906250000000002 0.017968750000000002 0.046875 0.0171875
0 0.16484375 0.03125 0.0390625 0.046875
0 0.18359375 0.26171875 0.0328125 0.051562500000000004
0 0.16328125000000002 0.25625000000000003 0.029687500000000002 0.053125000000000006
0 0.259375 0.14765625000000002 0.034375 0.051562500000000004
0 0.2921875 0.140625 0.034375 0.0625
0 0.2765625 0.1125 0.025 0.034375
0 0.33359375 0.10312500000000001 0.0390625 0.05625
0 0.353125 0.11875000000000001 0.03125 0.053125000000000006
0 0.309375 0.2609375 0.028125 0.05625
0 0.28671875 0.26796875000000003 0.026562500000000003 0.045312500000000006
0 0.23593750000000002 0.48203125 0.03125 0.0578125
0 0.25546875 0.49609375 0.029687500000000002 0.051562500000000004
0 0.56171875 0.05859375 0.0484375 0.0578125
0 0.62890625 0.07968750000000001 0.0484375 0.078125
0 0.56640625 0.36171875000000003 0.0390625 0.0703125
0 0.5765625 0.41875 0.043750000000000004 0.07187500000000001
0 0.50625 0.41640625000000003 0.03125 0.0546875
0 0.7093750000000001 0.09609375 0.043750000000000004 0.0734375
0 0.7117187500000001 0.37109375 0.029687500000000002 0.0421875
0 0.7195312500000001 0.51875 0.0421875 0.0625
0 0.7273437500000001 0.48281250000000003 0.0421875 0.0625
0 0.7921875 0.5296875 0.034375 0.06875
0 0.8203125 0.56953125 0.040625 0.0734375
0 0.9945312500000001 0.36562500000000003 0.0078125 0.065625
0 0.8187500000000001 0.26171875 0.037500000000000006 0.0578125
0 0.7765625 0.27109375 0.03125 0.0578125
0 0.88671875 0.25625000000000003 0.0328125 0.053125000000000006
0 0.890625 0.22109375 0.03125 0.051562500000000004
0 0.8546875 0.209375 0.028125 0.05
0 0.83203125 0.21875 0.0234375 0.034375
0 0.9 0.6062500000000001 0.034375 0.059375000000000004
0 0.2703125 0.53515625 0.040625 0.060937500000000006
