0 0.16796875 0.1421875 0.1796875 0.096875
0 0.1703125 0.44375000000000003 0.15625 0.09062500000000001
0 0.17500000000000002 0.5242187500000001 0.1625 0.09843750000000001
0 0.1796875 0.02421875 0.178125 0.0484375
0 0.18125000000000002 0.76171875 0.16562500000000002 0.0859375
0 0.2234375 0.9890625000000001 0.1375 0.018750000000000003
0 0.225 0.22187500000000002 0.153125 0.09375
0 0.24609375 0.6171875 0.2015625 0.08750000000000001
0 0.265625 0.42734375 0.125 0.1046875
0 0.2671875 0.19296875000000002 0.1125 0.0703125
0 0.2765625 0.6937500000000001 0.140625 0.08125
0 0.27734375 0.045312500000000006 0.1796875 0.08750000000000001
0 0.29609375 0.9539062500000001 0.1546875 0.0890625
0 0.309375 0.5109375 0.12812500000000002 0.078125
0 0.34765625 0.76875 0.1484375 0.06875
0 0.353125 0.44375000000000003 0.078125 0.0625
0 0.384375 0.6960937500000001 0.09375 0.0734375
0 0.3875 0.371875 0.12187500000000001 0.07187500000000001
0 0.4140625 0.4265625 0.12187500000000001 0.05625
0 0.4234375 0.75 0.059375000000000004 0.05625
0 0.42812500000000003 0.14296875 0.08125 0.0890625
0 0.4296875 0.296875 0.115625 0.053125000000000006
0 0.434375 0.21640625000000002 0.125 0.0578125
0 0.44062500000000004 0.24453125 0.1125 0.0546875
0 0.4421875 0.3359375 0.115625 0.05
0 0.4578125 0.38359375 0.10625000000000001 0.0546875
0 0.46718750000000003 0.690625 0.084375 0.053125000000000006
0 0.4703125 0.1203125 0.125 0.053125000000000006
0 0.47968750000000004 0.0140625 0.065625 0.028125
0 0.48281250000000003 0.0671875 0.115625 0.065625
0 0.48671875000000003 0.7351562500000001 0.1046875 0.0421875
0 0.4890625 0.6546875000000001 0.10625000000000001 0.046875
0 0.4921875 0.26640625 0.065625 0.0328125
0 0.51328125 0.24531250000000002 0.045312500000000006 0.03125
0 0.5398437500000001 0.690625 0.0765625 0.046875
0 0.5398437500000001 0.028125 0.1265625 0.053125000000000006
0 0.5484375 0.6171875 0.084375 0.037500000000000006
0 0.55 0.56875 0.065625 0.046875
0 0.55 0.29375 0.09062500000000001 0.043750000000000004
0 0.55234375 0.7734375 0.0734375 0.037500000000000006
0 0.5554687500000001 0.32734375000000004 0.0484375 0.045312500000000006
0 0.55859375 0.09843750000000001 0.0703125 0.046875
0 0.56640625 0.1765625 0.07968750000000001 0.046875
0 0.5671875000000001 0.89375 0.1125 0.046875
0 0.56953125 0.46953125 0.051562500000000004 0.026562500000000003
0 0.5710937500000001 0.49531250000000004 0.0765625 0.037500000000000006
0 0.57734375 0.65 0.07968750000000001 0.043750000000000004
0 0.578125 0.8 0.084375 0.040625
0 0.596875 0.8515625 0.11875000000000001 0.046875
0 0.5984375000000001 0.7078125000000001 0.0625 0.028125
0 0.5984375000000001 0.1171875 0.065625 0.034375
0 0.5984375000000001 0.39765625000000004 0.09062500000000001 0.045312500000000006
0 0.60078125 0.5140625 0.0703125 0.040625
0 0.6015625 0.6843750000000001 0.046875 0.034375
0 0.603125 0.55078125 0.06875 0.0328125
0 0.6046875 0.31484375000000003 0.09062500000000001 0.045312500000000006
0 0.6046875 0.7351562500000001 0.05 0.035937500000000004
0 0.609375 0.14921875 0.08125 0.0421875
0 0.6109375 0.584375 0.0625 0.028125
0 0.6125 0.35078125000000004 0.08750000000000001 0.0390625
0 0.6203125 0.9203125000000001 0.065625 0.034375
0 0.6234375000000001 0.7703125000000001 0.053125000000000006 0.03125
0 0.6265625 0.465625 0.09062500000000001 0.040625
0 0.63046875 0.5640625 0.0703125 0.034375
0 0.6328125 0.5984375000000001 0.0625 0.028125
0 0.6351562500000001 0.42812500000000003 0.09531250000000001 0.040625
0 0.63984375 0.659375 0.0484375 0.040625
0 0.640625 0.24375000000000002 0.065625 0.034375
0 0.6453125000000001 0.12578125 0.046875 0.0328125
0 0.6484375 0.2015625 0.07500000000000001 0.037500000000000006
0 0.6507812500000001 0.039843750000000004 0.0765625 0.0328125
0 0.6531250000000001 0.7515625 0.034375 0.025
0 0.6531250000000001 0.7015625000000001 0.059375000000000004 0.034375
0 0.65390625 0.084375 0.0703125 0.040625
0 0.6546875000000001 0.01171875 0.09062500000000001 0.0234375
0 0.6585937500000001 0.50625 0.051562500000000004 0.028125
0 0.66015625 0.3609375 0.0734375 0.03125
0 0.6609375000000001 0.16328125000000002 0.07187500000000001 0.026562500000000003
0 0.66328125 0.525 0.0546875 0.021875000000000002
0 0.6664062500000001 0.3796875 0.0546875 0.025
0 0.6671875 0.2671875 0.059375000000000004 0.03125
0 0.6703125000000001 0.22031250000000002 0.065625 0.034375
0 0.675 0.28515625 0.065625 0.026562500000000003
0 0.675 0.9304687500000001 0.05 0.0234375
0 0.6765625000000001 0.6179687500000001 0.037500000000000006 0.0234375
0 0.6781250000000001 0.33437500000000003 0.05 0.03125
0 0.6796875 0.1296875 0.046875 0.028125
0 0.6796875 0.9046875000000001 0.037500000000000006 0.028125
0 0.68125 0.9578125000000001 0.065625 0.034375
0 0.6843750000000001 0.59609375 0.053125000000000006 0.0171875
0 0.6875 0.55 0.05625 0.028125
0 0.690625 0.40156250000000004 0.065625 0.03125
0 0.6921875000000001 0.15078125 0.05625 0.0203125
0 0.6937500000000001 0.09765625 0.059375000000000004 0.0328125
0 0.7039062500000001 0.19609375 0.051562500000000004 0.029687500000000002
0 0.7132812500000001 0.06171875 0.0546875 0.0390625
0 0.084375 0.234375 0.15937500000000002 0.09062500000000001
0 0.153125 0.69296875 0.15937500000000002 0.0890625
