0 0.71640625 0.38203125000000004 0.19843750000000002 0.2984375
0 0.584375 0.28046875 0.19062500000000002 0.2546875
0 0.45859375 0.42109375000000004 0.22031250000000002 0.30781250000000004
0 0.5484375 0.67890625 0.215625 0.3328125
0 0.42031250000000003 0.27578125000000003 0.19687500000000002 0.21406250000000002
0 0.09296875 0.20625000000000002 0.1421875 0.325
0 0.20625000000000002 0.171875 0.203125 0.325
0 0.24453125 0.6742187500000001 0.22968750000000002 0.2984375
0 0.1046875 0.80859375 0.184375 0.2734375
0 0.275 0.790625 0.17500000000000002 0.284375
0 0.23046875 0.44921875 0.2078125 0.31093750000000003
