0 0.20859375000000002 0.3375 0.2421875 0.328125
0 0.1296875 0.371875 0.178125 0.26875
0 0.265625 0.6179687500000001 0.21875 0.2828125
0 0.5398437500000001 0.43281250000000004 0.23593750000000002 0.28750000000000003
0 0.6492187500000001 0.48203125 0.2015625 0.2828125
0 0.8031250000000001 0.47968750000000004 0.11875000000000001 0.140625
0 0.41328125000000004 0.7195312500000001 0.11406250000000001 0.1484375
0 0.33437500000000003 0.7234375000000001 0.11875000000000001 0.153125
0 0.39140625 0.39140625 0.1265625 0.16718750000000002
0 0.37031250000000004 0.54296875 0.12812500000000002 0.1796875
0 0.49453125000000003 0.540625 0.19843750000000002 0.25
0 0.71484375 0.49062500000000003 0.1484375 0.19062500000000002
0 0.7562500000000001 0.875 0.065625 0.09375
0 0.8070312500000001 0.8203125 0.0703125 0.09062500000000001
0 0.81640625 0.7609375 0.0703125 0.078125
0 0.7203125 0.6140625000000001 0.08125 0.084375
0 0.61875 0.6179687500000001 0.11875000000000001 0.1453125
0 0.5625 0.6671875 0.08125 0.1125
0 0.49140625000000004 0.6312500000000001 0.1328125 0.16875
0 0.51015625 0.7093750000000001 0.0890625 0.10625000000000001
0 0.5390625 0.80234375 0.053125000000000006 0.08281250000000001
0 0.31328125 0.859375 0.060937500000000006 0.08750000000000001
0 0.26171875 0.75546875 0.0890625 0.1265625
0 0.21796875000000002 0.7156250000000001 0.08281250000000001 0.109375
0 0.34921875 0.83359375 0.0671875 0.0890625
0 0.38828125 0.8171875000000001 0.060937500000000006 0.08750000000000001
0 0.43828125 0.79453125 0.0765625 0.09531250000000001
0 0.24296875 0.8671875 0.0578125 0.07187500000000001
0 0.2234375 0.853125 0.046875 0.059375000000000004
