0 0.5578125 0.46875 0.43125 0.39375000000000004
0 0.37421875000000004 0.7296875 0.4734375 0.45937500000000003
0 0.22812500000000002 0.42265625 0.45625000000000004 0.4109375
0 0.8796875000000001 0.3921875 0.215625 0.18125000000000002
0 0.88203125 0.534375 0.19843750000000002 0.16562500000000002
0 0.7109375 0.30546875 0.259375 0.1796875
0 0.534375 0.2171875 0.30000000000000004 0.2
0 0.30312500000000003 0.1796875 0.284375 0.19687500000000002
0 0.15546875000000002 0.225 0.2390625 0.184375
0 0.87890625 0.67734375 0.17343750000000002 0.1859375
