0 0.51171875 0.29140625000000003 0.0921875 0.1328125
0 0.15078125 0.46171875 0.1015625 0.1453125
0 0.115625 0.38828125 0.096875 0.1484375
0 0.67890625 0.1234375 0.1046875 0.1625
0 0.44453125000000004 0.35781250000000003 0.08281250000000001 0.12812500000000002
0 0.89453125 0.6804687500000001 0.1203125 0.1921875
0 0.5859375 0.5007812500000001 0.096875 0.1484375
0 0.640625 0.22812500000000002 0.09375 0.1375
0 0.534375 0.8226562500000001 0.078125 0.1328125
0 0.603125 0.6687500000000001 0.09062500000000001 0.146875
