0 0.7796875000000001 0.66953125 0.15625 0.23593750000000002
0 0.8734375000000001 0.60546875 0.15625 0.1953125
0 0.70078125 0.509375 0.11093750000000001 0.1375
0 0.5421875 0.49375 0.16875 0.22187500000000002
0 0.22890625 0.6218750000000001 0.1640625 0.22187500000000002
0 0.11171875 0.52109375 0.15156250000000002 0.1953125
0 0.278125 0.5296875 0.1375 0.178125
0 0.4 0.5242187500000001 0.134375 0.1953125
0 0.45546875000000003 0.38203125000000004 0.1296875 0.15156250000000002
0 0.7273437500000001 0.6273437500000001 0.11093750000000001 0.1609375
