0 0.7914062500000001 0.94921875 0.1796875 0.0859375
0 0.9554687500000001 0.7664062500000001 0.0734375 0.09531250000000001
0 0.6531250000000001 0.6687500000000001 0.1875 0.12812500000000002
0 0.63203125 0.7312500000000001 0.1609375 0.096875
0 0.7015625000000001 0.54453125 0.16562500000000002 0.09843750000000001
0 0.503125 0.81171875 0.09062500000000001 0.0578125
0 0.55078125 0.8031250000000001 0.1078125 0.06875
0 0.5164062500000001 0.76484375 0.09531250000000001 0.0578125
0 0.478125 0.7890625 0.096875 0.0625
0 0.4703125 0.8367187500000001 0.078125 0.051562500000000004
0 0.56171875 0.9500000000000001 0.11406250000000001 0.05625
0 0.6171875 0.946875 0.10312500000000001 0.06875
0 0.57578125 0.971875 0.0734375 0.0125
0 0.66796875 0.50546875 0.1203125 0.0734375
0 0.6515625 0.453125 0.14375000000000002 0.09375
0 0.8500000000000001 0.3953125 0.178125 0.125
0 0.94453125 0.38125000000000003 0.1078125 0.109375
0 0.6781250000000001 0.047656250000000004 0.153125 0.0921875
0 0.58125 0.025781250000000002 0.08750000000000001 0.0484375
0 0.5750000000000001 0.18984375 0.11875000000000001 0.0703125
0 0.5789062500000001 0.2265625 0.1265625 0.078125
0 0.7273437500000001 0.29921875000000003 0.15781250000000002 0.11093750000000001
0 0.71640625 0.37109375 0.1640625 0.09531250000000001
0 0.6687500000000001 0.29921875000000003 0.178125 0.11093750000000001
0 0.55 0.40234375 0.10625000000000001 0.060937500000000006
0 0.49765625 0.59609375 0.09531250000000001 0.0578125
0 0.484375 0.6171875 0.08750000000000001 0.05
0 0.48281250000000003 0.4734375 0.096875 0.0625
0 0.4921875 0.4234375 0.1125 0.065625
0 0.48359375000000004 0.3453125 0.1015625 0.07187500000000001
0 0.421875 0.3828125 0.084375 0.05625
0 0.446875 0.6726562500000001 0.07187500000000001 0.051562500000000004
0 0.4734375 0.640625 0.09062500000000001 0.053125000000000006
0 0.43125 0.8140625 0.09062500000000001 0.053125000000000006
0 0.7367187500000001 0.9773437500000001 0.1546875 0.0234375
0 0.4625 0.9578125000000001 0.08125 0.028125
