0 0.4453125 0.49609375 0.19375 0.2515625
0 0.64765625 0.51875 0.2015625 0.24375000000000002
0 0.8171875000000001 0.4625 0.1875 0.234375
0 0.9007812500000001 0.58203125 0.1546875 0.20468750000000002
0 0.76328125 0.6171875 0.18906250000000002 0.23125
0 0.6765625000000001 0.421875 0.16562500000000002 0.171875
0 0.5421875 0.48203125 0.153125 0.21406250000000002
0 0.6117187500000001 0.66171875 0.2109375 0.22031250000000002
0 0.30625 0.48125 0.203125 0.26875
0 0.16953125000000002 0.5164062500000001 0.18281250000000002 0.22968750000000002
0 0.15781250000000002 0.37109375 0.17500000000000002 0.21406250000000002
0 0.06640625 0.49531250000000004 0.1328125 0.21875
0 0.04453125 0.74140625 0.0890625 0.23593750000000002
