0 0.19062500000000002 0.1640625 0.22812500000000002 0.23125
0 0.815625 0.8390625 0.19375 0.19687500000000002
0 0.76875 0.4453125 0.178125 0.16875
0 0.7359375 0.625 0.209375 0.1875
0 0.51875 0.43281250000000004 0.1 0.203125
0 0.45937500000000003 0.8406250000000001 0.1875 0.20625000000000002
0 0.44843750000000004 0.42812500000000003 0.16875 0.18125000000000002
0 0.39453125 0.3203125 0.19843750000000002 0.21875
0 0.3796875 0.5421875 0.19687500000000002 0.184375
0 0.37343750000000003 0.71484375 0.184375 0.2078125
0 0.290625 0.3015625 0.13125 0.16875
