0 0.87265625 0.40546875000000004 0.21406250000000002 0.2078125
0 0.69453125 0.35000000000000003 0.2421875 0.22187500000000002
0 0.71484375 0.51171875 0.2328125 0.2015625
0 0.56484375 0.59375 0.2546875 0.225
0 0.53671875 0.775 0.2265625 0.184375
0 0.47734375 0.85546875 0.19843750000000002 0.16718750000000002
0 0.32734375000000004 0.8921875 0.2078125 0.13125
0 0.35390625000000003 0.82421875 0.2078125 0.1703125
0 0.36328125 0.73984375 0.20468750000000002 0.15781250000000002
0 0.49843750000000003 0.721875 0.225 0.2
0 0.2703125 0.55625 0.15937500000000002 0.1375
0 0.31015625 0.49453125000000003 0.1453125 0.1296875
0 0.4765625 0.5328125 0.22187500000000002 0.215625
