0 0.31875000000000003 0.578125 0.40625 0.39687500000000003
0 0.6648437500000001 0.50546875 0.4421875 0.3921875
0 0.8671875 0.39765625000000004 0.20625000000000002 0.24531250000000002
0 0.35781250000000003 0.2921875 0.546875 0.375
0 0.7828125 0.2078125 0.284375 0.28125
0 0.5484375 0.23125 0.30000000000000004 0.30625
0 0.32343750000000004 0.9320312500000001 0.21250000000000002 0.1328125
0 0.5085937500000001 0.9140625 0.1953125 0.16875
0 0.84921875 0.8625 0.2015625 0.18125000000000002
0 0.6976562500000001 0.07421875 0.3171875 0.1296875
0 0.68515625 0.8851562500000001 0.2078125 0.1859375
0 0.41640625000000003 0.09140625000000001 0.3015625 0.1703125
0 0.3921875 0.81640625 0.22187500000000002 0.18281250000000002
0 0.584375 0.7765625 0.21875 0.19375
0 0.7664062500000001 0.7421875 0.20468750000000002 0.19687500000000002
0 0.86484375 0.5867187500000001 0.22968750000000002 0.2078125
