0 0.5398437500000001 0.34453125 0.31093750000000003 0.2921875
0 0.8054687500000001 0.3609375 0.32656250000000003 0.284375
0 0.415625 0.7523437500000001 0.296875 0.2984375
0 0.68515625 0.6781250000000001 0.3046875 0.290625
0 0.19296875000000002 0.58515625 0.2984375 0.2921875
0 0.27109375 0.35234375 0.2515625 0.26406250000000003
0 0.5125000000000001 0.1265625 0.290625 0.22187500000000002
0 0.14765625000000002 0.171875 0.2546875 0.26875
0 0.6257812500000001 0.91796875 0.3828125 0.1609375
0 0.8210937500000001 0.18046875 0.3515625 0.2234375
0 0.12265625000000001 0.8695312500000001 0.24531250000000002 0.22031250000000002
0 0.0734375 0.6421875 0.146875 0.29375
0 0.07968750000000001 0.4 0.15937500000000002 0.2625
