0 0.76171875 0.8875000000000001 0.1921875 0.12812500000000002
0 0.41640625000000003 0.26484375 0.1921875 0.1296875
0 0.22031250000000002 0.5515625000000001 0.1875 0.12187500000000001
0 0.16796875 0.6203125 0.1703125 0.11875000000000001
0 0.7125 0.6468750000000001 0.28125 0.19375
0 0.9007812500000001 0.5609375 0.1953125 0.203125
0 0.45937500000000003 0.8992187500000001 0.153125 0.1046875
0 0.63046875 0.5453125 0.2609375 0.171875
0 0.47734375 0.52109375 0.18906250000000002 0.1609375
0 0.45156250000000003 0.15234375 0.171875 0.11406250000000001
0 0.27265625 0.2890625 0.1765625 0.11875000000000001
0 0.8515625 0.6000000000000001 0.278125 0.1875
0 0.36562500000000003 0.41328125000000004 0.171875 0.1203125
0 0.7046875 0.9734375000000001 0.203125 0.05
0 0.60859375 0.95078125 0.1953125 0.09531250000000001
0 0.45937500000000003 0.7445312500000001 0.17500000000000002 0.1203125
