0 0.028125 0.2421875 0.05625 0.19062500000000002
0 0.0703125 0.42031250000000003 0.140625 0.23750000000000002
0 0.21406250000000002 0.3671875 0.146875 0.2
0 0.17578125 0.5171875 0.1546875 0.21250000000000002
0 0.26796875000000003 0.45078125 0.13593750000000002 0.17343750000000002
0 0.23046875 0.6351562500000001 0.1171875 0.1390625
0 0.33046875000000003 0.6507812500000001 0.1265625 0.1859375
0 0.42890625000000004 0.6507812500000001 0.15156250000000002 0.2171875
0 0.52734375 0.6109375 0.1546875 0.21250000000000002
0 0.5296875 0.775 0.15937500000000002 0.21875
0 0.5867187500000001 0.6531250000000001 0.1390625 0.184375
0 0.7171875000000001 0.6687500000000001 0.15937500000000002 0.21875
0 0.64765625 0.76484375 0.1203125 0.17343750000000002
0 0.703125 0.5085937500000001 0.10625000000000001 0.13593750000000002
0 0.76171875 0.41484375 0.1265625 0.1609375
0 0.88671875 0.50234375 0.1546875 0.1921875
0 0.8679687500000001 0.65390625 0.15156250000000002 0.18281250000000002
0 0.95234375 0.68671875 0.07968750000000001 0.19843750000000002
0 0.9578125000000001 0.54296875 0.07187500000000001 0.1484375
0 0.92578125 0.76875 0.1328125 0.1875
