0 0.40859375000000003 0.76328125 0.2671875 0.16718750000000002
0 0.6359375 0.8914062500000001 0.309375 0.2015625
0 0.8226562500000001 0.7601562500000001 0.2734375 0.18281250000000002
0 0.7468750000000001 0.3796875 0.29375 0.18125000000000002
0 0.53828125 0.37812500000000004 0.2484375 0.18125000000000002
0 0.7093750000000001 0.25234375000000003 0.284375 0.1796875
0 0.5859375 0.234375 0.178125 0.146875
0 0.42031250000000003 0.52578125 0.225 0.15156250000000002
0 0.2421875 0.6203125 0.25625000000000003 0.1625
0 0.2484375 0.21875 0.23750000000000002 0.16875
0 0.1421875 0.2765625 0.240625 0.15625
0 0.19375 0.134375 0.2625 0.15937500000000002
