0 0.7625000000000001 0.4578125 0.1375 0.178125
0 0.5890625 0.2078125 0.1375 0.15625
0 0.56640625 0.0421875 0.11093750000000001 0.084375
0 0.7468750000000001 0.026562500000000003 0.125 0.053125000000000006
0 0.8406250000000001 0.06875 0.0625 0.1375
0 0.52734375 0.17421875 0.11093750000000001 0.1421875
0 0.509375 0.2625 0.09375 0.134375
0 0.6000000000000001 0.2921875 0.10625000000000001 0.146875
0 0.28984375 0.10234375000000001 0.0890625 0.1078125
0 0.18906250000000002 0.0765625 0.09375 0.125
0 0.384375 0.11796875000000001 0.09375 0.11093750000000001
0 0.1453125 0.26328125 0.05 0.0890625
0 0.22265625 0.32890625 0.07968750000000001 0.09843750000000001
0 0.19609375 0.3609375 0.07968750000000001 0.115625
0 0.36015625 0.3984375 0.1078125 0.146875
0 0.46875 0.43984375000000003 0.09375 0.1421875
0 0.584375 0.5 0.084375 0.1375
0 0.41640625000000003 0.7796875000000001 0.11093750000000001 0.15625
0 0.38906250000000003 0.6468750000000001 0.10312500000000001 0.1375
0 0.32265625000000003 0.7578125 0.1015625 0.1375
0 0.25859375 0.88046875 0.07968750000000001 0.1421875
0 0.35078125000000004 0.8914062500000001 0.09843750000000001 0.1296875
0 0.5140625 0.8250000000000001 0.09375 0.146875
0 0.23828125 0.9078125 0.0671875 0.115625
0 0.7375 0.09140625000000001 0.10625000000000001 0.11093750000000001
