0 0.5945312500000001 0.1640625 0.2515625 0.325
0 0.58203125 0.45546875000000003 0.3328125 0.32656250000000003
0 0.18125000000000002 0.22578125000000002 0.28125 0.4234375
0 0.15390625000000002 0.55390625 0.2765625 0.43281250000000004
0 0.2921875 0.8093750000000001 0.33125000000000004 0.30312500000000003
0 0.33437500000000003 0.546875 0.30625 0.38125000000000003
0 0.37265625 0.25703125 0.2890625 0.37343750000000003
0 0.44140625 0.08515625 0.2265625 0.16718750000000002
0 0.52578125 0.696875 0.26406250000000003 0.30312500000000003
0 0.65390625 0.8546875 0.22968750000000002 0.23750000000000002
0 0.5109375 0.8875000000000001 0.203125 0.171875
0 0.8390625 0.40625 0.215625 0.265625
0 0.8140625 0.62421875 0.21875 0.24531250000000002
0 0.7953125000000001 0.84296875 0.2 0.2421875
0 0.6820312500000001 0.63828125 0.2078125 0.2390625
0 0.7140625 0.40234375 0.21250000000000002 0.26406250000000003
