0 0.08046875 0.5015625 0.1234375 0.203125
0 0.22109375 0.6390625000000001 0.1546875 0.22187500000000002
0 0.17421875 0.5609375 0.1328125 0.2
0 0.1859375 0.65234375 0.12812500000000002 0.1796875
0 0.36015625 0.7078125000000001 0.1609375 0.240625
0 0.29531250000000003 0.5734375 0.153125 0.21875
0 0.29921875000000003 0.46328125000000003 0.0671875 0.07968750000000001
0 0.253125 0.42109375000000004 0.065625 0.0921875
0 0.240625 0.47968750000000004 0.06875 0.109375
0 0.24921875000000002 0.37812500000000004 0.0578125 0.084375
0 0.42578125 0.33671875 0.09531250000000001 0.13593750000000002
0 0.40234375 0.3609375 0.0890625 0.125
0 0.55234375 0.3640625 0.13593750000000002 0.18125000000000002
0 0.65390625 0.46484375 0.1390625 0.1953125
0 0.54296875 0.4296875 0.1265625 0.171875
0 0.7421875 0.45390625 0.146875 0.2015625
0 0.8828125 0.49296875 0.146875 0.2078125
0 0.8148437500000001 0.41250000000000003 0.1421875 0.2
0 0.92734375 0.53671875 0.1421875 0.2765625
0 0.98984375 0.64375 0.0171875 0.26875
0 0.9750000000000001 0.62421875 0.046875 0.22968750000000002
0 0.7117187500000001 0.3375 0.11093750000000001 0.1375
0 0.6531250000000001 0.296875 0.09375 0.140625
0 0.49609375 0.2625 0.0921875 0.14375000000000002
0 0.5125000000000001 0.16484375 0.06875 0.11093750000000001
0 0.5515625000000001 0.13203125000000002 0.06875 0.09843750000000001
0 0.5554687500000001 0.08515625 0.0765625 0.0921875
0 0.27968750000000003 0.3046875 0.059375000000000004 0.08125
0 0.178125 0.2171875 0.0625 0.09375
0 0.22734375 0.1875 0.06406250000000001 0.08125
0 0.1921875 0.30312500000000003 0.059375000000000004 0.096875
0 0.9382812500000001 0.6375000000000001 0.1203125 0.1875
0 0.6039062500000001 0.29609375 0.09531250000000001 0.1546875
0 0.3375 0.26640625 0.0625 0.0859375
0 0.2703125 0.37578125 0.05625 0.0734375
0 0.19140625 0.14609375 0.0546875 0.08281250000000001
0 0.1265625 0.26015625000000003 0.043750000000000004 0.060937500000000006
0 0.153125 0.2671875 0.037500000000000006 0.05
