0 0.17421875 0.25859375 0.2234375 0.20468750000000002
0 0.3765625 0.25625000000000003 0.215625 0.22187500000000002
0 0.6203125 0.31015625 0.225 0.24531250000000002
0 0.81640625 0.26796875000000003 0.24531250000000002 0.22968750000000002
0 0.84921875 0.5453125 0.2171875 0.22812500000000002
0 0.66953125 0.5484375 0.2015625 0.246875
0 0.478125 0.52578125 0.22812500000000002 0.2484375
0 0.29609375 0.55859375 0.2234375 0.22968750000000002
0 0.109375 0.5398437500000001 0.2 0.2765625
0 0.0921875 0.7765625 0.184375 0.23750000000000002
0 0.34218750000000003 0.790625 0.209375 0.259375
0 0.534375 0.7828125 0.225 0.275
0 0.8265625000000001 0.74921875 0.2625 0.2484375
0 0.49609375 0.11640625 0.27968750000000003 0.22031250000000002
0 0.6960937500000001 0.88828125 0.1953125 0.22031250000000002
0 0.10625000000000001 0.90546875 0.21250000000000002 0.1859375
0 0.29531250000000003 0.9078125 0.19687500000000002 0.17500000000000002
0 0.14140625 0.14609375 0.1859375 0.2171875
