0 0.3125 0.23750000000000002 0.1875 0.31875000000000003
0 0.23046875 0.25546875 0.1296875 0.26406250000000003
0 0.325 0.52734375 0.171875 0.2734375
0 0.62265625 0.39609375 0.18906250000000002 0.2765625
0 0.7234375000000001 0.46484375 0.153125 0.2765625
0 0.87265625 0.49140625000000004 0.09531250000000001 0.13593750000000002
0 0.45546875000000003 0.6578125 0.0890625 0.14375000000000002
0 0.3765625 0.64453125 0.09375 0.1484375
0 0.48359375000000004 0.32656250000000003 0.09843750000000001 0.1625
0 0.43984375000000003 0.4734375 0.09531250000000001 0.17500000000000002
0 0.5609375 0.49375 0.15625 0.240625
0 0.784375 0.48515625 0.11875000000000001 0.18281250000000002
0 0.7671875 0.8773437500000001 0.05 0.0890625
0 0.82578125 0.8328125000000001 0.0578125 0.08750000000000001
0 0.84296875 0.7757812500000001 0.0578125 0.0734375
0 0.7718750000000001 0.6117187500000001 0.06875 0.07968750000000001
0 0.67109375 0.5953125 0.09531250000000001 0.140625
0 0.6109375 0.6328125 0.0625 0.109375
0 0.54453125 0.5828125000000001 0.1046875 0.1625
0 0.5515625000000001 0.6664062500000001 0.07187500000000001 0.1015625
0 0.56484375 0.76328125 0.0390625 0.07968750000000001
0 0.3359375 0.7781250000000001 0.046875 0.084375
0 0.30078125 0.66328125 0.0671875 0.1234375
0 0.26328125 0.61640625 0.06406250000000001 0.1046875
0 0.375 0.7585937500000001 0.053125000000000006 0.0859375
0 0.415625 0.7484375000000001 0.046875 0.084375
0 0.46796875000000004 0.7367187500000001 0.060937500000000006 0.0921875
0 0.26640625 0.77109375 0.0484375 0.0671875
0 0.24765625000000002 0.75390625 0.035937500000000004 0.0578125
