0 0.16562500000000002 0.384375 0.284375 0.34687500000000004
0 0.3640625 0.36250000000000004 0.23750000000000002 0.28750000000000003
0 0.14296875 0.13203125000000002 0.1859375 0.24531250000000002
0 0.22187500000000002 0.65546875 0.30625 0.3953125
0 0.4453125 0.60859375 0.259375 0.30781250000000004
0 0.6312500000000001 0.5710937500000001 0.26875 0.3015625
0 0.55703125 0.31796875 0.24531250000000002 0.2921875
0 0.41171875 0.1375 0.0484375 0.22812500000000002
0 0.8203125 0.50546875 0.253125 0.29531250000000003
0 0.7296875 0.27187500000000003 0.234375 0.253125
0 0.41328125000000004 0.85546875 0.3015625 0.2859375
0 0.6140625000000001 0.83515625 0.30625 0.32656250000000003
0 0.82734375 0.7734375 0.2765625 0.359375
0 0.8093750000000001 0.9476562500000001 0.234375 0.1015625
0 0.5867187500000001 0.1203125 0.2078125 0.2
