0 0.80390625 0.77109375 0.18906250000000002 0.2890625
0 0.7328125000000001 0.6625000000000001 0.17500000000000002 0.284375
0 0.56015625 0.7351562500000001 0.18906250000000002 0.32656250000000003
0 0.48281250000000003 0.51875 0.2 0.2625
0 0.40234375 0.321875 0.1703125 0.25
0 0.27109375 0.41953125 0.1796875 0.26406250000000003
0 0.30546875 0.5375 0.16718750000000002 0.22187500000000002
0 0.42265625 0.64453125 0.15156250000000002 0.2671875
0 0.30390625000000004 0.84921875 0.1203125 0.1921875
0 0.24531250000000002 0.66328125 0.14375000000000002 0.1484375
0 0.2265625 0.7421875 0.146875 0.178125
0 0.22265625 0.1453125 0.11093750000000001 0.1875
0 0.115625 0.08125 0.134375 0.1625
