0 0.40078125000000003 0.325 0.23593750000000002 0.19687500000000002
0 0.5 0.45 0.234375 0.19062500000000002
0 0.69921875 0.36796875 0.22968750000000002 0.18906250000000002
0 0.675 0.49375 0.22812500000000002 0.16875
0 0.58203125 0.59609375 0.2546875 0.19843750000000002
0 0.40546875000000004 0.8250000000000001 0.2265625 0.16562500000000002
0 0.34296875000000004 0.925 0.18906250000000002 0.134375
0 0.53125 0.75390625 0.09062500000000001 0.0765625
0 0.578125 0.89765625 0.1 0.0703125
0 0.65390625 0.041406250000000006 0.15156250000000002 0.08281250000000001
