0 0.6671875 0.14140625 0.19062500000000002 0.09843750000000001
0 0.5921875 0.21406250000000002 0.20625000000000002 0.10625000000000001
0 0.6890625 0.2921875 0.18125000000000002 0.096875
0 0.51796875 0.2828125 0.18281250000000002 0.09062500000000001
0 0.6000000000000001 0.5296875 0.16875 0.08750000000000001
0 0.71640625 0.6726562500000001 0.1453125 0.0859375
0 0.59765625 0.44765625000000003 0.17343750000000002 0.08281250000000001
0 0.52734375 0.37578125 0.1453125 0.0671875
0 0.52578125 0.57734375 0.17343750000000002 0.0890625
0 0.7664062500000001 0.84140625 0.18906250000000002 0.11093750000000001
0 0.628125 0.77734375 0.16875 0.1015625
0 0.68125 0.9031250000000001 0.203125 0.09062500000000001
0 0.5875 0.6937500000000001 0.16875 0.084375
0 0.3828125 0.88046875 0.1125 0.0578125
0 0.3921875 0.82578125 0.1125 0.0546875
0 0.58515625 0.08046875 0.15781250000000002 0.0734375
0 0.5945312500000001 0.035937500000000004 0.1609375 0.059375000000000004
0 0.5078125 0.153125 0.12812500000000002 0.0625
0 0.33984375 0.16171875000000002 0.1234375 0.0671875
0 0.5593750000000001 0.85078125 0.140625 0.0765625
0 0.29375 0.5296875 0.10625000000000001 0.059375000000000004
0 0.4390625 0.36171875000000003 0.109375 0.0671875
0 0.42812500000000003 0.45 0.12812500000000002 0.07187500000000001
0 0.48828125 0.6875 0.1171875 0.078125
