0 0.47421875 0.18906250000000002 0.2078125 0.309375
0 0.66796875 0.30000000000000004 0.2078125 0.31562500000000004
0 0.31875000000000003 0.33984375 0.22187500000000002 0.3171875
0 0.51796875 0.4734375 0.20468750000000002 0.29375
0 0.35546875 0.6257812500000001 0.2015625 0.30781250000000004
0 0.72421875 0.5945312500000001 0.2015625 0.3046875
0 0.56640625 0.753125 0.2171875 0.309375
0 0.40859375000000003 0.87890625 0.2078125 0.2390625
0 0.78046875 0.8640625000000001 0.21406250000000002 0.26875
0 0.6062500000000001 0.9375 0.2 0.12187500000000001
