0 0.9007812500000001 0.40546875000000004 0.1953125 0.1203125
0 0.9789062500000001 0.7156250000000001 0.0390625 0.11875000000000001
0 0.9359375000000001 0.63984375 0.125 0.1203125
0 0.91171875 0.7312500000000001 0.17343750000000002 0.109375
0 0.9242187500000001 0.81796875 0.1484375 0.1265625
0 0.8859375 0.74375 0.21250000000000002 0.1
0 0.9148437500000001 0.8453125 0.16718750000000002 0.09375
0 0.9750000000000001 0.45390625 0.046875 0.1015625
0 0.98359375 0.35546875 0.029687500000000002 0.0734375
0 0.8828125 0.22578125000000002 0.21250000000000002 0.11406250000000001
0 0.5859375 0.26484375 0.178125 0.0921875
0 0.45937500000000003 0.22421875000000002 0.203125 0.1046875
0 0.6218750000000001 0.18828125 0.178125 0.0921875
0 0.609375 0.11406250000000001 0.146875 0.09062500000000001
0 0.48203125 0.09375 0.1609375 0.08750000000000001
0 0.3765625 0.05859375 0.16562500000000002 0.0859375
0 0.52734375 0.030468750000000003 0.1421875 0.060937500000000006
0 0.7828125 0.05078125 0.21250000000000002 0.1015625
0 0.47265625 0.45078125 0.1265625 0.07968750000000001
0 0.48828125 0.515625 0.15781250000000002 0.084375
0 0.46640625 0.58828125 0.15156250000000002 0.1015625
0 0.565625 0.65390625 0.153125 0.0890625
0 0.61640625 0.7265625 0.1203125 0.078125
0 0.909375 0.6570312500000001 0.146875 0.09531250000000001
0 0.58515625 0.8625 0.1265625 0.07500000000000001
0 0.54453125 0.921875 0.15781250000000002 0.096875
0 0.46406250000000004 0.9609375 0.12187500000000001 0.0625
0 0.4546875 0.7468750000000001 0.15000000000000002 0.07500000000000001
0 0.49609375 0.7039062500000001 0.1703125 0.0890625
0 0.41250000000000003 0.6781250000000001 0.15000000000000002 0.07500000000000001
0 0.3359375 0.7578125 0.109375 0.0625
0 0.29140625000000003 0.7015625000000001 0.13593750000000002 0.07187500000000001
0 0.30781250000000004 0.875 0.09375 0.05
0 0.16718750000000002 0.92734375 0.065625 0.0390625
0 0.16328125000000002 0.9476562500000001 0.08281250000000001 0.0390625
0 0.16562500000000002 0.96875 0.08125 0.040625
0 0.27265625 0.53046875 0.1390625 0.0734375
0 0.36640625000000004 0.47187500000000004 0.1234375 0.078125
0 0.421875 0.43515625 0.12187500000000001 0.0671875
0 0.403125 0.5632812500000001 0.14375000000000002 0.0734375
0 0.11093750000000001 0.55703125 0.109375 0.0578125
0 0.07734375 0.39296875000000003 0.1015625 0.060937500000000006
0 0.19453125000000002 0.32734375000000004 0.13593750000000002 0.0734375
0 0.18906250000000002 0.3796875 0.134375 0.08125
0 0.16171875000000002 0.27968750000000003 0.1328125 0.07187500000000001
0 0.25390625 0.2859375 0.0890625 0.0625
0 0.26796875000000003 0.34765625 0.09843750000000001 0.0546875
0 0.2703125 0.37734375000000003 0.09062500000000001 0.0671875
0 0.5078125 0.140625 0.140625 0.08125
0 0.47890625000000003 0.03828125 0.1796875 0.0765625
0 0.07187500000000001 0.34609375000000003 0.1 0.0671875
