0 0.47265625 0.6742187500000001 0.4234375 0.5390625
0 0.32578125 0.37421875000000004 0.3328125 0.3046875
0 0.61484375 0.4140625 0.3140625 0.31562500000000004
0 0.7156250000000001 0.26640625 0.259375 0.2890625
0 0.1546875 0.60078125 0.309375 0.38593750000000004
0 0.7757812500000001 0.7718750000000001 0.3453125 0.353125
0 0.265625 0.18359375 0.26875 0.2328125
0 0.8992187500000001 0.33828125000000003 0.1859375 0.26406250000000003
0 0.85859375 0.540625 0.2609375 0.3375
0 0.3015625 0.859375 0.353125 0.25625000000000003
