0 0.8367187500000001 0.33828125000000003 0.22968750000000002 0.3296875
0 0.45546875000000003 0.384375 0.2734375 0.421875
0 0.659375 0.4296875 0.253125 0.39375000000000004
0 0.27968750000000003 0.478125 0.259375 0.415625
0 0.21875 0.6648437500000001 0.171875 0.2484375
0 0.10625000000000001 0.7093750000000001 0.15625 0.240625
0 0.478125 0.7796875000000001 0.09062500000000001 0.125
0 0.23125 0.80390625 0.10312500000000001 0.1265625
0 0.31328125 0.80625 0.1046875 0.115625
0 0.43515625 0.8203125 0.09531250000000001 0.11875000000000001
0 0.84765625 0.18906250000000002 0.2578125 0.309375
0 0.6531250000000001 0.22578125000000002 0.209375 0.3046875
