0 0.67890625 0.1796875 0.1609375 0.215625
0 0.665625 0.37421875000000004 0.17500000000000002 0.2171875
0 0.515625 0.30859375 0.15625 0.2109375
0 0.3828125 0.42578125 0.17500000000000002 0.22968750000000002
0 0.19609375 0.40078125000000003 0.1390625 0.2078125
0 0.096875 0.43359375 0.12812500000000002 0.1796875
0 0.025 0.5640625 0.05 0.2
0 0.08281250000000001 0.55859375 0.12812500000000002 0.18906250000000002
0 0.16953125000000002 0.5734375 0.11406250000000001 0.1875
0 0.23359375000000002 0.45234375000000004 0.1546875 0.2015625
0 0.31484375000000003 0.7109375 0.1078125 0.14375000000000002
0 0.38828125 0.69140625 0.1015625 0.1296875
0 0.4109375 0.5265625 0.171875 0.19375
