0 0.45625000000000004 0.56953125 0.321875 0.4734375
0 0.671875 0.6257812500000001 0.278125 0.34218750000000003
0 0.72421875 0.33437500000000003 0.34218750000000003 0.39375000000000004
0 0.58125 0.17343750000000002 0.321875 0.34375
0 0.26171875 0.33125000000000004 0.34218750000000003 0.321875
0 0.3046875 0.12265625000000001 0.36875 0.2421875
0 0.153125 0.72421875 0.29375 0.40468750000000003
0 0.40468750000000003 0.7859375000000001 0.3375 0.3875
0 0.6742187500000001 0.8539062500000001 0.2921875 0.2828125
0 0.8828125 0.69921875 0.23125 0.3203125
0 0.9078125 0.4609375 0.18125000000000002 0.3375
0 0.9109375000000001 0.19453125000000002 0.17500000000000002 0.3328125
