0 0.796875 0.75703125 0.403125 0.48281250000000003
0 0.465625 0.759375 0.371875 0.478125
0 0.1765625 0.6781250000000001 0.30312500000000003 0.640625
0 0.11875000000000001 0.26328125 0.21875 0.34218750000000003
0 0.8929687500000001 0.36250000000000004 0.2109375 0.375
0 0.9031250000000001 0.08671875000000001 0.19062500000000002 0.1609375
0 0.7015625000000001 0.0734375 0.22812500000000002 0.13125
0 0.484375 0.0859375 0.240625 0.153125
0 0.27109375 0.0890625 0.22968750000000002 0.153125
0 0.08203125 0.08046875 0.1546875 0.1203125
0 0.96484375 0.75390625 0.0671875 0.4859375
