0 0.46796875000000004 0.16796875 0.13593750000000002 0.19843750000000002
0 0.37734375000000003 0.12812500000000002 0.1421875 0.19375
0 0.14296875 0.40703125 0.13593750000000002 0.19843750000000002
0 0.05625 0.4546875 0.10312500000000001 0.16562500000000002
0 0.44453125000000004 0.9242187500000001 0.1078125 0.1484375
0 0.734375 0.665625 0.134375 0.203125
0 0.52265625 0.9242187500000001 0.1171875 0.1484375
0 0.38046875 0.25859375 0.1390625 0.2078125
0 0.14375000000000002 0.49531250000000004 0.10625000000000001 0.146875
0 0.7445312500000001 0.8859375 0.15156250000000002 0.225
0 0.8289062500000001 0.90625 0.15156250000000002 0.184375
0 0.76953125 0.7445312500000001 0.13593750000000002 0.2234375
