0 0.6703125000000001 0.42109375000000004 0.17500000000000002 0.2921875
0 0.525 0.33046875000000003 0.171875 0.2484375
0 0.41718750000000004 0.48125 0.19687500000000002 0.30000000000000004
0 0.540625 0.7312500000000001 0.1875 0.328125
0 0.36171875000000003 0.33828125000000003 0.18281250000000002 0.2078125
0 0.0421875 0.29609375 0.084375 0.32343750000000004
0 0.13671875 0.25234375000000003 0.1765625 0.3203125
0 0.23750000000000002 0.7507812500000001 0.20625000000000002 0.2921875
0 0.1125 0.8812500000000001 0.171875 0.234375
0 0.28203125 0.8617187500000001 0.1546875 0.2734375
0 0.1953125 0.52734375 0.184375 0.3046875
