0 0.6703125000000001 0.8046875 0.115625 0.140625
0 0.625 0.69296875 0.125 0.1484375
0 0.6976562500000001 0.57421875 0.1171875 0.1484375
0 0.7093750000000001 0.43515625 0.11875000000000001 0.1453125
0 0.734375 0.2015625 0.11875000000000001 0.153125
0 0.6625000000000001 0.31796875 0.10625000000000001 0.1421875
0 0.61484375 0.1875 0.1171875 0.15937500000000002
0 0.5984375000000001 0.42578125 0.109375 0.1421875
0 0.5828125000000001 0.571875 0.1125 0.15625
0 0.553125 0.80078125 0.1125 0.15781250000000002
0 0.50625 0.6859375000000001 0.12187500000000001 0.140625
0 0.43828125 0.796875 0.1171875 0.146875
0 0.55078125 0.29921875000000003 0.11406250000000001 0.1546875
0 0.50234375 0.16953125000000002 0.1203125 0.1609375
0 0.47500000000000003 0.4234375 0.125 0.14375000000000002
0 0.46328125000000003 0.5632812500000001 0.1203125 0.1453125
0 0.384375 0.15625 0.11875000000000001 0.16875
0 0.43046875 0.290625 0.1171875 0.15937500000000002
0 0.3609375 0.4078125 0.12812500000000002 0.153125
0 0.34609375000000003 0.553125 0.1171875 0.153125
0 0.39296875000000003 0.675 0.1234375 0.15000000000000002
0 0.31953125000000004 0.79296875 0.1265625 0.1484375
