0 0.19687500000000002 0.33125000000000004 0.140625 0.115625
0 0.30859375 0.3765625 0.1484375 0.125
0 0.42578125 0.30390625000000004 0.1484375 0.1171875
0 0.56640625 0.290625 0.1453125 0.11875000000000001
0 0.8 0.2671875 0.153125 0.11875000000000001
0 0.68359375 0.33906250000000004 0.1421875 0.10625000000000001
0 0.8140625 0.38515625000000003 0.15937500000000002 0.1171875
0 0.57578125 0.403125 0.1421875 0.109375
0 0.4296875 0.41875 0.15625 0.1125
0 0.20078125000000002 0.446875 0.15781250000000002 0.1125
0 0.31562500000000004 0.49375 0.140625 0.12187500000000001
0 0.203125 0.56171875 0.146875 0.1171875
0 0.70078125 0.45078125 0.1546875 0.11406250000000001
0 0.83203125 0.49765625 0.1609375 0.1203125
0 0.578125 0.5265625 0.14375000000000002 0.125
0 0.43671875000000004 0.53671875 0.1453125 0.1203125
0 0.84375 0.6156250000000001 0.16875 0.11875000000000001
0 0.7109375 0.5710937500000001 0.15937500000000002 0.1171875
0 0.59375 0.6390625000000001 0.153125 0.12812500000000002
0 0.446875 0.65546875 0.153125 0.1171875
0 0.32656250000000003 0.60703125 0.15000000000000002 0.1234375
0 0.20703125 0.6804687500000001 0.1484375 0.1265625
