0 0.4578125 0.44453125000000004 0.19687500000000002 0.19843750000000002
0 0.6273437500000001 0.40937500000000004 0.1609375 0.16875
0 0.7898437500000001 0.353125 0.15781250000000002 0.16875
0 0.40156250000000004 0.178125 0.0625 0.037500000000000006
0 0.234375 0.2171875 0.171875 0.171875
0 0.08281250000000001 0.259375 0.153125 0.12187500000000001
0 0.17265625 0.38125000000000003 0.18906250000000002 0.065625
0 0.34218750000000003 0.32890625 0.043750000000000004 0.13593750000000002
0 0.5140625 0.28828125 0.043750000000000004 0.13593750000000002
0 0.5554687500000001 0.1296875 0.1921875 0.16562500000000002
0 0.6765625000000001 0.2484375 0.11875000000000001 0.1625
0 0.7265625 0.096875 0.078125 0.1375
0 0.8460937500000001 0.20859375000000002 0.1921875 0.2078125
0 0.909375 0.4765625 0.178125 0.209375
0 0.7515625 0.5085937500000001 0.203125 0.20468750000000002
0 0.584375 0.56484375 0.1875 0.1796875
0 0.39296875000000003 0.60703125 0.17343750000000002 0.060937500000000006
0 0.29453125 0.48515625 0.1765625 0.1203125
0 0.11015625000000001 0.52109375 0.1921875 0.1796875
0 0.2171875 0.6546875000000001 0.19687500000000002 0.178125
0 0.1484375 0.8054687500000001 0.1875 0.1796875
0 0.33359375 0.7734375 0.2078125 0.184375
0 0.5125000000000001 0.7109375 0.19687500000000002 0.178125
0 0.7000000000000001 0.665625 0.15000000000000002 0.05625
0 0.8671875 0.63203125 0.19687500000000002 0.19843750000000002
