0 0.5484375 0.41328125000000004 0.22187500000000002 0.21406250000000002
0 0.30625 0.51484375 0.203125 0.2234375
0 0.246875 0.60859375 0.21875 0.2546875
0 0.60859375 0.27187500000000003 0.1953125 0.21250000000000002
0 0.48281250000000003 0.578125 0.21250000000000002 0.26875
0 0.7507812500000001 0.33203125 0.20468750000000002 0.22968750000000002
0 0.22031250000000002 0.79453125 0.15000000000000002 0.1609375
0 0.33359375 0.84765625 0.1453125 0.1859375
0 0.6273437500000001 0.5234375 0.1703125 0.19687500000000002
0 0.74765625 0.6671875 0.1453125 0.16875
0 0.5859375 0.94140625 0.140625 0.11406250000000001
0 0.6765625000000001 0.9617187500000001 0.1 0.0734375
0 0.7984375 0.5281250000000001 0.15937500000000002 0.125
0 0.82421875 0.6000000000000001 0.15781250000000002 0.12812500000000002
0 0.7679687500000001 0.140625 0.13593750000000002 0.140625
0 0.8718750000000001 0.09609375 0.140625 0.1171875
