0 0.6359375 0.2265625 0.25 0.453125
0 0.36796875 0.5554687500000001 0.2515625 0.44843750000000004
0 0.51015625 0.7054687500000001 0.2671875 0.4890625
0 0.61875 0.5476562500000001 0.284375 0.44843750000000004
0 0.57421875 0.18671875000000002 0.2171875 0.37343750000000003
0 0.7578125 0.28984375 0.24375000000000002 0.46406250000000004
0 0.96015625 0.728125 0.0765625 0.23125
0 0.93515625 0.7742187500000001 0.1265625 0.2765625
0 0.90390625 0.6195312500000001 0.1484375 0.2421875
0 0.31015625 0.7171875000000001 0.2390625 0.453125
0 0.18125000000000002 0.74140625 0.146875 0.2859375
0 0.21015625000000002 0.55390625 0.1796875 0.3203125
