0 0.81953125 0.23593750000000002 0.2171875 0.203125
0 0.61640625 0.2265625 0.2109375 0.22187500000000002
0 0.3765625 0.27421875 0.21875 0.24531250000000002
0 0.17890625000000002 0.2265625 0.2390625 0.22812500000000002
0 0.15859375 0.503125 0.2109375 0.22812500000000002
0 0.33515625000000004 0.51015625 0.1953125 0.24531250000000002
0 0.525 0.49453125000000003 0.22187500000000002 0.2484375
0 0.71015625 0.5320312500000001 0.2171875 0.22968750000000002
0 0.89453125 0.51796875 0.1921875 0.2765625
0 0.915625 0.7562500000000001 0.16562500000000002 0.23750000000000002
0 0.6742187500000001 0.76328125 0.2015625 0.2609375
0 0.48046875 0.7484375000000001 0.2171875 0.275
0 0.1875 0.70625 0.25625000000000003 0.246875
0 0.4921875 0.09765625 0.275 0.1953125
0 0.32343750000000004 0.8546875 0.1875 0.225
0 0.9031250000000001 0.884375 0.19062500000000002 0.184375
0 0.7250000000000001 0.88046875 0.19375 0.17343750000000002
0 0.846875 0.12421875 0.18125000000000002 0.2171875
