0 0.2015625 0.29140625000000003 0.403125 0.5390625
0 0.48203125 0.25078125 0.4578125 0.49843750000000003
0 0.7703125000000001 0.30390625000000004 0.39687500000000003 0.6046875
0 0.878125 0.6742187500000001 0.21875 0.37031250000000004
0 0.13828125 0.7046875 0.2765625 0.403125
0 0.171875 0.9398437500000001 0.225 0.1171875
0 0.3765625 0.9359375000000001 0.25 0.125
0 0.5867187500000001 0.9070312500000001 0.2703125 0.18281250000000002
0 0.7953125000000001 0.87421875 0.25625000000000003 0.1859375
0 0.94140625 0.8500000000000001 0.1015625 0.14375000000000002
0 0.03671875 0.32890625 0.0734375 0.49531250000000004
