0 0.46406250000000004 0.19765625 0.22187500000000002 0.26406250000000003
0 0.85546875 0.19296875000000002 0.1640625 0.2265625
0 0.7562500000000001 0.21406250000000002 0.16562500000000002 0.209375
0 0.509375 0.33984375 0.19687500000000002 0.2484375
0 0.38125000000000003 0.31953125000000004 0.1875 0.2390625
0 0.6640625 0.0671875 0.15625 0.134375
0 0.6039062500000001 0.48515625 0.17343750000000002 0.2234375
0 0.38671875 0.6625000000000001 0.20468750000000002 0.290625
0 0.5125000000000001 0.665625 0.1875 0.25
0 0.5242187500000001 0.8343750000000001 0.21406250000000002 0.26875
0 0.5281250000000001 0.040625 0.16562500000000002 0.08125
