0 0.88046875 0.28203125 0.22031250000000002 0.3484375
0 0.72421875 0.28046875 0.19843750000000002 0.2828125
0 0.5703125 0.353125 0.21250000000000002 0.30000000000000004
0 0.39140625 0.3171875 0.2015625 0.29375
0 0.27109375 0.36250000000000004 0.1859375 0.321875
0 0.07500000000000001 0.6804687500000001 0.15000000000000002 0.33906250000000004
0 0.2109375 0.71796875 0.19375 0.32343750000000004
0 0.11406250000000001 0.7578125 0.184375 0.328125
0 0.33046875000000003 0.721875 0.20468750000000002 0.31562500000000004
0 0.45 0.478125 0.20625000000000002 0.33125000000000004
0 0.546875 0.5476562500000001 0.1375 0.19843750000000002
0 0.7585937500000001 0.46875 0.08281250000000001 0.115625
0 0.9359375000000001 0.49453125000000003 0.078125 0.1328125
0 0.6039062500000001 0.58828125 0.1203125 0.20468750000000002
0 0.69453125 0.5164062500000001 0.0859375 0.1265625
0 0.63203125 0.6726562500000001 0.0890625 0.1421875
0 0.51484375 0.7664062500000001 0.08281250000000001 0.13593750000000002
0 0.5789062500000001 0.7515625 0.09531250000000001 0.1375
