0 0.12265625000000001 0.19296875000000002 0.23593750000000002 0.3765625
0 0.33359375 0.44296875 0.2984375 0.4234375
0 0.61484375 0.58515625 0.3171875 0.41718750000000004
0 0.8445312500000001 0.38203125000000004 0.2515625 0.4234375
0 0.115625 0.7117187500000001 0.225 0.49531250000000004
0 0.36171875000000003 0.8382812500000001 0.3046875 0.3140625
0 0.8765625 0.8187500000000001 0.240625 0.359375
0 0.59765625 0.20859375000000002 0.2578125 0.4078125
0 0.3453125 0.11328125 0.290625 0.2171875
0 0.7976562500000001 0.09531250000000001 0.2515625 0.18125000000000002
