0 0.703125 0.40156250000000004 0.21875 0.321875
0 0.65390625 0.8 0.1453125 0.22812500000000002
0 0.8679687500000001 0.65234375 0.1328125 0.1921875
0 0.31484375000000003 0.6101562500000001 0.09843750000000001 0.15781250000000002
0 0.52734375 0.80625 0.1203125 0.19375
0 0.46171875 0.7507812500000001 0.1296875 0.2078125
0 0.44296875 0.1859375 0.1953125 0.30000000000000004
0 0.25078125 0.16484375 0.2609375 0.32656250000000003
0 0.17578125 0.47187500000000004 0.09531250000000001 0.1375
0 0.24453125 0.6101562500000001 0.1078125 0.1609375
0 0.7234375000000001 0.6156250000000001 0.1625 0.23125
0 0.05234375 0.55703125 0.06406250000000001 0.1328125
0 0.17343750000000002 0.7390625000000001 0.07187500000000001 0.10625000000000001
0 0.7203125 0.8523437500000001 0.059375000000000004 0.09843750000000001
0 0.7562500000000001 0.8921875 0.053125000000000006 0.07500000000000001
0 0.9421875000000001 0.7078125000000001 0.1125 0.17500000000000002
0 0.22890625 0.43671875000000004 0.0671875 0.11406250000000001
0 0.35390625000000003 0.6453125000000001 0.08281250000000001 0.15000000000000002
0 0.37890625 0.6804687500000001 0.0859375 0.1296875
0 0.784375 0.46796875000000004 0.134375 0.2171875
0 0.76328125 0.68359375 0.1265625 0.1796875
