0 0.3875 0.18671875000000002 0.1 0.1421875
0 0.29609375 0.240625 0.1015625 0.15625
0 0.4390625 0.22031250000000002 0.09375 0.153125
0 0.34140625 0.29765625 0.09843750000000001 0.1703125
0 0.2171875 0.2578125 0.115625 0.17500000000000002
0 0.13359375 0.2484375 0.1171875 0.15937500000000002
0 0.08046875 0.28984375 0.1078125 0.16718750000000002
0 0.025781250000000002 0.37812500000000004 0.051562500000000004 0.15937500000000002
0 0.035937500000000004 0.56015625 0.07187500000000001 0.1296875
0 0.07968750000000001 0.5359375000000001 0.08125 0.12187500000000001
0 0.13671875 0.54453125 0.0859375 0.1296875
0 0.32109375 0.41171875 0.0859375 0.1203125
0 0.2890625 0.47265625 0.084375 0.1265625
0 0.5750000000000001 0.15156250000000002 0.115625 0.1875
0 0.62109375 0.07968750000000001 0.1296875 0.11875000000000001
0 0.74140625 0.10625000000000001 0.1078125 0.15937500000000002
0 0.6687500000000001 0.14609375 0.10625000000000001 0.1546875
0 0.8187500000000001 0.13515625 0.09375 0.1484375
0 0.8500000000000001 0.18281250000000002 0.10312500000000001 0.15937500000000002
0 0.35625 0.4578125 0.08125 0.12812500000000002
0 0.246875 0.46640625 0.078125 0.1234375
0 0.44765625000000003 0.50625 0.06406250000000001 0.1
0 0.49453125000000003 0.5007812500000001 0.06406250000000001 0.0921875
0 0.44843750000000004 0.36250000000000004 0.08125 0.12187500000000001
0 0.5 0.32109375 0.07500000000000001 0.1171875
0 0.546875 0.31796875 0.06875 0.1078125
0 0.6125 0.31640625 0.09062500000000001 0.1390625
0 0.578125 0.24531250000000002 0.084375 0.115625
0 0.6515625 0.26796875000000003 0.084375 0.11093750000000001
0 0.7601562500000001 0.3796875 0.08281250000000001 0.1125
0 0.85546875 0.37343750000000003 0.0703125 0.10312500000000001
0 0.90546875 0.3671875 0.0734375 0.10312500000000001
0 0.253125 0.6062500000000001 0.07500000000000001 0.109375
0 0.30390625000000004 0.584375 0.0546875 0.08125
0 0.3765625 0.5710937500000001 0.065625 0.09531250000000001
0 0.63671875 0.46328125000000003 0.060937500000000006 0.09531250000000001
0 0.88828125 0.48281250000000003 0.0578125 0.08750000000000001
