0 0.47890625000000003 0.6781250000000001 0.29531250000000003 0.209375
0 0.74375 0.275 0.23750000000000002 0.215625
0 0.5296875 0.22109375 0.25625000000000003 0.18281250000000002
0 0.434375 0.33906250000000004 0.25 0.153125
0 0.45390625 0.49140625000000004 0.2765625 0.18906250000000002
0 0.33671875 0.6507812500000001 0.2265625 0.17343750000000002
0 0.31875000000000003 0.49843750000000003 0.259375 0.19375
0 0.21875 0.925 0.09375 0.065625
0 0.57265625 0.8078125 0.09531250000000001 0.059375000000000004
0 0.2109375 0.88046875 0.08750000000000001 0.0546875
0 0.253125 0.8031250000000001 0.06875 0.040625
