0 0.51796875 0.50703125 0.2421875 0.3015625
0 0.6273437500000001 0.321875 0.21406250000000002 0.296875
0 0.74140625 0.43203125000000003 0.2234375 0.30781250000000004
0 0.25 0.6117187500000001 0.22812500000000002 0.30781250000000004
0 0.16328125000000002 0.71640625 0.2390625 0.3359375
0 0.41171875 0.70625 0.2328125 0.359375
0 0.64453125 0.86328125 0.1453125 0.20468750000000002
0 0.7375 0.6828125 0.1625 0.178125
0 0.74375 0.7640625000000001 0.15000000000000002 0.19062500000000002
0 0.56875 0.6375000000000001 0.18125000000000002 0.290625
0 0.82734375 0.17421875 0.1390625 0.18906250000000002
0 0.9320312500000001 0.12109375 0.1328125 0.1796875
0 0.80078125 0.83984375 0.0859375 0.1390625
0 0.8390625 0.7796875000000001 0.06875 0.1125
