0 0.5945312500000001 0.30000000000000004 0.1046875 0.234375
0 0.69921875 0.36328125 0.1171875 0.2515625
0 0.73984375 0.35625 0.09843750000000001 0.203125
0 0.5203125000000001 0.3515625 0.1 0.23125
0 0.43359375 0.3796875 0.09531250000000001 0.1875
0 0.32109375 0.525 0.0703125 0.15000000000000002
0 0.36562500000000003 0.8617187500000001 0.078125 0.1390625
0 0.26875 0.5234375 0.06875 0.12812500000000002
0 0.26171875 0.6218750000000001 0.06406250000000001 0.10625000000000001
0 0.3359375 0.578125 0.065625 0.115625
0 0.32421875 0.63984375 0.0671875 0.1265625
0 0.321875 0.7406250000000001 0.06875 0.12812500000000002
0 0.2734375 0.7140625 0.05 0.09375
