0 0.25 0.75703125 0.253125 0.4390625
0 0.62265625 0.6335937500000001 0.2828125 0.5046875000000001
0 0.49921875000000004 0.71875 0.2578125 0.41250000000000003
0 0.384375 0.671875 0.21875 0.35000000000000003
0 0.2390625 0.46953125 0.20625000000000002 0.3359375
0 0.2828125 0.31484375000000003 0.215625 0.3015625
0 0.5203125000000001 0.36328125 0.184375 0.2828125
0 0.71640625 0.25546875 0.22031250000000002 0.3203125
0 0.76875 0.553125 0.25625000000000003 0.403125
0 0.9265625000000001 0.29140625000000003 0.1375 0.3140625
0 0.64609375 0.19843750000000002 0.17343750000000002 0.284375
