0 0.8234375 0.7890625 0.35000000000000003 0.22812500000000002
0 0.8054687500000001 0.62421875 0.38593750000000004 0.2234375
0 0.75703125 0.47421875 0.40468750000000003 0.20468750000000002
0 0.74609375 0.30625 0.4390625 0.240625
0 0.27890625 0.8890625000000001 0.3609375 0.19375
0 0.240625 0.5109375 0.33125000000000004 0.171875
0 0.38046875 0.59921875 0.2734375 0.1421875
0 0.55390625 0.22187500000000002 0.2984375 0.17500000000000002
0 0.76484375 0.125 0.37343750000000003 0.25
0 0.43593750000000003 0.35000000000000003 0.184375 0.10625000000000001
0 0.5734375 0.85546875 0.1 0.060937500000000006
0 0.640625 0.90390625 0.109375 0.060937500000000006
0 0.6468750000000001 0.9460937500000001 0.10625000000000001 0.051562500000000004
0 0.47421875 0.74609375 0.1203125 0.0734375
0 0.57265625 0.5703125 0.1015625 0.0625
0 0.3609375 0.415625 0.1125 0.059375000000000004
0 0.40390625 0.28671875 0.17343750000000002 0.0921875
0 0.23828125 0.28828125 0.1765625 0.1078125
0 0.5554687500000001 0.065625 0.30781250000000004 0.13125
0 0.30781250000000004 0.0171875 0.246875 0.034375
