0 0.5078125 0.25 0.29375 0.353125
0 0.23750000000000002 0.6234375000000001 0.35000000000000003 0.446875
0 0.39765625000000004 0.47109375000000003 0.3484375 0.45156250000000003
0 0.728125 0.415625 0.27187500000000003 0.30625
0 0.571875 0.5953125 0.340625 0.49375
0 0.71796875 0.6734375 0.2515625 0.36875
0 0.9421875000000001 0.8406250000000001 0.1125 0.215625
0 0.88671875 0.8796875000000001 0.1859375 0.209375
0 0.76484375 0.88046875 0.2015625 0.23593750000000002
0 0.62890625 0.83984375 0.2234375 0.2515625
0 0.6687500000000001 0.9375 0.15625 0.12187500000000001
