0 0.6804687500000001 0.49296875 0.5234375 0.4296875
0 0.43125 0.71015625 0.290625 0.3359375
0 0.40078125000000003 0.41171875 0.3015625 0.3203125
0 0.2390625 0.34453125 0.278125 0.26406250000000003
0 0.6937500000000001 0.8343750000000001 0.371875 0.328125
0 0.7328125000000001 0.18515625000000002 0.39375000000000004 0.3046875
0 0.265625 0.8132812500000001 0.22187500000000002 0.2734375
0 0.26015625000000003 0.13046875 0.2578125 0.22031250000000002
0 0.46484375 0.146875 0.32656250000000003 0.253125
0 0.88046875 0.62109375 0.2109375 0.35781250000000003
