0 0.41718750000000004 0.18281250000000002 0.078125 0.12812500000000002
0 0.4296875 0.265625 0.06875 0.10625000000000001
0 0.53828125 0.35390625000000003 0.0734375 0.1265625
0 0.8578125000000001 0.5398437500000001 0.078125 0.1171875
0 0.9109375000000001 0.48359375000000004 0.078125 0.11406250000000001
0 0.97578125 0.51015625 0.0421875 0.1453125
0 0.6140625000000001 0.109375 0.053125000000000006 0.115625
0 0.5640625 0.1125 0.053125000000000006 0.10625000000000001
0 0.0671875 0.57421875 0.096875 0.1546875
0 0.3484375 0.6109375 0.0625 0.10625000000000001
0 0.42265625 0.89609375 0.0421875 0.07968750000000001
0 0.38515625000000003 0.7453125 0.0578125 0.1125
0 0.540625 0.7781250000000001 0.0625 0.12187500000000001
0 0.5015625 0.5578125 0.0625 0.10625000000000001
0 0.5906250000000001 0.4 0.0625 0.1
0 0.41718750000000004 0.4859375 0.06875 0.115625
0 0.27187500000000003 0.6453125000000001 0.065625 0.1125
0 0.38515625000000003 0.8679687500000001 0.0421875 0.07968750000000001
0 0.134375 0.5921875 0.065625 0.12187500000000001
0 0.14296875 0.96015625 0.0703125 0.0765625
0 0.07734375 0.953125 0.0703125 0.09062500000000001
0 0.115625 0.6843750000000001 0.06875 0.1
