0 0.10078125 0.09765625 0.1234375 0.18906250000000002
0 0.12890625 0.29140625000000003 0.15156250000000002 0.2328125
0 0.29375 0.296875 0.12812500000000002 0.19375
0 0.23125 0.42890625000000004 0.15000000000000002 0.2109375
0 0.32265625000000003 0.38906250000000003 0.1453125 0.178125
0 0.2546875 0.55390625 0.109375 0.1390625
0 0.35390625000000003 0.6046875 0.11093750000000001 0.19375
0 0.55234375 0.6273437500000001 0.1328125 0.20468750000000002
0 0.44765625000000003 0.63984375 0.13593750000000002 0.20468750000000002
0 0.72421875 0.75 0.1390625 0.20625000000000002
0 0.51953125 0.80390625 0.1265625 0.18281250000000002
0 0.60078125 0.6882812500000001 0.1203125 0.16718750000000002
0 0.6359375 0.8132812500000001 0.1125 0.18281250000000002
0 0.7484375000000001 0.59609375 0.096875 0.1328125
0 0.82734375 0.51953125 0.11406250000000001 0.1390625
0 0.92734375 0.65390625 0.1421875 0.16718750000000002
0 0.8796875000000001 0.7828125 0.13125 0.1625
0 0.9070312500000001 0.921875 0.1078125 0.15000000000000002
0 0.95859375 0.8601562500000001 0.07968750000000001 0.1921875
0 0.96796875 0.7093750000000001 0.060937500000000006 0.16875
0 0.9789062500000001 0.9593750000000001 0.0390625 0.078125
