0 0.59375 0.18359375 0.065625 0.09843750000000001
0 0.5359375000000001 0.25703125 0.0625 0.0921875
0 0.5789062500000001 0.42890625000000004 0.0484375 0.0703125
0 0.62421875 0.4453125 0.051562500000000004 0.065625
0 0.66171875 0.42031250000000003 0.051562500000000004 0.07187500000000001
0 0.42734375 0.33203125 0.0578125 0.0890625
0 0.40468750000000003 0.290625 0.046875 0.07187500000000001
0 0.35703125 0.30390625000000004 0.0546875 0.07968750000000001
0 0.4859375 0.11406250000000001 0.040625 0.065625
0 0.5476562500000001 0.10625000000000001 0.051562500000000004 0.07187500000000001
