0 0.65 0.42500000000000004 0.1375 0.225
0 0.12421875 0.375 0.1546875 0.253125
0 0.47187500000000004 0.49531250000000004 0.15000000000000002 0.253125
0 0.8656250000000001 0.07734375 0.1375 0.1546875
0 0.34375 0.53125 0.12812500000000002 0.26875
0 0.31093750000000003 0.5578125 0.125 0.23125
0 0.571875 0.51875 0.146875 0.296875
0 0.24453125 0.2265625 0.1484375 0.209375
0 0.7992187500000001 0.13515625 0.1203125 0.2390625
0 0.42578125 0.55703125 0.1640625 0.2984375
0 0.67734375 0.50703125 0.16718750000000002 0.26406250000000003
