0 0.035937500000000004 0.51171875 0.05625 0.13593750000000002
0 0.19453125000000002 0.38125000000000003 0.09531250000000001 0.15625
0 0.26875 0.35234375 0.09062500000000001 0.1484375
0 0.328125 0.5515625000000001 0.078125 0.12812500000000002
0 0.26796875000000003 0.47500000000000003 0.09531250000000001 0.1625
0 0.19687500000000002 0.496875 0.05 0.078125
0 0.16640625 0.540625 0.045312500000000006 0.08125
0 0.13203125000000002 0.5281250000000001 0.0484375 0.09062500000000001
0 0.37343750000000003 0.5242187500000001 0.053125000000000006 0.1015625
0 0.321875 0.47109375000000003 0.03125 0.0484375
0 0.3328125 0.4421875 0.03125 0.05
0 0.4078125 0.49453125000000003 0.043750000000000004 0.08281250000000001
0 0.3671875 0.478125 0.043750000000000004 0.084375
0 0.42109375000000004 0.48281250000000003 0.045312500000000006 0.084375
0 0.58515625 0.45937500000000003 0.051562500000000004 0.08750000000000001
0 0.71015625 0.7000000000000001 0.09531250000000001 0.146875
0 0.7125 0.58984375 0.084375 0.1296875
0 0.5375 0.42265625 0.034375 0.060937500000000006
0 0.6609375000000001 0.46796875000000004 0.05 0.08281250000000001
0 0.63828125 0.52109375 0.0421875 0.0734375
0 0.6000000000000001 0.5007812500000001 0.043750000000000004 0.06406250000000001
0 0.734375 0.49140625000000004 0.043750000000000004 0.0734375
0 0.70703125 0.45234375000000004 0.0421875 0.0578125
0 0.5421875 0.45625000000000004 0.03125 0.0625
0 0.48125 0.45390625 0.037500000000000006 0.0546875
0 0.4703125 0.48671875000000003 0.03125 0.0546875
0 0.7507812500000001 0.73203125 0.0703125 0.13593750000000002
0 0.8343750000000001 0.7265625 0.096875 0.16562500000000002
0 0.846875 0.5906250000000001 0.040625 0.07187500000000001
0 0.9015625 0.56875 0.053125000000000006 0.084375
0 0.9390625 0.6039062500000001 0.046875 0.08281250000000001
0 0.94140625 0.48750000000000004 0.0328125 0.053125000000000006
0 0.84296875 0.53828125 0.0390625 0.060937500000000006
