0 0.62421875 0.48750000000000004 0.08281250000000001 0.09375
0 0.44062500000000004 0.43046875 0.09375 0.1078125
0 0.3609375 0.46015625000000004 0.09375 0.1046875
0 0.625 0.40937500000000004 0.078125 0.096875
0 0.02109375 0.5867187500000001 0.0390625 0.1015625
0 0.02890625 0.525 0.0546875 0.10312500000000001
0 0.5421875 0.3921875 0.0625 0.078125
0 0.35000000000000003 0.7601562500000001 0.10625000000000001 0.1234375
0 0.5625 0.7289062500000001 0.109375 0.11406250000000001
0 0.8968750000000001 0.7718750000000001 0.1125 0.115625
0 0.45 0.75546875 0.09375 0.1015625
0 0.278125 0.76875 0.1 0.11875000000000001
