0 0.19921875 0.41328125000000004 0.1640625 0.2078125
0 0.38828125 0.39296875000000003 0.18281250000000002 0.2265625
0 0.6484375 0.1015625 0.178125 0.203125
0 0.6609375000000001 0.28984375 0.178125 0.2171875
0 0.50546875 0.253125 0.1765625 0.215625
0 0.05234375 0.6109375 0.1046875 0.20625000000000002
0 0.11796875000000001 0.46015625000000004 0.15781250000000002 0.1953125
0 0.25390625 0.44453125000000004 0.1390625 0.1953125
0 0.10625000000000001 0.5945312500000001 0.153125 0.1859375
0 0.2015625 0.5953125 0.1375 0.171875
0 0.37109375 0.69140625 0.1234375 0.1484375
0 0.4390625 0.65625 0.09062500000000001 0.134375
0 0.40625 0.4921875 0.125 0.19375
0 0.4609375 0.4765625 0.125 0.16562500000000002
0 0.5125000000000001 0.52890625 0.11875000000000001 0.15781250000000002
0 0.11015625000000001 0.890625 0.0734375 0.10312500000000001
