0 0.3359375 0.41328125000000004 0.19687500000000002 0.2671875
0 0.48125 0.37812500000000004 0.21250000000000002 0.24375000000000002
0 0.14765625000000002 0.6875 0.20468750000000002 0.26875
0 0.24765625000000002 0.7468750000000001 0.18281250000000002 0.27187500000000003
0 0.3609375 0.7132812500000001 0.20625000000000002 0.2578125
0 0.51484375 0.7171875000000001 0.1953125 0.259375
0 0.6062500000000001 0.50546875 0.2 0.2734375
0 0.7195312500000001 0.40078125000000003 0.2171875 0.2421875
0 0.8859375 0.33125000000000004 0.19375 0.234375
0 0.9867187500000001 0.3125 0.0234375 0.234375
0 0.91796875 0.5242187500000001 0.07968750000000001 0.09531250000000001
0 0.8203125 0.60078125 0.10625000000000001 0.1484375
0 0.74375 0.55078125 0.153125 0.1796875
0 0.7234375000000001 0.640625 0.134375 0.15625
0 0.75703125 0.7429687500000001 0.0859375 0.11093750000000001
0 0.828125 0.728125 0.09375 0.10312500000000001
0 0.8703125 0.66328125 0.09062500000000001 0.11093750000000001
0 0.88203125 0.6062500000000001 0.08281250000000001 0.084375
0 0.97265625 0.48281250000000003 0.051562500000000004 0.08750000000000001
