0 0.9171875 0.08671875000000001 0.14375000000000002 0.17343750000000002
0 0.8617187500000001 0.3125 0.2734375 0.38125000000000003
0 0.6640625 0.3125 0.309375 0.36875
0 0.56875 0.36328125 0.278125 0.3359375
0 0.6781250000000001 0.565625 0.296875 0.3125
0 0.43984375000000003 0.603125 0.29531250000000003 0.33125000000000004
0 0.32734375000000004 0.6015625 0.2578125 0.30312500000000003
0 0.17734375000000002 0.7351562500000001 0.19843750000000002 0.2484375
0 0.24296875 0.7250000000000001 0.2109375 0.28750000000000003
0 0.40937500000000004 0.76328125 0.25 0.2671875
0 0.14375000000000002 0.8953125000000001 0.13125 0.203125
