0 0.38203125000000004 0.28359375000000003 0.2984375 0.19843750000000002
0 0.28046875 0.41718750000000004 0.2546875 0.19062500000000002
0 0.42109375000000004 0.54296875 0.30781250000000004 0.22031250000000002
0 0.67890625 0.453125 0.3328125 0.215625
0 0.27578125000000003 0.58125 0.21406250000000002 0.19687500000000002
0 0.20625000000000002 0.9085937500000001 0.325 0.1421875
0 0.171875 0.7937500000000001 0.325 0.203125
0 0.6742187500000001 0.75703125 0.2984375 0.22968750000000002
0 0.80859375 0.8968750000000001 0.2734375 0.184375
0 0.790625 0.7265625 0.284375 0.17500000000000002
0 0.44921875 0.77109375 0.31093750000000003 0.2078125
