0 0.9773437500000001 0.77265625 0.0421875 0.18281250000000002
0 0.7796875000000001 0.609375 0.4375 0.29375
0 0.4546875 0.32890625 0.45937500000000003 0.2859375
0 0.33984375 0.9398437500000001 0.2765625 0.1171875
0 0.7328125000000001 0.7421875 0.503125 0.275
0 0.47968750000000004 0.5953125 0.48125 0.33437500000000003
0 0.8015625000000001 0.53828125 0.39375000000000004 0.26406250000000003
0 0.3328125 0.47734375 0.5125000000000001 0.30781250000000004
0 0.31328125 0.26953125 0.49843750000000003 0.2890625
0 0.45859375 0.15937500000000002 0.34218750000000003 0.22187500000000002
0 0.28671875 0.13125 0.33906250000000004 0.19687500000000002
0 0.44375000000000003 0.89609375 0.24375000000000002 0.17343750000000002
0 0.28828125 0.925 0.2984375 0.146875
