0 0.31171875000000004 0.78125 0.33906250000000004 0.275
0 0.384375 0.5632812500000001 0.275 0.2484375
0 0.4296875 0.36250000000000004 0.28750000000000003 0.26875
0 0.6203125 0.84921875 0.290625 0.2828125
0 0.6429687500000001 0.6203125 0.2890625 0.25
0 0.6898437500000001 0.44296875 0.2421875 0.2390625
0 0.7515625 0.27109375 0.240625 0.23593750000000002
0 0.8523437500000001 0.8656250000000001 0.23593750000000002 0.19687500000000002
0 0.8679687500000001 0.60078125 0.2421875 0.20468750000000002
0 0.1375 0.5476562500000001 0.27187500000000003 0.2984375
0 0.16484375 0.35781250000000003 0.32656250000000003 0.28125
0 0.24921875000000002 0.15781250000000002 0.32343750000000004 0.27187500000000003
0 0.87890625 0.43359375 0.2171875 0.2171875
