0 0.06406250000000001 0.15000000000000002 0.11875000000000001 0.15937500000000002
0 0.065625 0.17578125 0.12187500000000001 0.2109375
0 0.16328125000000002 0.40703125 0.09531250000000001 0.1640625
0 0.434375 0.62421875 0.40625 0.6609375000000001
0 0.31875000000000003 0.55625 0.27187500000000003 0.521875
0 0.48828125 0.19296875000000002 0.1546875 0.2515625
0 0.8984375 0.4765625 0.11875000000000001 0.19375
0 0.9828125000000001 0.55078125 0.03125 0.23593750000000002
0 0.9890625000000001 0.775 0.018750000000000003 0.15625
0 0.765625 0.42031250000000003 0.265625 0.434375
0 0.565625 0.5421875 0.27187500000000003 0.49375
0 0.6578125 0.55859375 0.209375 0.4453125
0 0.43203125000000003 0.11093750000000001 0.1203125 0.171875
0 0.8992187500000001 0.65546875 0.0703125 0.1234375
