0 0.30703125000000003 0.88828125 0.23593750000000002 0.22031250000000002
0 0.6156250000000001 0.17578125 0.140625 0.1640625
0 0.36796875 0.16718750000000002 0.15781250000000002 0.146875
0 0.2171875 0.23046875 0.171875 0.1703125
0 0.7640625000000001 0.2609375 0.153125 0.1625
0 0.484375 0.2515625 0.153125 0.1625
0 0.35000000000000003 0.30781250000000004 0.15000000000000002 0.171875
0 0.19765625 0.3875 0.17343750000000002 0.18125000000000002
0 0.4859375 0.40078125000000003 0.1875 0.1796875
0 0.7781250000000001 0.415625 0.178125 0.17500000000000002
0 0.34140625 0.47109375000000003 0.17343750000000002 0.19843750000000002
0 0.63671875 0.5 0.17343750000000002 0.19375
0 0.48750000000000004 0.5796875 0.18125000000000002 0.20625000000000002
0 0.15859375 0.5671875000000001 0.22968750000000002 0.2
0 0.81015625 0.6023437500000001 0.2015625 0.2078125
0 0.32656250000000003 0.6726562500000001 0.19062500000000002 0.21406250000000002
0 0.665625 0.6976562500000001 0.19687500000000002 0.2234375
0 0.23593750000000002 0.09843750000000001 0.15937500000000002 0.146875
0 0.4859375 0.1078125 0.13125 0.146875
0 0.74140625 0.12187500000000001 0.15781250000000002 0.14375000000000002
0 0.13828125 0.78671875 0.2234375 0.2484375
0 0.4921875 0.8093750000000001 0.19687500000000002 0.25625000000000003
0 0.8523437500000001 0.82421875 0.22031250000000002 0.2265625
