0 0.5359375000000001 0.44843750000000004 0.3125 0.540625
0 0.17734375000000002 0.7171875000000001 0.0765625 0.059375000000000004
0 0.328125 0.67578125 0.059375000000000004 0.0734375
0 0.0890625 0.50390625 0.034375 0.1296875
0 0.13046875 0.36562500000000003 0.1421875 0.146875
0 0.7359375 0.38046875 0.1125 0.1234375
0 0.33828125000000003 0.50703125 0.13593750000000002 0.1421875
0 0.34453125 0.37578125 0.1265625 0.1328125
0 0.8359375 0.83984375 0.10625000000000001 0.1546875
0 0.8093750000000001 0.6976562500000001 0.10625000000000001 0.06406250000000001
