0 0.4140625 0.36484375 0.16875 0.1921875
0 0.43046875 0.13828125 0.17343750000000002 0.1765625
0 0.5789062500000001 0.13046875 0.1296875 0.060937500000000006
0 0.50625 0.2515625 0.171875 0.15937500000000002
0 0.3921875 0.625 0.16562500000000002 0.1125
0 0.48750000000000004 0.496875 0.1875 0.184375
0 0.665625 0.24375000000000002 0.1625 0.178125
0 0.58359375 0.36562500000000003 0.0421875 0.140625
0 0.6515625 0.4921875 0.14375000000000002 0.065625
0 0.7515625 0.37265625 0.046875 0.15781250000000002
0 0.8359375 0.25 0.14375000000000002 0.065625
0 0.7453125 0.1203125 0.171875 0.171875
0 0.88203125 0.13125 0.1421875 0.17500000000000002
0 0.91171875 0.6101562500000001 0.17343750000000002 0.2390625
0 0.82421875 0.7609375 0.051562500000000004 0.171875
0 0.56171875 0.62421875 0.0921875 0.1796875
0 0.46328125000000003 0.7601562500000001 0.21406250000000002 0.2078125
0 0.6546875000000001 0.7609375 0.17500000000000002 0.209375
0 0.54921875 0.8984375 0.21406250000000002 0.178125
0 0.35781250000000003 0.89375 0.16875 0.07187500000000001
0 0.721875 0.878125 0.1875 0.171875
0 0.73984375 0.62265625 0.1859375 0.20468750000000002
0 0.83203125 0.47734375 0.1796875 0.17343750000000002
0 0.915625 0.3609375 0.16562500000000002 0.21250000000000002
