0 0.3375 0.43671875000000004 0.1875 0.23593750000000002
0 0.4625 0.553125 0.18125000000000002 0.234375
0 0.37734375000000003 0.74140625 0.1796875 0.22968750000000002
0 0.50234375 0.7359375 0.1609375 0.22812500000000002
0 0.60703125 0.659375 0.18906250000000002 0.253125
0 0.8367187500000001 0.51875 0.15781250000000002 0.22812500000000002
0 0.9359375000000001 0.47187500000000004 0.125 0.19062500000000002
0 0.7640625000000001 0.6335937500000001 0.07187500000000001 0.0890625
0 0.9078125 0.703125 0.065625 0.1
0 0.049218750000000006 0.6421875 0.07968750000000001 0.153125
