0 0.7210937500000001 0.65625 0.09531250000000001 0.0625
0 0.6960937500000001 0.6023437500000001 0.1265625 0.0765625
0 0.5609375 0.35234375 0.1125 0.0671875
0 0.55 0.4109375 0.125 0.08125
0 0.6203125 0.7976562500000001 0.1375 0.0765625
0 0.50703125 0.44609375 0.1234375 0.0734375
0 0.56796875 0.89453125 0.0765625 0.0546875
0 0.4921875 0.53046875 0.10312500000000001 0.06406250000000001
0 0.52890625 0.8523437500000001 0.1046875 0.0703125
0 0.39921875 0.4234375 0.0859375 0.05625
0 0.40546875000000004 0.628125 0.0859375 0.05625
0 0.34765625 0.390625 0.0921875 0.05625
0 0.28515625 0.17109375000000002 0.0734375 0.0546875
0 0.33437500000000003 0.65 0.08750000000000001 0.053125000000000006
0 0.27265625 0.415625 0.09531250000000001 0.05625
0 0.23046875 0.26328125 0.1265625 0.08281250000000001
0 0.209375 0.20703125 0.11875000000000001 0.07968750000000001
0 0.26406250000000003 0.6171875 0.07500000000000001 0.043750000000000004
0 0.26406250000000003 0.65 0.08125 0.046875
0 0.29375 0.8203125 0.07187500000000001 0.043750000000000004
0 0.22890625 0.95234375 0.07968750000000001 0.051562500000000004
0 0.10234375000000001 0.4546875 0.07968750000000001 0.05625
0 0.17343750000000002 0.9296875 0.1 0.05625
0 0.15625 0.95234375 0.1 0.0546875
0 0.13046875 0.92578125 0.0765625 0.051562500000000004
