0 0.3671875 0.8359375 0.12187500000000001 0.146875
0 0.42500000000000004 0.7273437500000001 0.13125 0.1546875
0 0.36484375 0.60546875 0.1234375 0.1546875
0 0.3671875 0.46484375 0.125 0.15156250000000002
0 0.3671875 0.23125 0.125 0.15937500000000002
0 0.4265625 0.34921875 0.1125 0.1484375
0 0.48750000000000004 0.22187500000000002 0.125 0.16562500000000002
0 0.47968750000000004 0.4609375 0.115625 0.15000000000000002
0 0.47890625000000003 0.60703125 0.1203125 0.1609375
0 0.484375 0.8375 0.12187500000000001 0.1625
0 0.5437500000000001 0.72421875 0.12812500000000002 0.1484375
0 0.60078125 0.8375 0.1234375 0.153125
0 0.540625 0.33671875 0.12187500000000001 0.1609375
0 0.6015625 0.20859375000000002 0.12812500000000002 0.16718750000000002
0 0.603125 0.46406250000000004 0.13125 0.15000000000000002
0 0.59921875 0.6039062500000001 0.1265625 0.15156250000000002
0 0.7210937500000001 0.2015625 0.1265625 0.17500000000000002
0 0.6609375000000001 0.3328125 0.125 0.16562500000000002
0 0.71875 0.45156250000000003 0.134375 0.15937500000000002
0 0.71796875 0.5984375000000001 0.1234375 0.15937500000000002
0 0.6585937500000001 0.71796875 0.1296875 0.15781250000000002
0 0.7195312500000001 0.83984375 0.1328125 0.1546875
