0 0.6742187500000001 0.33984375 0.1703125 0.3171875
0 0.3984375 0.16484375 0.146875 0.2859375
0 0.2015625 0.16484375 0.20625000000000002 0.3296875
0 0.15703125 0.5125000000000001 0.07968750000000001 0.1375
0 0.23828125 0.640625 0.08281250000000001 0.153125
0 0.30781250000000004 0.6179687500000001 0.078125 0.15781250000000002
0 0.33984375 0.6468750000000001 0.0765625 0.153125
0 0.4625 0.7289062500000001 0.09375 0.18281250000000002
0 0.5328125 0.7664062500000001 0.09375 0.1765625
0 0.6570312500000001 0.7390625000000001 0.11406250000000001 0.215625
0 0.93671875 0.59140625 0.1015625 0.1796875
0 0.8578125000000001 0.5515625000000001 0.096875 0.18125000000000002
0 0.753125 0.6039062500000001 0.109375 0.1921875
0 0.203125 0.45859375 0.065625 0.1265625
0 0.0328125 0.6218750000000001 0.065625 0.12812500000000002
0 0.17890625000000002 0.7742187500000001 0.051562500000000004 0.0921875
0 0.5906250000000001 0.6203125 0.053125000000000006 0.10312500000000001
0 0.728125 0.77890625 0.046875 0.08281250000000001
0 0.7664062500000001 0.81171875 0.0421875 0.0859375
0 0.8078125 0.8031250000000001 0.05 0.084375
0 0.9007812500000001 0.7609375 0.0421875 0.07187500000000001
0 0.7171875000000001 0.52890625 0.13125 0.2328125
0 0.16328125000000002 0.68671875 0.0703125 0.1171875
0 0.38125000000000003 0.6734375 0.046875 0.1
