0 0.26640625 0.25234375000000003 0.11093750000000001 0.1421875
0 0.10078125 0.259375 0.1328125 0.17500000000000002
0 0.30000000000000004 0.3296875 0.1 0.115625
0 0.19453125000000002 0.35468750000000004 0.1296875 0.15000000000000002
0 0.7875000000000001 0.3921875 0.10625000000000001 0.109375
0 0.21796875000000002 0.44765625000000003 0.09843750000000001 0.1046875
0 0.7046875 0.44921875 0.09062500000000001 0.1078125
0 0.30859375 0.47500000000000003 0.1078125 0.1375
0 0.8859375 0.4765625 0.12812500000000002 0.13125
0 0.50546875 0.47890625000000003 0.11093750000000001 0.1453125
0 0.40703125 0.496875 0.1171875 0.153125
0 0.95234375 0.51484375 0.0921875 0.1328125
0 0.5632812500000001 0.5234375 0.11406250000000001 0.1375
0 0.6734375 0.5578125 0.115625 0.153125
0 0.83359375 0.5796875 0.1265625 0.12812500000000002
0 0.465625 0.6117187500000001 0.11875000000000001 0.1484375
0 0.9296875 0.62421875 0.11875000000000001 0.1390625
0 0.58359375 0.63046875 0.09531250000000001 0.1203125
0 0.85078125 0.68515625 0.09843750000000001 0.11406250000000001
0 0.95234375 0.7273437500000001 0.0921875 0.1203125
0 0.946875 0.8171875000000001 0.09375 0.096875
0 0.07109375 0.12265625000000001 0.1078125 0.1390625
