0 0.5875 0.025 0.14375000000000002 0.05
0 0.43593750000000003 0.15390625000000002 0.171875 0.1203125
0 0.3984375 0.22421875000000002 0.1625 0.11406250000000001
0 0.5921875 0.30390625000000004 0.140625 0.09843750000000001
0 0.521875 0.23671875 0.178125 0.1203125
0 0.55234375 0.16796875 0.0859375 0.060937500000000006
0 0.6000000000000001 0.14296875 0.08750000000000001 0.0578125
0 0.59296875 0.1078125 0.09843750000000001 0.0625
0 0.5593750000000001 0.34609375000000003 0.109375 0.0703125
0 0.5109375 0.2890625 0.053125000000000006 0.037500000000000006
0 0.48281250000000003 0.296875 0.053125000000000006 0.037500000000000006
0 0.5242187500000001 0.3765625 0.0890625 0.05625
0 0.5125000000000001 0.3359375 0.09062500000000001 0.05625
0 0.51171875 0.38984375000000004 0.0921875 0.0578125
0 0.46718750000000003 0.5484375 0.096875 0.065625
0 0.6921875000000001 0.6976562500000001 0.1625 0.1171875
0 0.5828125000000001 0.6875 0.14375000000000002 0.10625000000000001
0 0.43593750000000003 0.49843750000000003 0.065625 0.043750000000000004
0 0.46640625 0.6257812500000001 0.0921875 0.06406250000000001
0 0.52265625 0.6078125000000001 0.07968750000000001 0.053125000000000006
0 0.5078125 0.56875 0.06875 0.053125000000000006
0 0.48125 0.70078125 0.08125 0.0546875
0 0.44453125000000004 0.66953125 0.06406250000000001 0.051562500000000004
0 0.46953125 0.50703125 0.0671875 0.0421875
0 0.47578125000000004 0.44609375 0.060937500000000006 0.045312500000000006
0 0.5078125 0.43828125 0.059375000000000004 0.0390625
0 0.7210937500000001 0.7390625000000001 0.1453125 0.09375
0 0.7046875 0.8234375 0.18125000000000002 0.12187500000000001
0 0.56796875 0.821875 0.0765625 0.053125000000000006
0 0.5390625 0.8734375000000001 0.09375 0.065625
0 0.56875 0.91328125 0.09062500000000001 0.060937500000000006
0 0.45078125 0.9046875000000001 0.0578125 0.040625
0 0.515625 0.81171875 0.065625 0.0484375
