0 0.3015625 0.815625 0.134375 0.215625
0 0.65546875 0.796875 0.09531250000000001 0.153125
0 0.8835937500000001 0.79609375 0.1078125 0.16718750000000002
0 0.03359375 0.7765625 0.0671875 0.10625000000000001
0 0.8187500000000001 0.7515625 0.07500000000000001 0.134375
0 0.7328125000000001 0.7484375000000001 0.1 0.134375
0 0.9789062500000001 0.7289062500000001 0.0390625 0.1390625
0 0.5593750000000001 0.7265625 0.09375 0.12187500000000001
0 0.6000000000000001 0.7156250000000001 0.05625 0.10625000000000001
0 0.21015625000000002 0.7125 0.18281250000000002 0.23750000000000002
0 0.784375 0.6984375 0.06875 0.08750000000000001
0 0.9265625000000001 0.6843750000000001 0.096875 0.184375
0 0.38515625000000003 0.675 0.1421875 0.225
0 0.8539062500000001 0.6671875 0.060937500000000006 0.1
0 0.54921875 0.9578125000000001 0.11406250000000001 0.08125
0 0.1953125 0.5546875 0.1125 0.15937500000000002
0 0.97578125 0.5453125 0.045312500000000006 0.19687500000000002
0 0.30312500000000003 0.5390625 0.14375000000000002 0.27187500000000003
0 0.915625 0.5234375 0.08750000000000001 0.16875
0 0.421875 0.5171875 0.140625 0.12812500000000002
0 0.06015625 0.9515625000000001 0.1078125 0.09375
0 0.1390625 0.49921875000000004 0.08125 0.1171875
0 0.32265625000000003 0.42890625000000004 0.1296875 0.1546875
0 0.09296875 0.42812500000000003 0.060937500000000006 0.1125
0 0.11875000000000001 0.33906250000000004 0.065625 0.096875
0 0.596875 0.3203125 0.06875 0.11875000000000001
0 0.2265625 0.31093750000000003 0.07187500000000001 0.125
0 0.16328125000000002 0.3046875 0.0734375 0.09375
0 0.6484375 0.30000000000000004 0.05 0.1125
0 0.565625 0.27578125000000003 0.059375000000000004 0.1015625
0 0.37265625 0.26328125 0.0578125 0.0765625
0 0.6515625 0.925 0.1125 0.1375
0 0.61875 0.234375 0.053125000000000006 0.065625
0 0.184375 0.22109375 0.07187500000000001 0.1046875
0 0.42500000000000004 0.21875 0.059375000000000004 0.084375
0 0.24531250000000002 0.20468750000000002 0.065625 0.08125
0 0.07187500000000001 0.20468750000000002 0.05625 0.109375
0 0.4609375 0.19921875 0.046875 0.0734375
0 0.015625 0.18906250000000002 0.03125 0.09062500000000001
0 0.31015625 0.1265625 0.0546875 0.08750000000000001
0 0.4578125 0.07500000000000001 0.053125000000000006 0.07500000000000001
0 0.5125000000000001 0.0734375 0.05625 0.09062500000000001
0 0.6921875000000001 0.0421875 0.053125000000000006 0.084375
0 0.41718750000000004 0.884375 0.12812500000000002 0.22812500000000002
0 0.1 0.86875 0.0625 0.1
0 0.7718750000000001 0.8609375 0.11875000000000001 0.1375
0 0.032031250000000004 0.859375 0.06406250000000001 0.1125
0 0.95703125 0.8515625 0.08281250000000001 0.16875
0 0.55078125 0.84765625 0.1265625 0.22968750000000002
