0 0.328125 0.84140625 0.215625 0.1859375
0 0.146875 0.81171875 0.20625000000000002 0.1921875
0 0.39765625000000004 0.7992187500000001 0.18281250000000002 0.15781250000000002
0 0.109375 0.759375 0.1375 0.14375000000000002
0 0.7445312500000001 0.7445312500000001 0.1390625 0.1609375
0 0.9375 0.84375 0.12187500000000001 0.16562500000000002
0 0.5828125000000001 0.8460937500000001 0.13125 0.1640625
0 0.54609375 0.79609375 0.0890625 0.13593750000000002
0 0.6429687500000001 0.7453125 0.09531250000000001 0.1
0 0.8382812500000001 0.7718750000000001 0.1171875 0.134375
0 0.91953125 0.78671875 0.11093750000000001 0.1296875
0 0.9851562500000001 0.765625 0.026562500000000003 0.078125
0 0.80390625 0.6820312500000001 0.1046875 0.11406250000000001
0 0.31875000000000003 0.18828125 0.053125000000000006 0.0546875
0 0.35078125000000004 0.19609375 0.0484375 0.0546875
0 0.31328125 0.25546875 0.051562500000000004 0.060937500000000006
0 0.353125 0.21640625000000002 0.043750000000000004 0.051562500000000004
0 0.31484375000000003 0.22421875000000002 0.0484375 0.0421875
0 0.8054687500000001 0.24453125 0.0484375 0.051562500000000004
0 0.7273437500000001 0.30781250000000004 0.051562500000000004 0.059375000000000004
0 0.7000000000000001 0.2890625 0.037500000000000006 0.046875
0 0.76484375 0.259375 0.051562500000000004 0.059375000000000004
0 0.7468750000000001 0.29609375 0.043750000000000004 0.0421875
0 0.7250000000000001 0.2703125 0.040625 0.043750000000000004
