0 0.6804687500000001 0.41250000000000003 0.1765625 0.134375
0 0.90234375 0.49296875 0.1609375 0.1421875
0 0.8890625000000001 0.63828125 0.043750000000000004 0.1265625
0 0.77890625 0.53359375 0.1421875 0.1453125
0 0.42734375 0.3171875 0.0921875 0.15000000000000002
0 0.5390625 0.4453125 0.16562500000000002 0.15625
0 0.76328125 0.6882812500000001 0.1640625 0.1296875
0 0.6546875000000001 0.5750000000000001 0.14375000000000002 0.009375000000000001
0 0.51953125 0.6046875 0.045312500000000006 0.140625
0 0.62265625 0.7351562500000001 0.1609375 0.010937500000000001
0 0.7289062500000001 0.8515625 0.045312500000000006 0.140625
0 0.8734375000000001 0.80234375 0.15625 0.1421875
0 0.8406250000000001 0.9304687500000001 0.16562500000000002 0.1078125
0 0.3609375 0.83515625 0.22187500000000002 0.1546875
0 0.2265625 0.69453125 0.17500000000000002 0.010937500000000001
0 0.40234375 0.47968750000000004 0.1765625 0.053125000000000006
0 0.2828125 0.3453125 0.1875 0.178125
0 0.25234375000000003 0.5296875 0.1953125 0.134375
0 0.12578125 0.3875 0.1703125 0.18125000000000002
0 0.16640625 0.20625000000000002 0.0484375 0.16562500000000002
0 0.1265625 0.5609375 0.153125 0.15937500000000002
0 0.37734375000000003 0.65234375 0.18906250000000002 0.1484375
0 0.50625 0.7820312500000001 0.15625 0.15156250000000002
0 0.6078125000000001 0.90390625 0.19687500000000002 0.1390625
