0 0.71640625 0.6296875000000001 0.32343750000000004 0.1875
0 0.325 0.6960937500000001 0.22812500000000002 0.1203125
0 0.55390625 0.85703125 0.1921875 0.11406250000000001
0 0.35468750000000004 0.32343750000000004 0.15937500000000002 0.08125
0 0.26484375 0.5796875 0.1953125 0.1
0 0.28828125 0.5015625 0.2078125 0.109375
0 0.8054687500000001 0.32343750000000004 0.3015625 0.1625
0 0.7703125000000001 0.12812500000000002 0.384375 0.22187500000000002
0 0.4234375 0.153125 0.1375 0.08125
0 0.32578125 0.25625000000000003 0.1609375 0.09062500000000001
0 0.52578125 0.71015625 0.2328125 0.1390625
0 0.2859375 0.047656250000000004 0.13125 0.0765625
0 0.17500000000000002 0.22734375 0.10625000000000001 0.060937500000000006
0 0.30312500000000003 0.7734375 0.096875 0.046875
0 0.2828125 0.81796875 0.07500000000000001 0.045312500000000006
0 0.5359375000000001 0.9421875000000001 0.17500000000000002 0.09375
0 0.47968750000000004 0.19296875000000002 0.115625 0.0546875
0 0.33906250000000004 0.37031250000000004 0.15000000000000002 0.065625
0 0.31796875 0.40390625 0.1296875 0.0734375
0 0.690625 0.7250000000000001 0.21875 0.109375
0 0.47968750000000004 0.7664062500000001 0.18125000000000002 0.1078125
