0 0.5359375000000001 0.28515625 0.39375000000000004 0.5265625
0 0.60078125 0.753125 0.40156250000000004 0.453125
0 0.2609375 0.7898437500000001 0.309375 0.32656250000000003
0 0.15703125 0.49062500000000003 0.2484375 0.30625
0 0.12578125 0.19375 0.22968750000000002 0.30312500000000003
0 0.8835937500000001 0.23984375000000002 0.22968750000000002 0.3015625
0 0.35468750000000004 0.50625 0.15937500000000002 0.259375
0 0.74921875 0.06875 0.2546875 0.1375
0 0.48281250000000003 0.03125 0.203125 0.0625
0 0.25546875 0.0421875 0.2234375 0.084375
