0 0.65625 0.27890625 0.0625 0.09531250000000001
0 0.6023437500000001 0.30546875 0.0765625 0.1265625
0 0.35234375 0.4390625 0.0671875 0.1125
0 0.4109375 0.45156250000000003 0.08125 0.125
0 0.7976562500000001 0.38125000000000003 0.0765625 0.1375
0 0.44609375 0.49453125000000003 0.0734375 0.1234375
0 0.89453125 0.43203125000000003 0.0546875 0.0765625
0 0.53046875 0.509375 0.06406250000000001 0.10312500000000001
0 0.8523437500000001 0.47265625 0.0703125 0.1046875
0 0.4234375 0.60078125 0.05625 0.0859375
0 0.628125 0.59609375 0.05625 0.0859375
0 0.390625 0.65234375 0.05625 0.0921875
0 0.17109375000000002 0.71484375 0.0546875 0.0734375
0 0.65 0.6671875 0.053125000000000006 0.08750000000000001
0 0.415625 0.7289062500000001 0.05625 0.09531250000000001
0 0.26328125 0.76953125 0.08281250000000001 0.1265625
0 0.20703125 0.790625 0.07968750000000001 0.11875000000000001
0 0.6171875 0.7359375 0.043750000000000004 0.07500000000000001
0 0.65 0.7375 0.046875 0.08125
0 0.8203125 0.70625 0.043750000000000004 0.07187500000000001
0 0.95234375 0.77265625 0.051562500000000004 0.07968750000000001
0 0.4546875 0.8992187500000001 0.05625 0.07968750000000001
0 0.9296875 0.828125 0.05625 0.1
0 0.95234375 0.8453125 0.0546875 0.1
0 0.92578125 0.87109375 0.051562500000000004 0.0765625
