0 0.36796875 0.109375 0.1421875 0.21875
0 0.6734375 0.022656250000000003 0.12812500000000002 0.045312500000000006
0 0.59921875 0.0671875 0.1390625 0.134375
0 0.69453125 0.08828125 0.1296875 0.1765625
0 0.7765625 0.0734375 0.15000000000000002 0.146875
0 0.70859375 0.11406250000000001 0.1203125 0.21250000000000002
0 0.81015625 0.08046875 0.11406250000000001 0.1609375
0 0.41250000000000003 0.03515625 0.10625000000000001 0.0703125
0 0.31328125 0.0328125 0.0765625 0.05
0 0.19062500000000002 0.14921875 0.134375 0.21406250000000002
0 0.24609375 0.44140625 0.11093750000000001 0.1796875
0 0.21328125 0.56953125 0.1265625 0.20468750000000002
0 0.16640625 0.41015625 0.11093750000000001 0.1796875
0 0.09375 0.42812500000000003 0.10625000000000001 0.15000000000000002
0 0.08125 0.55625 0.10312500000000001 0.1625
0 0.051562500000000004 0.6625000000000001 0.10312500000000001 0.16875
0 0.025781250000000002 0.5140625 0.051562500000000004 0.14375000000000002
0 0.041406250000000006 0.259375 0.08281250000000001 0.21250000000000002
0 0.43984375000000003 0.54140625 0.0921875 0.1296875
0 0.5046875000000001 0.5234375 0.1 0.15937500000000002
0 0.5789062500000001 0.5398437500000001 0.1171875 0.1546875
0 0.63828125 0.4375 0.1046875 0.15625
0 0.70859375 0.38125000000000003 0.0890625 0.12187500000000001
0 0.62109375 0.09531250000000001 0.11093750000000001 0.15000000000000002
0 0.846875 0.40468750000000003 0.08750000000000001 0.12812500000000002
0 0.9078125 0.44140625 0.1125 0.1609375
0 0.946875 0.51875 0.0625 0.125
0 0.7375 0.5398437500000001 0.09062500000000001 0.15156250000000002
0 0.6921875000000001 0.5015625 0.10625000000000001 0.171875
0 0.6703125000000001 0.58828125 0.09062500000000001 0.15156250000000002
0 0.75703125 0.6578125 0.0734375 0.1125
0 0.70234375 0.70625 0.0859375 0.1375
0 0.875 0.6781250000000001 0.059375000000000004 0.09375
0 0.9359375000000001 0.8132812500000001 0.046875 0.0671875
0 0.9484375 0.8187500000000001 0.034375 0.084375
0 0.9593750000000001 0.8132812500000001 0.0125 0.07968750000000001
0 0.53046875 0.7359375 0.0890625 0.140625
0 0.46718750000000003 0.6453125000000001 0.09062500000000001 0.125
0 0.42734375 0.5921875 0.07968750000000001 0.12187500000000001
0 0.5554687500000001 0.6046875 0.0890625 0.14375000000000002
0 0.5671875000000001 0.89453125 0.06875 0.11093750000000001
0 0.40468750000000003 0.93515625 0.07187500000000001 0.09531250000000001
0 0.3328125 0.8265625000000001 0.08750000000000001 0.1375
0 0.384375 0.8289062500000001 0.09375 0.13593750000000002
0 0.2859375 0.8625 0.084375 0.134375
0 0.28671875 0.76953125 0.0703125 0.0921875
0 0.34765625 0.7515625 0.06406250000000001 0.1
0 0.37812500000000004 0.7484375000000001 0.07500000000000001 0.09375
0 0.12578125 0.52734375 0.09531250000000001 0.1421875
0 0.035937500000000004 0.56171875 0.07187500000000001 0.1796875
0 0.35781250000000003 0.9398437500000001 0.078125 0.0890625
