0 0.6414062500000001 0.10234375000000001 0.1328125 0.1546875
0 0.63671875 0.11093750000000001 0.1203125 0.15000000000000002
0 0.875 0.09765625 0.096875 0.1265625
0 0.7898437500000001 0.1375 0.11406250000000001 0.153125
0 0.0625 0.25859375 0.125 0.21406250000000002
0 0.55078125 0.23046875 0.1328125 0.1484375
0 0.19921875 0.26796875000000003 0.2109375 0.22968750000000002
0 0.37578125 0.27265625 0.19843750000000002 0.2078125
0 0.6843750000000001 0.26406250000000003 0.096875 0.115625
0 0.7937500000000001 0.27734375 0.12812500000000002 0.11406250000000001
0 0.5546875 0.35234375 0.12187500000000001 0.11406250000000001
0 0.61484375 0.44921875 0.0734375 0.0921875
0 0.503125 0.46796875000000004 0.08125 0.0921875
0 0.4921875 0.07968750000000001 0.13125 0.12812500000000002
0 0.6351562500000001 0.75 0.3359375 0.309375
