0 0.41953125 0.5375 0.5015625 0.371875
0 0.40546875000000004 0.31015625 0.3671875 0.3140625
0 0.696875 0.31796875 0.42500000000000004 0.3828125
0 0.81796875 0.49296875 0.3609375 0.35781250000000003
0 0.6109375 0.7765625 0.35625 0.375
0 0.82734375 0.77109375 0.2921875 0.3796875
0 0.21171875 0.8125 0.4234375 0.35000000000000003
0 0.20468750000000002 0.540625 0.40937500000000004 0.37812500000000004
0 0.18515625000000002 0.26015625000000003 0.31093750000000003 0.3203125
0 0.37812500000000004 0.109375 0.34687500000000004 0.215625
0 0.61328125 0.109375 0.35781250000000003 0.215625
0 0.84765625 0.1328125 0.3015625 0.265625
