0 0.9320312500000001 0.23515625 0.051562500000000004 0.060937500000000006
0 0.2546875 0.29765625 0.037500000000000006 0.0859375
0 0.08359375000000001 0.31093750000000003 0.0390625 0.1
0 0.22031250000000002 0.33125000000000004 0.059375000000000004 0.1
0 0.09843750000000001 0.375 0.05625 0.096875
0 0.14609375 0.3765625 0.051562500000000004 0.1
0 0.8703125 0.37812500000000004 0.034375 0.08125
0 0.63671875 0.38906250000000003 0.029687500000000002 0.05625
0 0.7171875000000001 0.3921875 0.037500000000000006 0.09062500000000001
0 0.42500000000000004 0.4 0.053125000000000006 0.096875
0 0.0765625 0.40703125 0.040625 0.0484375
0 0.54296875 0.41796875 0.051562500000000004 0.06406250000000001
0 0.784375 0.421875 0.05 0.05
0 0.86328125 0.421875 0.045312500000000006 0.05625
0 0.38984375000000004 0.43203125000000003 0.0546875 0.0890625
0 0.5945312500000001 0.434375 0.051562500000000004 0.096875
0 0.12421875 0.4421875 0.0328125 0.065625
0 0.8 0.4421875 0.043750000000000004 0.059375000000000004
0 0.7468750000000001 0.4546875 0.065625 0.10312500000000001
0 0.20625000000000002 0.45546875000000003 0.037500000000000006 0.045312500000000006
0 0.90625 0.45546875000000003 0.053125000000000006 0.0484375
0 0.1484375 0.47265625 0.040625 0.0734375
0 0.415625 0.47890625000000003 0.040625 0.045312500000000006
0 0.21875 0.4859375 0.05 0.05
0 0.08359375000000001 0.49062500000000003 0.0484375 0.05
0 0.44609375 0.5007812500000001 0.0328125 0.0734375
0 0.92890625 0.51015625 0.0390625 0.0421875
0 0.96640625 0.51484375 0.0390625 0.045312500000000006
0 0.8703125 0.53125 0.040625 0.07500000000000001
0 0.44921875 0.5765625 0.0421875 0.078125
0 0.47578125000000004 0.6078125000000001 0.045312500000000006 0.084375
0 0.5140625 0.6117187500000001 0.037500000000000006 0.051562500000000004
0 0.10078125 0.6179687500000001 0.029687500000000002 0.0421875
0 0.56796875 0.71875 0.035937500000000004 0.065625
