0 0.025 0.41250000000000003 0.05 0.14375000000000002
0 0.15390625000000002 0.5640625 0.1203125 0.171875
0 0.22421875000000002 0.603125 0.11406250000000001 0.1625
0 0.30390625000000004 0.40937500000000004 0.09843750000000001 0.140625
0 0.23671875 0.47968750000000004 0.1203125 0.178125
0 0.16796875 0.44765625000000003 0.060937500000000006 0.0859375
0 0.14296875 0.40156250000000004 0.0578125 0.08750000000000001
0 0.1078125 0.40859375000000003 0.0625 0.09843750000000001
0 0.34609375000000003 0.4421875 0.0703125 0.109375
0 0.2890625 0.4890625 0.037500000000000006 0.053125000000000006
0 0.296875 0.51875 0.037500000000000006 0.053125000000000006
0 0.3765625 0.47734375 0.05625 0.0890625
0 0.3359375 0.4890625 0.05625 0.09062500000000001
0 0.38984375000000004 0.48984375 0.0578125 0.0921875
0 0.5484375 0.5328125 0.065625 0.096875
0 0.6976562500000001 0.30781250000000004 0.1171875 0.1625
0 0.6875 0.41718750000000004 0.10625000000000001 0.14375000000000002
0 0.49843750000000003 0.5640625 0.043750000000000004 0.065625
0 0.6257812500000001 0.53359375 0.06406250000000001 0.0921875
0 0.6078125000000001 0.47734375 0.053125000000000006 0.07968750000000001
0 0.56875 0.49375 0.053125000000000006 0.06875
0 0.70078125 0.5203125000000001 0.0546875 0.08125
0 0.66953125 0.55703125 0.051562500000000004 0.06406250000000001
0 0.50703125 0.53046875 0.0421875 0.0671875
0 0.44609375 0.52578125 0.045312500000000006 0.060937500000000006
0 0.43828125 0.4921875 0.0390625 0.059375000000000004
0 0.7390625000000001 0.27890625 0.09375 0.1453125
0 0.8234375 0.296875 0.12187500000000001 0.18125000000000002
0 0.821875 0.43359375 0.053125000000000006 0.0765625
0 0.8734375000000001 0.4625 0.065625 0.09375
0 0.91328125 0.43125 0.060937500000000006 0.09062500000000001
0 0.9046875000000001 0.54921875 0.040625 0.0578125
0 0.81171875 0.4859375 0.0484375 0.065625
