0 0.5796875 0.14296875 0.21250000000000002 0.2859375
0 0.7265625 0.2703125 0.21250000000000002 0.33125000000000004
0 0.37734375000000003 0.2390625 0.2265625 0.33437500000000003
0 0.521875 0.40703125 0.209375 0.30781250000000004
0 0.31093750000000003 0.5234375 0.20625000000000002 0.321875
0 0.67734375 0.565625 0.20468750000000002 0.31875000000000003
0 0.46875 0.6875 0.22187500000000002 0.325
0 0.26328125 0.80234375 0.2078125 0.3015625
0 0.6335937500000001 0.82421875 0.2171875 0.2578125
0 0.43593750000000003 0.88828125 0.2 0.1640625
