0 0.60078125 0.109375 0.1234375 0.21875
0 0.565625 0.36640625000000004 0.0625 0.1421875
0 0.62265625 0.39375000000000004 0.0578125 0.13125
0 0.72578125 0.4375 0.0546875 0.109375
0 0.8851562500000001 0.40234375 0.0546875 0.1046875
0 0.29375 0.421875 0.0625 0.13125
0 0.1265625 0.7156250000000001 0.09062500000000001 0.17500000000000002
0 0.16796875 0.51171875 0.1015625 0.1703125
0 0.234375 0.246875 0.06875 0.17500000000000002
0 0.31562500000000004 0.26015625000000003 0.09062500000000001 0.15781250000000002
0 0.43125 0.12890625 0.084375 0.1703125
0 0.47500000000000003 0.2265625 0.0625 0.15937500000000002
0 0.6640625 0.15390625000000002 0.1125 0.2078125
0 0.6640625 0.4296875 0.046875 0.09375
0 0.6453125000000001 0.51953125 0.046875 0.1203125
0 0.40937500000000004 0.53046875 0.040625 0.09843750000000001
0 0.46171875 0.46796875000000004 0.051562500000000004 0.1046875
0 0.08281250000000001 0.2328125 0.09062500000000001 0.15937500000000002
0 0.09453125000000001 0.6125 0.1015625 0.17500000000000002
0 0.0203125 0.7359375 0.040625 0.18125000000000002
0 0.9125000000000001 0.5085937500000001 0.043750000000000004 0.09843750000000001
0 0.9546875 0.5242187500000001 0.040625 0.09843750000000001
0 0.76328125 0.5007812500000001 0.051562500000000004 0.08281250000000001
0 0.8187500000000001 0.4625 0.065625 0.115625
0 0.4421875 0.6062500000000001 0.040625 0.08750000000000001
0 0.14609375 0.44062500000000004 0.1015625 0.16875
0 0.17343750000000002 0.25703125 0.06875 0.1421875
0 0.03671875 0.043750000000000004 0.0734375 0.08750000000000001
0 0.1046875 0.035937500000000004 0.078125 0.07187500000000001
0 0.275 0.37265625 0.06875 0.1421875
0 0.33984375 0.3171875 0.0765625 0.13125
0 0.40156250000000004 0.27890625 0.0625 0.1421875
