0 0.5484375 0.1921875 0.340625 0.35625
0 0.25 0.31484375000000003 0.28750000000000003 0.3828125
0 0.46171875 0.39453125 0.2921875 0.4078125
0 0.68671875 0.35781250000000003 0.27968750000000003 0.353125
0 0.178125 0.7250000000000001 0.15625 0.203125
0 0.35468750000000004 0.6000000000000001 0.1625 0.253125
0 0.47421875 0.5945312500000001 0.2078125 0.2546875
0 0.7054687500000001 0.8078125 0.1296875 0.16875
0 0.56953125 0.81640625 0.13593750000000002 0.19843750000000002
0 0.35234375 0.83125 0.1328125 0.184375
0 0.43828125 0.89609375 0.09843750000000001 0.1328125
0 0.26484375 0.8515625 0.13593750000000002 0.19375
