0 0.6953125 0.36640625000000004 0.14375000000000002 0.2609375
0 0.5476562500000001 0.284375 0.1453125 0.22812500000000002
0 0.7015625000000001 0.6195312500000001 0.14375000000000002 0.2390625
0 0.3953125 0.30234375 0.140625 0.18906250000000002
0 0.45078125 0.45390625 0.1453125 0.24531250000000002
0 0.59140625 0.4703125 0.1265625 0.240625
0 0.56640625 0.69453125 0.1609375 0.2578125
0 0.14609375 0.253125 0.1203125 0.25
0 0.0421875 0.28046875 0.084375 0.2609375
0 0.22578125000000002 0.515625 0.11406250000000001 0.23125
0 0.14609375 0.7484375000000001 0.1203125 0.2
0 0.27421875 0.72578125 0.1546875 0.2546875
0 0.14296875 0.9015625 0.1390625 0.19375
0 0.70234375 0.7585937500000001 0.1234375 0.1453125
0 0.30546875 0.8375 0.13593750000000002 0.23125
0 0.3125 0.38203125000000004 0.1125 0.1484375
