0 0.553125 0.5359375000000001 0.540625 0.3125
0 0.2828125 0.17734375000000002 0.059375000000000004 0.0765625
0 0.32421875 0.328125 0.0734375 0.059375000000000004
0 0.49765625 0.0890625 0.1296875 0.034375
0 0.6359375 0.13046875 0.146875 0.1421875
0 0.6195312500000001 0.7359375 0.1234375 0.1125
0 0.49453125000000003 0.33828125000000003 0.1421875 0.13593750000000002
0 0.6257812500000001 0.34453125 0.1328125 0.1265625
0 0.16171875000000002 0.8359375 0.1546875 0.10625000000000001
0 0.30234375 0.8093750000000001 0.06406250000000001 0.10625000000000001
