0 0.278125 0.90390625 0.2625 0.18281250000000002
0 0.5609375 0.70078125 0.25 0.1609375
0 0.6023437500000001 0.5609375 0.2265625 0.16562500000000002
0 0.26015625000000003 0.67890625 0.24531250000000002 0.1609375
0 0.21875 0.79296875 0.240625 0.1296875
0 0.26953125 0.534375 0.24531250000000002 0.17500000000000002
0 0.47968750000000004 0.44296875 0.25 0.1609375
0 0.5984375000000001 0.32578125 0.21875 0.1796875
0 0.67109375 0.16171875000000002 0.21406250000000002 0.1609375
0 0.7054687500000001 0.029687500000000002 0.2265625 0.05
0 0.48046875 0.1171875 0.07968750000000001 0.08125
0 0.4421875 0.30234375 0.15625 0.1296875
0 0.34218750000000003 0.1703125 0.10625000000000001 0.08125
0 0.4078125 0.22578125000000002 0.146875 0.0859375
0 0.36640625000000004 0.31562500000000004 0.1640625 0.10312500000000001
