0 0.325 0.7234375000000001 0.278125 0.47187500000000004
0 0.6898437500000001 0.4765625 0.2765625 0.45
0 0.6078125000000001 0.29375 0.29375 0.49062500000000003
0 0.453125 0.41171875 0.309375 0.44843750000000004
0 0.37031250000000004 0.78046875 0.240625 0.3921875
0 0.23359375000000002 0.62109375 0.2703125 0.46406250000000004
0 0.15937500000000002 0.1328125 0.15937500000000002 0.23125
0 0.2171875 0.12578125 0.16562500000000002 0.2234375
0 0.209375 0.26171875 0.1625 0.2421875
0 0.7992187500000001 0.3375 0.26406250000000003 0.453125
0 0.921875 0.3515625 0.153125 0.28750000000000003
0 0.8375 0.5242187500000001 0.19687500000000002 0.3203125
