0 0.72421875 0.08515625 0.1921875 0.07968750000000001
0 0.55703125 0.27265625 0.35468750000000004 0.4859375
0 0.2671875 0.6023437500000001 0.34375 0.4765625
0 0.8773437500000001 0.7406250000000001 0.1484375 0.284375
0 0.6898437500000001 0.34140625 0.34218750000000003 0.5171875
0 0.53515625 0.5890625 0.3953125 0.503125
0 0.48750000000000004 0.24609375 0.321875 0.4421875
0 0.41250000000000003 0.7312500000000001 0.375 0.53125
0 0.20390625 0.74140625 0.35468750000000004 0.5140625
0 0.11484375000000001 0.59296875 0.22968750000000002 0.35781250000000003
0 0.09296875 0.7625000000000001 0.1859375 0.35000000000000003
0 0.83515625 0.6359375 0.20468750000000002 0.25625000000000003
0 0.8578125000000001 0.79296875 0.178125 0.3046875
