0 0.18203125 0.46484375 0.18906250000000002 0.2234375
0 0.3671875 0.42578125 0.209375 0.2421875
0 0.59140625 0.11875000000000001 0.20468750000000002 0.21250000000000002
0 0.6273437500000001 0.29921875000000003 0.20468750000000002 0.2328125
0 0.46718750000000003 0.2765625 0.203125 0.23125
0 0.0625 0.6742187500000001 0.125 0.2109375
0 0.10703125000000001 0.51953125 0.18281250000000002 0.2109375
0 0.240625 0.49062500000000003 0.16562500000000002 0.20625000000000002
0 0.11328125 0.65390625 0.1765625 0.2015625
0 0.20703125 0.6453125000000001 0.15781250000000002 0.184375
0 0.38671875 0.7250000000000001 0.1421875 0.15937500000000002
0 0.45156250000000003 0.6828125 0.109375 0.14375000000000002
0 0.39921875 0.5234375 0.15156250000000002 0.203125
0 0.45 0.5046875000000001 0.146875 0.17500000000000002
0 0.5085937500000001 0.55078125 0.1390625 0.16718750000000002
0 0.15000000000000002 0.94453125 0.08750000000000001 0.1078125
