0 0.60546875 0.8375 0.1296875 0.15000000000000002
0 0.5625 0.721875 0.140625 0.15937500000000002
0 0.63828125 0.6117187500000001 0.1328125 0.15781250000000002
0 0.6546875000000001 0.47265625 0.134375 0.1546875
0 0.68671875 0.24140625000000002 0.13593750000000002 0.1640625
0 0.6117187500000001 0.35000000000000003 0.1234375 0.153125
0 0.56875 0.215625 0.134375 0.16875
0 0.5453125 0.453125 0.125 0.153125
0 0.5242187500000001 0.59609375 0.1296875 0.1640625
0 0.4890625 0.8234375 0.13125 0.16562500000000002
0 0.44609375 0.7039062500000001 0.13593750000000002 0.15156250000000002
0 0.37421875000000004 0.80859375 0.1328125 0.15781250000000002
0 0.5 0.32109375 0.13125 0.1640625
0 0.4578125 0.18671875000000002 0.1375 0.1703125
0 0.421875 0.43828125 0.140625 0.1546875
0 0.40546875000000004 0.5765625 0.13593750000000002 0.15625
0 0.33828125000000003 0.1625 0.13593750000000002 0.178125
0 0.38125000000000003 0.30000000000000004 0.134375 0.16875
0 0.309375 0.4109375 0.14375000000000002 0.16562500000000002
0 0.2890625 0.5554687500000001 0.134375 0.1640625
0 0.3328125 0.6820312500000001 0.140625 0.1609375
0 0.25546875 0.7914062500000001 0.1421875 0.1609375
