0 0.3015625 0.184375 0.134375 0.215625
0 0.65546875 0.203125 0.09531250000000001 0.153125
0 0.8835937500000001 0.20546875 0.1078125 0.16718750000000002
0 0.03359375 0.2234375 0.0671875 0.10625000000000001
0 0.8187500000000001 0.2484375 0.07500000000000001 0.134375
0 0.7328125000000001 0.2515625 0.1 0.134375
0 0.9789062500000001 0.27109375 0.0390625 0.1390625
0 0.5593750000000001 0.275 0.09375 0.12187500000000001
0 0.6000000000000001 0.2859375 0.05625 0.10625000000000001
0 0.21015625000000002 0.28828125 0.18281250000000002 0.2390625
0 0.784375 0.30312500000000003 0.06875 0.08750000000000001
0 0.9265625000000001 0.31562500000000004 0.096875 0.184375
0 0.38515625000000003 0.32656250000000003 0.1421875 0.225
0 0.8539062500000001 0.33437500000000003 0.060937500000000006 0.1
0 0.54921875 0.041406250000000006 0.11406250000000001 0.08281250000000001
0 0.19609375 0.4453125 0.11406250000000001 0.15937500000000002
0 0.97578125 0.4546875 0.045312500000000006 0.19687500000000002
0 0.30312500000000003 0.4609375 0.14375000000000002 0.27187500000000003
0 0.915625 0.478125 0.08750000000000001 0.16875
0 0.421875 0.48281250000000003 0.140625 0.12812500000000002
0 0.06015625 0.0484375 0.1078125 0.09375
0 0.1390625 0.50234375 0.08125 0.1171875
0 0.32265625000000003 0.5710937500000001 0.1296875 0.1546875
0 0.09296875 0.571875 0.060937500000000006 0.1125
0 0.11875000000000001 0.6625000000000001 0.065625 0.096875
0 0.596875 0.68125 0.06875 0.11875000000000001
0 0.2265625 0.6890625 0.07187500000000001 0.125
0 0.16328125000000002 0.6953125 0.0734375 0.09375
0 0.6484375 0.7000000000000001 0.05 0.1125
0 0.565625 0.72421875 0.059375000000000004 0.1015625
0 0.37343750000000003 0.7367187500000001 0.05625 0.0765625
0 0.6515625 0.0765625 0.1125 0.1375
0 0.61875 0.765625 0.053125000000000006 0.065625
0 0.184375 0.77890625 0.07187500000000001 0.1046875
0 0.42421875000000003 0.7828125 0.0578125 0.084375
0 0.24531250000000002 0.796875 0.065625 0.08125
0 0.07187500000000001 0.79609375 0.05625 0.1078125
0 0.4609375 0.80234375 0.046875 0.0734375
0 0.015625 0.81171875 0.03125 0.0890625
0 0.31015625 0.875 0.0546875 0.08750000000000001
0 0.4578125 0.9265625000000001 0.053125000000000006 0.07500000000000001
0 0.5125000000000001 0.9281250000000001 0.05625 0.09062500000000001
0 0.6921875000000001 0.95703125 0.053125000000000006 0.08281250000000001
0 0.41718750000000004 0.115625 0.12812500000000002 0.22812500000000002
0 0.09921875000000001 0.1328125 0.06406250000000001 0.1
0 0.7718750000000001 0.140625 0.11875000000000001 0.1375
0 0.032031250000000004 0.140625 0.06406250000000001 0.1125
0 0.95703125 0.15000000000000002 0.08281250000000001 0.16875
0 0.55078125 0.15390625000000002 0.1265625 0.22968750000000002
