0 0.04296875 0.5234375 0.0859375 0.19687500000000002
0 0.17421875 0.38125000000000003 0.1484375 0.215625
0 0.12421875 0.46171875 0.1265625 0.1953125
0 0.14140625 0.36875 0.1234375 0.17500000000000002
0 0.31796875 0.30703125000000003 0.1546875 0.23593750000000002
0 0.24609375 0.44375000000000003 0.1484375 0.21250000000000002
0 0.24375000000000002 0.55390625 0.065625 0.0765625
0 0.19453125000000002 0.59765625 0.060937500000000006 0.0890625
0 0.1859375 0.5390625 0.065625 0.10625000000000001
0 0.18906250000000002 0.6414062500000001 0.05625 0.08281250000000001
0 0.36328125 0.6742187500000001 0.0921875 0.1328125
0 0.340625 0.6531250000000001 0.084375 0.12187500000000001
0 0.4921875 0.64453125 0.13125 0.1765625
0 0.59609375 0.540625 0.1328125 0.19062500000000002
0 0.48515625 0.5789062500000001 0.1203125 0.16718750000000002
0 0.6843750000000001 0.5476562500000001 0.140625 0.1953125
0 0.8265625000000001 0.50390625 0.140625 0.2015625
0 0.75390625 0.5867187500000001 0.13593750000000002 0.1953125
0 0.8921875 0.45625000000000004 0.16875 0.26875
0 0.9617187500000001 0.34609375000000003 0.0421875 0.2671875
0 0.94296875 0.3671875 0.0734375 0.225
0 0.6468750000000001 0.6648437500000001 0.10625000000000001 0.1328125
0 0.5875 0.7078125000000001 0.09062500000000001 0.1375
0 0.42890625000000004 0.7484375000000001 0.0890625 0.140625
0 0.44062500000000004 0.84296875 0.065625 0.1078125
0 0.478125 0.87421875 0.065625 0.09531250000000001
0 0.47890625000000003 0.9234375 0.0734375 0.09375
0 0.21484375 0.7125 0.0578125 0.078125
0 0.109375 0.8031250000000001 0.059375000000000004 0.09062500000000001
0 0.15625 0.83125 0.0625 0.078125
0 0.1296875 0.71640625 0.05625 0.09531250000000001
0 0.89765625 0.35703125 0.1265625 0.1796875
0 0.5390625 0.71015625 0.09062500000000001 0.15156250000000002
0 0.27187500000000003 0.74765625 0.059375000000000004 0.08281250000000001
0 0.21015625000000002 0.6421875 0.0546875 0.07187500000000001
0 0.11875000000000001 0.8734375000000001 0.053125000000000006 0.08125
0 0.06015625 0.76328125 0.0421875 0.0578125
0 0.08750000000000001 0.7546875000000001 0.037500000000000006 0.046875
