0 0.7421875 0.5328125 0.225 0.40937500000000004
0 0.5476562500000001 0.5984375000000001 0.2546875 0.453125
0 0.35000000000000003 0.54921875 0.21250000000000002 0.38593750000000004
0 0.3359375 0.753125 0.171875 0.284375
0 0.1640625 0.6390625000000001 0.203125 0.340625
0 0.13828125 0.7820312500000001 0.23593750000000002 0.3328125
0 0.0859375 0.8382812500000001 0.146875 0.20468750000000002
0 0.546875 0.45859375 0.19687500000000002 0.32343750000000004
0 0.8296875 0.36796875 0.16875 0.2734375
0 0.9320312500000001 0.32265625000000003 0.1328125 0.23593750000000002
