0 0.278125 0.17343750000000002 0.31875000000000003 0.21250000000000002
0 0.33984375 0.56015625 0.4109375 0.2515625
0 0.37812500000000004 0.36250000000000004 0.384375 0.23125
0 0.4421875 0.7484375000000001 0.40625 0.23750000000000002
0 0.63046875 0.83125 0.2421875 0.15937500000000002
0 0.6796875 0.9375 0.234375 0.12187500000000001
0 0.7351562500000001 0.584375 0.1203125 0.084375
0 0.76875 0.83359375 0.12187500000000001 0.09531250000000001
0 0.76953125 0.753125 0.11093750000000001 0.1
0 0.7781250000000001 0.6335937500000001 0.115625 0.0890625
0 0.13828125 0.1421875 0.2765625 0.240625
0 0.17421875 0.34609375000000003 0.29531250000000003 0.1921875
