0 0.4546875 0.46406250000000004 0.19375 0.1875
0 0.625 0.43984375000000003 0.15625 0.1609375
0 0.7890625 0.39609375 0.153125 0.1609375
0 0.40468750000000003 0.19453125000000002 0.0625 0.035937500000000004
0 0.23671875 0.2234375 0.16718750000000002 0.1625
0 0.08281250000000001 0.2546875 0.15625 0.1125
0 0.17265625 0.38125000000000003 0.18906250000000002 0.053125000000000006
0 0.34375 0.34140625 0.040625 0.1328125
0 0.515625 0.31171875000000004 0.040625 0.1328125
0 0.5593750000000001 0.15703125 0.1875 0.1546875
0 0.67890625 0.28359375000000003 0.11406250000000001 0.1546875
0 0.73203125 0.13515625 0.0765625 0.1328125
0 0.8484375000000001 0.253125 0.1875 0.19687500000000002
0 0.9085937500000001 0.52578125 0.1796875 0.19843750000000002
0 0.74765625 0.5476562500000001 0.19843750000000002 0.1921875
0 0.58046875 0.59296875 0.18281250000000002 0.1703125
0 0.38671875 0.62265625 0.17343750000000002 0.051562500000000004
0 0.29140625000000003 0.49531250000000004 0.1765625 0.109375
0 0.10546875 0.51953125 0.18906250000000002 0.16718750000000002
0 0.2109375 0.6578125 0.19375 0.16562500000000002
0 0.13828125 0.80390625 0.18281250000000002 0.1703125
0 0.321875 0.7828125 0.20625000000000002 0.171875
0 0.503125 0.7328125000000001 0.19375 0.16562500000000002
0 0.69296875 0.70078125 0.1484375 0.0484375
0 0.859375 0.6765625000000001 0.19375 0.1875
