0 0.31875000000000003 0.4234375 0.40625 0.39687500000000003
0 0.6648437500000001 0.49453125000000003 0.4421875 0.3921875
0 0.8671875 0.6023437500000001 0.20625000000000002 0.24531250000000002
0 0.35781250000000003 0.7078125000000001 0.546875 0.375
0 0.7828125 0.7937500000000001 0.284375 0.28125
0 0.5484375 0.76875 0.30000000000000004 0.30625
0 0.32343750000000004 0.0671875 0.21250000000000002 0.134375
0 0.5085937500000001 0.08515625 0.1953125 0.1703125
0 0.84921875 0.1390625 0.2015625 0.18125000000000002
0 0.6976562500000001 0.92734375 0.3171875 0.1296875
0 0.68515625 0.11484375000000001 0.2078125 0.1859375
0 0.41640625000000003 0.91015625 0.3015625 0.1703125
0 0.3921875 0.18359375 0.22187500000000002 0.18281250000000002
0 0.584375 0.225 0.21875 0.19375
0 0.7664062500000001 0.2578125 0.20468750000000002 0.19687500000000002
0 0.86484375 0.41484375 0.22968750000000002 0.2078125
