0 0.978125 0.853125 0.03125 0.040625
0 0.98359375 0.8109375000000001 0.0171875 0.046875
0 0.96875 0.83515625 0.046875 0.0390625
0 0.73984375 0.81640625 0.051562500000000004 0.0328125
0 0.74375 0.8367187500000001 0.053125000000000006 0.029687500000000002
0 0.8539062500000001 0.7406250000000001 0.051562500000000004 0.034375
0 0.8609375 0.7093750000000001 0.0625 0.034375
0 0.8875000000000001 0.7250000000000001 0.034375 0.025
0 0.8968750000000001 0.66796875 0.05625 0.0390625
0 0.8812500000000001 0.6468750000000001 0.053125000000000006 0.03125
0 0.7390625000000001 0.690625 0.05625 0.028125
0 0.73359375 0.71484375 0.045312500000000006 0.026562500000000003
0 0.51796875 0.7640625000000001 0.0578125 0.03125
0 0.50546875 0.74609375 0.051562500000000004 0.029687500000000002
0 0.94140625 0.43828125 0.0578125 0.0484375
0 0.9203125000000001 0.37109375 0.078125 0.0484375
0 0.63828125 0.43515625 0.0703125 0.0390625
0 0.58125 0.42500000000000004 0.07187500000000001 0.043750000000000004
0 0.58359375 0.49531250000000004 0.0546875 0.03125
0 0.90390625 0.290625 0.0734375 0.043750000000000004
0 0.62890625 0.28828125 0.0421875 0.029687500000000002
0 0.48281250000000003 0.28046875 0.0625 0.0421875
0 0.51875 0.27265625 0.0625 0.0421875
0 0.47187500000000004 0.2078125 0.06875 0.034375
0 0.43203125000000003 0.1796875 0.0734375 0.040625
0 0.634375 0.0054687500000000005 0.065625 0.0078125
0 0.73984375 0.18125000000000002 0.0578125 0.037500000000000006
0 0.73046875 0.2234375 0.0578125 0.03125
0 0.7453125 0.11328125 0.053125000000000006 0.0328125
0 0.78046875 0.11093750000000001 0.051562500000000004 0.03125
0 0.790625 0.146875 0.05 0.028125
0 0.78125 0.16796875 0.034375 0.0234375
0 0.3953125 0.1 0.059375000000000004 0.034375
0 0.46484375 0.7312500000000001 0.060937500000000006 0.040625
