0 0.5296875 0.2703125 0.284375 0.278125
0 0.7875000000000001 0.18984375 0.30000000000000004 0.2703125
0 0.55390625 0.69453125 0.2671875 0.2859375
0 0.7828125 0.5265625 0.278125 0.278125
0 0.28671875 0.6179687500000001 0.2703125 0.27968750000000003
0 0.27890625 0.37343750000000003 0.2265625 0.253125
0 0.42578125 0.09062500000000001 0.2671875 0.18125000000000002
0 0.109375 0.25078125 0.20625000000000002 0.2578125
0 0.81953125 0.8132812500000001 0.35781250000000003 0.22968750000000002
0 0.76328125 0.055468750000000004 0.38593750000000004 0.11093750000000001
0 0.25234375000000003 0.9125000000000001 0.3640625 0.16875
0 0.14609375 0.7296875 0.2109375 0.284375
0 0.10078125 0.4921875 0.1640625 0.25625000000000003
