0 0.259375 0.46718750000000003 0.225 0.40937500000000004
0 0.45234375000000004 0.403125 0.2546875 0.453125
0 0.65 0.45078125 0.21250000000000002 0.38593750000000004
0 0.6640625 0.246875 0.171875 0.284375
0 0.8375 0.3609375 0.203125 0.340625
0 0.8617187500000001 0.21953125 0.23593750000000002 0.3328125
0 0.9140625 0.16171875000000002 0.146875 0.20468750000000002
0 0.453125 0.54140625 0.19687500000000002 0.32343750000000004
0 0.1703125 0.63203125 0.16875 0.2734375
0 0.0671875 0.67734375 0.134375 0.23593750000000002
