0 0.8500000000000001 0.9359375000000001 0.15937500000000002 0.11875000000000001
0 0.82421875 0.9343750000000001 0.2109375 0.12187500000000001
0 0.59296875 0.8367187500000001 0.1640625 0.09531250000000001
0 0.37734375000000003 0.565625 0.6609375000000001 0.40625
0 0.44375000000000003 0.68125 0.521875 0.27187500000000003
0 0.80859375 0.51171875 0.2515625 0.1546875
0 0.5234375 0.10312500000000001 0.19375 0.11875000000000001
0 0.44921875 0.01640625 0.23593750000000002 0.0328125
0 0.225 0.01015625 0.15625 0.0203125
0 0.5796875 0.23593750000000002 0.434375 0.265625
0 0.45937500000000003 0.434375 0.49375 0.27187500000000003
0 0.44296875 0.34375 0.4453125 0.209375
0 0.8890625000000001 0.56953125 0.171875 0.1203125
0 0.34609375000000003 0.10078125 0.1234375 0.0703125
