0 0.8679687500000001 0.25546875 0.1765625 0.1640625
0 0.8234375 0.13593750000000002 0.15937500000000002 0.140625
0 0.875 0.13593750000000002 0.184375 0.153125
0 0.7109375 0.34296875000000004 0.1625 0.1328125
0 0.7640625000000001 0.49062500000000003 0.115625 0.096875
0 0.86328125 0.434375 0.1265625 0.10625000000000001
0 0.74609375 0.39687500000000003 0.1421875 0.12187500000000001
0 0.8109375000000001 0.35390625000000003 0.115625 0.0921875
0 0.7171875000000001 0.26484375 0.125 0.09843750000000001
0 0.62265625 0.21328125 0.11093750000000001 0.11406250000000001
0 0.5609375 0.10312500000000001 0.171875 0.15625
0 0.38046875 0.23671875 0.1078125 0.1046875
0 0.375 0.34765625 0.15937500000000002 0.13593750000000002
0 0.47187500000000004 0.3484375 0.10625000000000001 0.109375
0 0.5453125 0.47500000000000003 0.109375 0.08750000000000001
0 0.46796875000000004 0.65234375 0.18906250000000002 0.1703125
0 0.48203125 0.7765625 0.1765625 0.15937500000000002
0 0.45703125 0.88046875 0.19843750000000002 0.1796875
0 0.6328125 0.8695312500000001 0.18125000000000002 0.1609375
0 0.578125 0.7078125000000001 0.08125 0.07500000000000001
0 0.578125 0.7781250000000001 0.09062500000000001 0.08125
0 0.62421875 0.80859375 0.08281250000000001 0.0671875
0 0.30390625000000004 0.8304687500000001 0.2015625 0.1765625
0 0.27968750000000003 0.7156250000000001 0.19687500000000002 0.17500000000000002
0 0.20468750000000002 0.6531250000000001 0.16562500000000002 0.171875
0 0.33046875000000003 0.6117187500000001 0.08281250000000001 0.0671875
0 0.31015625 0.6531250000000001 0.1015625 0.09062500000000001
0 0.11328125 0.48750000000000004 0.1421875 0.12187500000000001
0 0.3046875 0.40390625 0.140625 0.1265625
0 0.25546875 0.47734375 0.1203125 0.1015625
0 0.2578125 0.53046875 0.1 0.08281250000000001
0 0.30312500000000003 0.28515625 0.09062500000000001 0.0765625
0 0.284375 0.21171875 0.09062500000000001 0.0859375
0 0.14609375 0.59609375 0.1703125 0.1296875
