0 0.6953125 0.6335937500000001 0.14375000000000002 0.2609375
0 0.5476562500000001 0.7156250000000001 0.1453125 0.22812500000000002
0 0.7015625000000001 0.38046875 0.14375000000000002 0.2390625
0 0.3953125 0.69921875 0.140625 0.18906250000000002
0 0.45078125 0.5476562500000001 0.1453125 0.24531250000000002
0 0.59140625 0.5296875 0.1265625 0.240625
0 0.56640625 0.30546875 0.1609375 0.2578125
0 0.14609375 0.7484375000000001 0.1203125 0.25
0 0.0421875 0.7195312500000001 0.084375 0.2609375
0 0.22578125000000002 0.484375 0.11406250000000001 0.23125
0 0.14609375 0.2515625 0.1203125 0.2
0 0.27421875 0.27578125000000003 0.1546875 0.2546875
0 0.14296875 0.09921875000000001 0.1390625 0.1953125
0 0.70234375 0.24296875 0.1234375 0.1453125
0 0.30546875 0.1625 0.13593750000000002 0.23125
0 0.3125 0.6195312500000001 0.1125 0.1484375
