0 0.70234375 0.55625 0.23593750000000002 0.2625
0 0.48281250000000003 0.40625 0.25 0.253125
0 0.5125000000000001 0.5890625 0.24375000000000002 0.28750000000000003
0 0.384375 0.5164062500000001 0.19062500000000002 0.21406250000000002
0 0.24375000000000002 0.62265625 0.146875 0.1609375
0 0.45234375000000004 0.25 0.2234375 0.240625
0 0.30703125000000003 0.2859375 0.2328125 0.24375000000000002
0 0.74375 0.6585937500000001 0.25625000000000003 0.2859375
0 0.22578125000000002 0.46640625 0.1765625 0.15156250000000002
0 0.1875 0.5453125 0.178125 0.140625
0 0.73046875 0.8601562500000001 0.1703125 0.18281250000000002
0 0.61875 0.8851562500000001 0.184375 0.2078125
0 0.35078125000000004 0.92890625 0.16718750000000002 0.1390625
