0 0.70703125 0.9015625 0.1078125 0.1875
0 0.5234375 0.884375 0.125 0.215625
0 0.5546875 0.9750000000000001 0.07500000000000001 0.037500000000000006
0 0.4578125 0.9593750000000001 0.1 0.065625
0 0.90546875 0.8703125 0.1015625 0.1875
0 0.95859375 0.9656250000000001 0.0484375 0.065625
0 0.8765625 0.6734375 0.08750000000000001 0.12812500000000002
0 0.8031250000000001 0.66328125 0.09062500000000001 0.16718750000000002
0 0.73828125 0.60703125 0.0890625 0.1703125
0 0.7351562500000001 0.540625 0.09531250000000001 0.18125000000000002
0 0.8070312500000001 0.49453125000000003 0.1015625 0.1859375
0 0.8148437500000001 0.5796875 0.08281250000000001 0.09062500000000001
0 0.8812500000000001 0.5734375 0.084375 0.13125
0 0.9242187500000001 0.55859375 0.0890625 0.1640625
0 0.9695312500000001 0.47187500000000004 0.0578125 0.184375
0 0.97265625 0.5554687500000001 0.051562500000000004 0.1453125
0 0.9734375000000001 0.6171875 0.05 0.13125
0 0.94140625 0.52734375 0.0703125 0.1390625
0 0.284375 0.88671875 0.12187500000000001 0.1859375
0 0.20078125000000002 0.9140625 0.1171875 0.11875000000000001
0 0.13593750000000002 0.93515625 0.084375 0.0671875
0 0.12734375 0.8375 0.1296875 0.215625
0 0.21250000000000002 0.8148437500000001 0.10312500000000001 0.1796875
0 0.28125 0.8265625000000001 0.10625000000000001 0.146875
0 0.21015625000000002 0.77109375 0.1015625 0.20468750000000002
0 0.10390625 0.784375 0.09843750000000001 0.18125000000000002
0 0.16328125000000002 0.77734375 0.07968750000000001 0.1546875
0 0.04296875 0.83359375 0.0734375 0.1453125
0 0.12734375 0.390625 0.1046875 0.15000000000000002
0 0.09921875000000001 0.3046875 0.0703125 0.12187500000000001
0 0.15000000000000002 0.33203125 0.065625 0.09531250000000001
0 0.16796875 0.45078125 0.0765625 0.1390625
0 0.19375 0.38828125 0.078125 0.1234375
0 0.31171875000000004 0.35234375 0.08281250000000001 0.15781250000000002
0 0.290625 0.52734375 0.08125 0.15156250000000002
0 0.37343750000000003 0.48671875000000003 0.084375 0.1609375
0 0.34140625 0.40234375 0.0921875 0.16718750000000002
0 0.325 0.234375 0.065625 0.115625
0 0.39375000000000004 0.2 0.07187500000000001 0.134375
0 0.38515625000000003 0.33515625000000004 0.0765625 0.1546875
0 0.40078125000000003 0.4375 0.0671875 0.13125
0 0.4578125 0.40625 0.096875 0.146875
0 0.5234375 0.44765625000000003 0.08125 0.1484375
0 0.5875 0.44921875 0.078125 0.11406250000000001
0 0.609375 0.40937500000000004 0.084375 0.13125
0 0.596875 0.340625 0.07500000000000001 0.125
0 0.5554687500000001 0.3671875 0.08281250000000001 0.14375000000000002
0 0.5 0.35078125000000004 0.078125 0.1390625
0 0.53125 0.33906250000000004 0.065625 0.146875
0 0.5609375 0.24140625000000002 0.07500000000000001 0.15781250000000002
0 0.22031250000000002 0.18828125 0.059375000000000004 0.1265625
0 0.775 0.20859375000000002 0.06875 0.13593750000000002
0 0.734375 0.27109375 0.053125000000000006 0.0890625
0 0.7125 0.26796875000000003 0.07187500000000001 0.0921875
0 0.7273437500000001 0.19687500000000002 0.0859375 0.13125
0 0.7984375 0.27421875 0.065625 0.09843750000000001
0 0.83125 0.1921875 0.07500000000000001 0.125
0 0.7953125000000001 0.06875 0.065625 0.12187500000000001
0 0.7453125 0.06406250000000001 0.0625 0.11875000000000001
0 0.45 0.21250000000000002 0.09062500000000001 0.1375
0 0.4609375 0.15937500000000002 0.07187500000000001 0.11875000000000001
0 0.57265625 0.0625 0.0578125 0.109375
0 0.540625 0.060937500000000006 0.053125000000000006 0.1
0 0.584375 0.02421875 0.05 0.045312500000000006
0 0.20390625 0.032031250000000004 0.0484375 0.060937500000000006
0 0.1921875 0.025 0.046875 0.046875
0 0.16796875 0.025 0.045312500000000006 0.046875
