0 0.4078125 0.81796875 0.065625 0.09843750000000001
0 0.465625 0.7445312500000001 0.0625 0.0921875
0 0.42265625 0.5710937500000001 0.0484375 0.0703125
0 0.37578125 0.5546875 0.051562500000000004 0.065625
0 0.33828125000000003 0.5796875 0.051562500000000004 0.07187500000000001
0 0.57265625 0.66796875 0.0578125 0.0890625
0 0.596875 0.7109375 0.046875 0.07187500000000001
0 0.6429687500000001 0.6960937500000001 0.0546875 0.07968750000000001
0 0.5140625 0.8875000000000001 0.040625 0.065625
0 0.45234375000000004 0.89375 0.051562500000000004 0.07187500000000001
