0 0.20234375000000002 0.75703125 0.40468750000000003 0.48281250000000003
0 0.534375 0.759375 0.371875 0.478125
0 0.8234375 0.6781250000000001 0.30312500000000003 0.640625
0 0.8812500000000001 0.26328125 0.21875 0.34218750000000003
0 0.10625000000000001 0.36250000000000004 0.21250000000000002 0.375
0 0.09609375 0.08671875000000001 0.1921875 0.1609375
0 0.2984375 0.0734375 0.22812500000000002 0.13125
0 0.515625 0.0859375 0.240625 0.153125
0 0.73046875 0.0890625 0.22968750000000002 0.153125
0 0.91796875 0.08046875 0.1546875 0.1203125
0 0.034375 0.75390625 0.06875 0.4859375
