0 0.40937500000000004 0.9234375 0.26875 0.125
0 0.34921875 0.46015625000000004 0.2234375 0.1078125
0 0.45 0.03828125 0.21875 0.0734375
0 0.44453125000000004 0.696875 0.2265625 0.09375
0 0.11953125 0.3796875 0.2390625 0.1375
0 0.1328125 0.6578125 0.253125 0.115625
0 0.11875000000000001 0.7445312500000001 0.23750000000000002 0.11093750000000001
0 0.3609375 0.8289062500000001 0.19687500000000002 0.09843750000000001
0 0.40703125 0.7718750000000001 0.2265625 0.10312500000000001
0 0.48828125 0.6078125000000001 0.1421875 0.07500000000000001
0 0.34375 0.54921875 0.13125 0.0765625
0 0.4609375 0.55 0.134375 0.06875
0 0.60546875 0.484375 0.1609375 0.0625
0 0.6578125 0.52578125 0.146875 0.060937500000000006
0 0.6312500000000001 0.56484375 0.09062500000000001 0.029687500000000002
0 0.6265625 0.5890625 0.08750000000000001 0.034375
0 0.69296875 0.41484375 0.0859375 0.035937500000000004
0 0.75703125 0.39375000000000004 0.0921875 0.043750000000000004
0 0.76171875 0.36015625 0.1015625 0.0484375
0 0.68125 0.38125000000000003 0.08125 0.043750000000000004
0 0.496875 0.46171875 0.1125 0.0578125
0 0.815625 0.690625 0.08750000000000001 0.034375
0 0.8171875000000001 0.5140625 0.084375 0.040625
0 0.64609375 0.6421875 0.09531250000000001 0.040625
