0 0.80234375 0.7914062500000001 0.23593750000000002 0.22968750000000002
0 0.8140625 0.56015625 0.259375 0.2421875
0 0.83515625 0.33359375 0.2265625 0.22968750000000002
0 0.9609375 0.71015625 0.07500000000000001 0.22031250000000002
0 0.1203125 0.36328125 0.1875 0.18281250000000002
0 0.13515625 0.178125 0.18281250000000002 0.1875
0 0.14140625 0.040625 0.1796875 0.08125
0 0.20546875 0.5632812500000001 0.1953125 0.19843750000000002
0 0.28750000000000003 0.29375 0.1875 0.19062500000000002
0 0.3171875 0.0921875 0.20625000000000002 0.184375
0 0.37031250000000004 0.8984375 0.2 0.2
0 0.38671875 0.69921875 0.22968750000000002 0.2078125
0 0.3875 0.496875 0.19062500000000002 0.2
0 0.5046875000000001 0.21406250000000002 0.21875 0.19687500000000002
0 0.50625 0.049218750000000006 0.23125 0.09531250000000001
0 0.5875 0.8539062500000001 0.203125 0.2390625
0 0.5921875 0.6234375000000001 0.234375 0.215625
0 0.7093750000000001 0.1203125 0.22812500000000002 0.215625
