0 0.05390625 0.64609375 0.1078125 0.11093750000000001
0 0.07968750000000001 0.5546875 0.15937500000000002 0.13125
0 0.3828125 0.8828125 0.046875 0.10312500000000001
0 0.5359375000000001 0.27109375 0.15937500000000002 0.1078125
0 0.20234375000000002 0.6414062500000001 0.1421875 0.1328125
0 0.8515625 0.48125 0.05 0.109375
0 0.7703125000000001 0.25859375 0.19375 0.1296875
0 0.6140625000000001 0.24140625000000002 0.15937500000000002 0.13593750000000002
0 0.7828125 0.16171875000000002 0.1875 0.1171875
0 0.8523437500000001 0.5593750000000001 0.18281250000000002 0.10312500000000001
0 0.44843750000000004 0.9546875 0.1625 0.08750000000000001
