0 0.36796875 0.37421875000000004 0.2078125 0.2484375
0 0.1421875 0.39921875 0.25 0.1953125
0 0.234375 0.92109375 0.059375000000000004 0.0765625
0 0.17734375000000002 0.9140625 0.051562500000000004 0.07187500000000001
0 0.19765625 0.8851562500000001 0.0484375 0.060937500000000006
0 0.240625 0.84921875 0.040625 0.0546875
0 0.19375 0.7109375 0.05 0.053125000000000006
0 0.24296875 0.70234375 0.0484375 0.060937500000000006
0 0.28984375 0.7390625000000001 0.0390625 0.05
0 0.11093750000000001 0.5984375000000001 0.040625 0.046875
0 0.04453125 0.5710937500000001 0.0421875 0.0546875
0 0.08046875 0.5890625 0.035937500000000004 0.046875
0 0.40078125000000003 0.89765625 0.0484375 0.0546875
0 0.34375 0.91171875 0.05 0.0703125
0 0.2828125 0.8929687500000001 0.0625 0.08281250000000001
0 0.33828125000000003 0.8671875 0.0484375 0.065625
0 0.29765625 0.7109375 0.035937500000000004 0.053125000000000006
0 0.31171875000000004 0.671875 0.0203125 0.028125
0 0.18984375 0.55390625 0.0234375 0.035937500000000004
0 0.16328125000000002 0.56015625 0.026562500000000003 0.029687500000000002
0 0.16015625 0.6203125 0.026562500000000003 0.040625
0 0.1484375 0.6109375 0.028125 0.034375
0 0.23046875 0.6000000000000001 0.0390625 0.043750000000000004
