0 0.9453125 0.35390625000000003 0.10625000000000001 0.11093750000000001
0 0.91953125 0.446875 0.15781250000000002 0.13125
0 0.61875 0.11875000000000001 0.046875 0.10312500000000001
0 0.465625 0.7289062500000001 0.15937500000000002 0.1078125
0 0.7976562500000001 0.35859375000000004 0.1421875 0.1328125
0 0.1484375 0.5203125000000001 0.05 0.109375
0 0.23125 0.74140625 0.19375 0.1296875
0 0.3875 0.7585937500000001 0.15937500000000002 0.13593750000000002
0 0.2171875 0.83984375 0.1875 0.1171875
0 0.14921875 0.44062500000000004 0.18281250000000002 0.10312500000000001
0 0.5515625000000001 0.04453125 0.1625 0.0890625
