0 0.3875 0.7375 0.42812500000000003 0.296875
0 0.34687500000000004 0.5296875 0.47500000000000003 0.33437500000000003
0 0.41953125 0.34921875 0.40468750000000003 0.27968750000000003
0 0.21953125 0.2828125 0.3015625 0.22187500000000002
0 0.35468750000000004 0.14296875 0.35625 0.2609375
0 0.21015625000000002 0.11484375000000001 0.37031250000000004 0.22031250000000002
0 0.16015625 0.05625 0.2328125 0.1
0 0.484375 0.565625 0.340625 0.253125
0 0.540625 0.8671875 0.290625 0.215625
0 0.56953125 0.9437500000000001 0.2484375 0.109375
