0 0.6828125 0.1 0.096875 0.109375
0 0.7609375 0.12421875 0.096875 0.11093750000000001
0 0.77265625 0.055468750000000004 0.0890625 0.11093750000000001
0 0.6890625 0.059375000000000004 0.084375 0.096875
0 0.6046875 0.4234375 0.08750000000000001 0.1
0 0.6531250000000001 0.47734375 0.08125 0.0859375
0 0.68125 0.403125 0.08750000000000001 0.10625000000000001
0 0.5484375 0.43671875000000004 0.07187500000000001 0.08281250000000001
0 0.5671875000000001 0.61875 0.084375 0.096875
0 0.50625 0.77109375 0.08750000000000001 0.0890625
0 0.5320312500000001 0.7296875 0.09843750000000001 0.10625000000000001
0 0.4453125 0.7523437500000001 0.08125 0.09531250000000001
0 0.10546875 0.6828125 0.0921875 0.10625000000000001
0 0.16796875 0.62890625 0.07968750000000001 0.09843750000000001
0 0.16562500000000002 0.5789062500000001 0.078125 0.1015625
0 0.07578125000000001 0.5796875 0.0859375 0.08750000000000001
0 0.1328125 0.44765625000000003 0.08750000000000001 0.1015625
0 0.06875 0.478125 0.07187500000000001 0.10625000000000001
0 0.07265625 0.43046875 0.0703125 0.1046875
