0 0.0890625 0.30390625000000004 0.178125 0.3046875
0 0.81171875 0.5085937500000001 0.11093750000000001 0.18281250000000002
0 0.45546875000000003 0.3203125 0.11093750000000001 0.16875
0 0.5296875 0.3671875 0.13125 0.203125
0 0.2015625 0.5734375 0.1125 0.17500000000000002
0 0.26953125 0.5875 0.1015625 0.178125
0 0.309375 0.5476562500000001 0.1125 0.1859375
0 0.35781250000000003 0.45859375 0.10625000000000001 0.1765625
0 0.4234375 0.45546875000000003 0.125 0.20468750000000002
0 0.48984375 0.46328125000000003 0.09531250000000001 0.16718750000000002
0 0.690625 0.58125 0.07187500000000001 0.12187500000000001
0 0.62421875 0.45859375 0.0546875 0.0859375
0 0.69453125 0.43203125000000003 0.0734375 0.11093750000000001
0 0.7445312500000001 0.3796875 0.07968750000000001 0.10625000000000001
0 0.41875 0.60546875 0.06875 0.11406250000000001
0 0.3828125 0.6609375000000001 0.05625 0.09062500000000001
0 0.7796875000000001 0.6257812500000001 0.046875 0.0734375
0 0.8148437500000001 0.6859375000000001 0.051562500000000004 0.08125
0 0.5796875 0.4578125 0.040625 0.0625
0 0.06875 0.796875 0.06875 0.1125
0 0.18046875 0.6843750000000001 0.0546875 0.07500000000000001
0 0.49140625000000004 0.578125 0.0578125 0.10312500000000001
0 0.4546875 0.56796875 0.0625 0.1078125
