0 0.64375 0.34687500000000004 0.16875 0.30312500000000003
0 0.3671875 0.18515625000000002 0.14375000000000002 0.2734375
0 0.16875 0.1859375 0.203125 0.328125
0 0.12812500000000002 0.54140625 0.078125 0.1296875
0 0.209375 0.6664062500000001 0.08125 0.1453125
0 0.27890625 0.640625 0.0765625 0.15000000000000002
0 0.3125 0.66796875 0.07500000000000001 0.1453125
0 0.43671875000000004 0.74375 0.0921875 0.17500000000000002
0 0.50703125 0.7796875000000001 0.0921875 0.16875
0 0.6312500000000001 0.74609375 0.1125 0.20468750000000002
0 0.9109375000000001 0.58828125 0.1 0.1703125
0 0.8296875 0.55078125 0.09375 0.17343750000000002
0 0.72578125 0.60703125 0.1078125 0.18281250000000002
0 0.17265625 0.4859375 0.06406250000000001 0.12187500000000001
0 0.017968750000000002 0.65625 0.035937500000000004 0.12187500000000001
0 0.15156250000000002 0.8015625000000001 0.05 0.08750000000000001
0 0.5640625 0.63203125 0.053125000000000006 0.09843750000000001
0 0.703125 0.7828125 0.046875 0.078125
0 0.7421875 0.8125 0.040625 0.084375
0 0.7835937500000001 0.8031250000000001 0.0484375 0.08125
0 0.8757812500000001 0.7578125 0.0421875 0.06875
0 0.6898437500000001 0.534375 0.1296875 0.22187500000000002
0 0.13593750000000002 0.7156250000000001 0.06875 0.1125
0 0.35546875 0.69140625 0.045312500000000006 0.09531250000000001
