0 0.7664062500000001 0.48359375000000004 0.22031250000000002 0.2390625
0 0.828125 0.3921875 0.240625 0.26875
0 0.59140625 0.4546875 0.2328125 0.278125
0 0.51328125 0.6234375000000001 0.2421875 0.225
0 0.45156250000000003 0.77734375 0.215625 0.2234375
0 0.31640625 0.7390625000000001 0.2265625 0.234375
0 0.446875 0.534375 0.184375 0.23125
0 0.33359375 0.6265625 0.19843750000000002 0.17500000000000002
0 0.3140625 0.9656250000000001 0.15937500000000002 0.065625
0 0.17109375000000002 0.9640625 0.15156250000000002 0.06875
0 0.2859375 0.9304687500000001 0.15000000000000002 0.13593750000000002
0 0.28046875 0.5554687500000001 0.18281250000000002 0.1390625
0 0.32343750000000004 0.40390625 0.153125 0.16718750000000002
0 0.25 0.51015625 0.16562500000000002 0.18906250000000002
