0 0.40937500000000004 0.078125 0.26875 0.125
0 0.34921875 0.54140625 0.2234375 0.1078125
0 0.45 0.9617187500000001 0.21875 0.0734375
0 0.44453125000000004 0.30312500000000003 0.2265625 0.09375
0 0.11953125 0.6203125 0.2390625 0.1375
0 0.1328125 0.34375 0.253125 0.115625
0 0.11875000000000001 0.25546875 0.23750000000000002 0.11093750000000001
0 0.3609375 0.17109375000000002 0.19687500000000002 0.09843750000000001
0 0.40703125 0.22812500000000002 0.2265625 0.10312500000000001
0 0.48828125 0.39375000000000004 0.1421875 0.07500000000000001
0 0.34375 0.45078125 0.13125 0.0765625
0 0.4609375 0.45156250000000003 0.134375 0.06875
0 0.60546875 0.515625 0.1609375 0.0625
0 0.6578125 0.47578125000000004 0.146875 0.060937500000000006
0 0.6312500000000001 0.43671875000000004 0.09062500000000001 0.029687500000000002
0 0.6265625 0.41250000000000003 0.08750000000000001 0.034375
0 0.69296875 0.5867187500000001 0.0859375 0.035937500000000004
0 0.75703125 0.6062500000000001 0.0921875 0.043750000000000004
0 0.76171875 0.6414062500000001 0.1015625 0.0484375
0 0.68125 0.6203125 0.08125 0.043750000000000004
0 0.496875 0.53828125 0.1125 0.0578125
0 0.815625 0.309375 0.08750000000000001 0.034375
0 0.8171875000000001 0.4859375 0.084375 0.040625
0 0.64609375 0.35781250000000003 0.09531250000000001 0.040625
