0 0.37109375 0.421875 0.3953125 0.39375000000000004
0 0.728125 0.46484375 0.434375 0.38906250000000003
0 0.9242187500000001 0.553125 0.1484375 0.246875
0 0.45937500000000003 0.7015625000000001 0.5375 0.36562500000000003
0 0.8796875000000001 0.75 0.23750000000000002 0.28125
0 0.66171875 0.74609375 0.2921875 0.3046875
0 0.30781250000000004 0.06796875000000001 0.20625000000000002 0.13593750000000002
0 0.49843750000000003 0.07734375 0.19062500000000002 0.1546875
0 0.8484375000000001 0.09609375 0.19687500000000002 0.1796875
0 0.84140625 0.9007812500000001 0.3140625 0.1453125
0 0.6796875 0.0890625 0.203125 0.178125
0 0.55703125 0.8992187500000001 0.2984375 0.1703125
0 0.40078125000000003 0.17890625000000002 0.2171875 0.1796875
0 0.59921875 0.203125 0.21406250000000002 0.19062500000000002
0 0.78671875 0.22265625 0.19843750000000002 0.1953125
0 0.8992187500000001 0.3671875 0.19843750000000002 0.20625000000000002
