0 0.23984375000000002 0.11406250000000001 0.1921875 0.12812500000000002
0 0.58515625 0.7351562500000001 0.1921875 0.1296875
0 0.7796875000000001 0.45 0.1875 0.12187500000000001
0 0.83203125 0.38125000000000003 0.1703125 0.11875000000000001
0 0.2890625 0.353125 0.28125 0.19375
0 0.09843750000000001 0.4390625 0.19687500000000002 0.203125
0 0.540625 0.10078125 0.153125 0.1046875
0 0.36953125000000003 0.45625000000000004 0.2609375 0.171875
0 0.52265625 0.47890625000000003 0.18906250000000002 0.1609375
0 0.55 0.84921875 0.171875 0.11406250000000001
0 0.7273437500000001 0.7109375 0.1765625 0.11875000000000001
0 0.15000000000000002 0.4 0.278125 0.1875
0 0.634375 0.5867187500000001 0.171875 0.1203125
0 0.29531250000000003 0.025781250000000002 0.203125 0.051562500000000004
0 0.39140625 0.0484375 0.1953125 0.096875
0 0.5421875 0.25546875 0.17500000000000002 0.1203125
