0 0.434375 0.728125 0.10625000000000001 0.22812500000000002
0 0.31875000000000003 0.68515625 0.11875000000000001 0.24531250000000002
0 0.28125 0.70078125 0.1 0.19843750000000002
0 0.49609375 0.66171875 0.1015625 0.2265625
0 0.57421875 0.6179687500000001 0.09531250000000001 0.18281250000000002
0 0.6507812500000001 0.453125 0.0703125 0.146875
0 0.5359375000000001 0.12734375 0.078125 0.13593750000000002
0 0.7039062500000001 0.44375000000000003 0.0703125 0.125
0 0.6890625 0.34375 0.065625 0.10312500000000001
0 0.6257812500000001 0.40156250000000004 0.0671875 0.1125
0 0.6234375000000001 0.33984375 0.06875 0.1234375
0 0.60546875 0.2390625 0.0703125 0.125
0 0.6570312500000001 0.25546875 0.051562500000000004 0.0921875
