0 0.60859375 0.33515625000000004 0.32656250000000003 0.4421875
0 0.8054687500000001 0.39687500000000003 0.3640625 0.44062500000000004
0 0.4078125 0.20078125000000002 0.275 0.3515625
0 0.51484375 0.5453125 0.32656250000000003 0.49062500000000003
0 0.2921875 0.4453125 0.25625000000000003 0.30625
0 0.41640625000000003 0.6726562500000001 0.2265625 0.3671875
0 0.36796875 0.9078125 0.17343750000000002 0.15625
0 0.58359375 0.7875000000000001 0.1921875 0.215625
0 0.484375 0.8765625 0.17500000000000002 0.20625000000000002
0 0.2734375 0.9085937500000001 0.1625 0.1609375
