0 0.6984375 0.184375 0.134375 0.215625
0 0.34453125 0.203125 0.09531250000000001 0.153125
0 0.11796875000000001 0.20468750000000002 0.1078125 0.16562500000000002
0 0.9656250000000001 0.2234375 0.065625 0.10625000000000001
0 0.18125000000000002 0.2484375 0.07500000000000001 0.134375
0 0.2671875 0.2515625 0.1 0.134375
0 0.0203125 0.27109375 0.040625 0.1390625
0 0.44140625 0.275 0.09531250000000001 0.12187500000000001
0 0.4 0.28515625 0.05625 0.1078125
0 0.7898437500000001 0.28750000000000003 0.18281250000000002 0.23750000000000002
0 0.215625 0.30234375 0.06875 0.0890625
0 0.0734375 0.31562500000000004 0.096875 0.184375
0 0.61640625 0.32656250000000003 0.1421875 0.225
0 0.14765625000000002 0.33437500000000003 0.060937500000000006 0.1
0 0.45078125 0.041406250000000006 0.11406250000000001 0.08281250000000001
0 0.8046875 0.4453125 0.1125 0.15937500000000002
0 0.02421875 0.4546875 0.0484375 0.19687500000000002
0 0.6976562500000001 0.4609375 0.1453125 0.27187500000000003
0 0.084375 0.47734375 0.08750000000000001 0.16718750000000002
0 0.578125 0.48281250000000003 0.140625 0.12812500000000002
0 0.94140625 0.0484375 0.1078125 0.09375
0 0.8625 0.5015625 0.08125 0.115625
0 0.67890625 0.5710937500000001 0.1296875 0.1546875
0 0.9070312500000001 0.571875 0.060937500000000006 0.1125
0 0.8828125 0.6625000000000001 0.065625 0.096875
0 0.40390625 0.6804687500000001 0.0671875 0.1171875
0 0.7734375 0.6890625 0.07187500000000001 0.125
0 0.8367187500000001 0.6953125 0.0734375 0.09375
0 0.35234375 0.7000000000000001 0.051562500000000004 0.1125
0 0.43515625 0.72421875 0.0578125 0.1015625
0 0.6273437500000001 0.7367187500000001 0.0578125 0.0765625
0 0.35000000000000003 0.07578125000000001 0.1125 0.1390625
0 0.3828125 0.765625 0.053125000000000006 0.065625
0 0.81640625 0.77890625 0.0703125 0.1046875
0 0.57578125 0.7820312500000001 0.0578125 0.08281250000000001
0 0.7546875000000001 0.79609375 0.065625 0.08281250000000001
0 0.9281250000000001 0.79609375 0.05625 0.1078125
0 0.5390625 0.80234375 0.046875 0.0734375
0 0.98359375 0.81171875 0.029687500000000002 0.0890625
0 0.69140625 0.87421875 0.0546875 0.0890625
0 0.54296875 0.9265625000000001 0.051562500000000004 0.07500000000000001
0 0.48828125 0.92734375 0.0578125 0.0921875
0 0.30781250000000004 0.95703125 0.053125000000000006 0.08281250000000001
0 0.5828125000000001 0.115625 0.12812500000000002 0.22812500000000002
0 0.9007812500000001 0.1328125 0.06406250000000001 0.1
0 0.22812500000000002 0.13984375000000002 0.11875000000000001 0.13593750000000002
0 0.9671875000000001 0.140625 0.0625 0.1125
0 0.0421875 0.14921875 0.084375 0.16718750000000002
0 0.44921875 0.15390625000000002 0.1265625 0.22968750000000002
