0 0.1015625 0.17500000000000002 0.059375000000000004 0.09375
0 0.15625 0.1609375 0.059375000000000004 0.09062500000000001
0 0.010937500000000001 0.134375 0.021875000000000002 0.07500000000000001
0 0.0203125 0.215625 0.040625 0.07187500000000001
0 0.08671875000000001 0.17109375000000002 0.0546875 0.0859375
0 0.2265625 0.16640625 0.0625 0.09843750000000001
0 0.25546875 0.20078125000000002 0.0703125 0.09843750000000001
0 0.30703125000000003 0.22578125000000002 0.060937500000000006 0.0859375
0 0.35625 0.21953125 0.059375000000000004 0.09843750000000001
0 0.26328125 0.33046875000000003 0.0390625 0.0703125
0 0.20468750000000002 0.296875 0.05 0.078125
0 0.13593750000000002 0.3609375 0.043750000000000004 0.06875
0 0.1421875 0.3984375 0.043750000000000004 0.0625
0 0.02421875 0.27187500000000003 0.0484375 0.078125
0 0.01171875 0.44140625 0.0234375 0.051562500000000004
0 0.52265625 0.32890625 0.051562500000000004 0.0734375
0 0.59375 0.18828125 0.05625 0.09843750000000001
0 0.6109375 0.15000000000000002 0.05625 0.1
0 0.5945312500000001 0.36484375 0.0421875 0.0671875
0 0.56640625 0.37421875000000004 0.0390625 0.060937500000000006
0 0.48359375000000004 0.45078125 0.035937500000000004 0.0484375
0 0.4625 0.47187500000000004 0.028125 0.046875
0 0.40937500000000004 0.45234375000000004 0.034375 0.0546875
0 0.384375 0.4546875 0.037500000000000006 0.053125000000000006
0 0.35859375000000004 0.48203125 0.035937500000000004 0.0546875
0 0.18281250000000002 0.48046875 0.03125 0.0484375
0 0.22109375 0.46640625 0.035937500000000004 0.0484375
0 0.25390625 0.49921875000000004 0.026562500000000003 0.0421875
0 0.30625 0.4390625 0.03125 0.043750000000000004
0 0.31562500000000004 0.51796875 0.025 0.0421875
0 0.33437500000000003 0.53515625 0.021875000000000002 0.045312500000000006
0 0.14453125 0.484375 0.029687500000000002 0.037500000000000006
0 0.02734375 0.45937500000000003 0.029687500000000002 0.05
0 0.01171875 0.46015625000000004 0.0234375 0.0546875
0 0.049218750000000006 0.51796875 0.029687500000000002 0.0484375
0 0.03359375 0.56484375 0.029687500000000002 0.0421875
0 0.10625000000000001 0.496875 0.028125 0.043750000000000004
0 0.13203125000000002 0.5140625 0.035937500000000004 0.05625
0 0.21484375 0.49843750000000003 0.029687500000000002 0.043750000000000004
0 0.15859375 0.48828125 0.026562500000000003 0.0484375
0 0.24375000000000002 0.55234375 0.021875000000000002 0.0328125
0 0.26171875 0.5554687500000001 0.0203125 0.0421875
0 0.2765625 0.55859375 0.021875000000000002 0.035937500000000004
0 0.30000000000000004 0.55234375 0.021875000000000002 0.0328125
0 0.46171875 0.52109375 0.0234375 0.035937500000000004
0 0.48515625 0.484375 0.026562500000000003 0.043750000000000004
0 0.515625 0.45937500000000003 0.028125 0.040625
0 0.52578125 0.47734375 0.026562500000000003 0.0421875
0 0.52578125 0.36796875 0.035937500000000004 0.060937500000000006
0 0.540625 0.3359375 0.037500000000000006 0.07187500000000001
0 0.515625 0.53671875 0.021875000000000002 0.0328125
0 0.69921875 0.07421875 0.060937500000000006 0.0390625
0 0.6453125000000001 0.10546875 0.0625 0.0859375
0 0.8445312500000001 0.25234375000000003 0.051562500000000004 0.08281250000000001
0 0.9078125 0.30078125 0.05 0.0703125
0 0.8609375 0.28046875 0.046875 0.0578125
0 0.81953125 0.27265625 0.051562500000000004 0.08281250000000001
0 0.69296875 0.31953125000000004 0.0421875 0.0671875
0 0.73828125 0.36250000000000004 0.0484375 0.07187500000000001
0 0.7664062500000001 0.37578125 0.0390625 0.0671875
0 0.8617187500000001 0.3640625 0.0484375 0.06875
0 0.8359375 0.38593750000000004 0.043750000000000004 0.078125
0 0.8445312500000001 0.42734375 0.0328125 0.0546875
0 0.8812500000000001 0.434375 0.037500000000000006 0.05625
0 0.84765625 0.45625000000000004 0.0390625 0.065625
0 0.79296875 0.49296875 0.035937500000000004 0.051562500000000004
0 0.6890625 0.4765625 0.03125 0.046875
0 0.6625000000000001 0.46718750000000003 0.028125 0.043750000000000004
0 0.6484375 0.4375 0.03125 0.043750000000000004
0 0.7046875 0.38515625000000003 0.040625 0.0671875
0 0.6687500000000001 0.34687500000000004 0.046875 0.078125
0 0.6492187500000001 0.35234375 0.035937500000000004 0.0671875
0 0.65390625 0.17109375000000002 0.0703125 0.1015625
0 0.80625 0.52890625 0.034375 0.051562500000000004
0 0.7796875000000001 0.5375 0.028125 0.046875
0 0.6640625 0.5 0.028125 0.037500000000000006
0 0.60546875 0.55390625 0.0234375 0.0328125
0 0.9078125 0.42890625000000004 0.03125 0.045312500000000006
0 0.9140625 0.44140625 0.03125 0.035937500000000004
0 0.9500000000000001 0.4609375 0.025 0.040625
0 0.06640625 0.6062500000000001 0.026562500000000003 0.043750000000000004
0 0.6296875000000001 0.55703125 0.018750000000000003 0.029687500000000002
0 0.6843750000000001 0.57578125 0.015625 0.026562500000000003
0 0.51875 0.59609375 0.0125 0.0203125
0 0.50234375 0.59375 0.0140625 0.021875000000000002
0 0.33359375 0.19765625 0.045312500000000006 0.0734375
0 0.19843750000000002 0.15000000000000002 0.046875 0.08125
0 0.19296875000000002 0.3609375 0.0390625 0.06875
0 0.21640625000000002 0.31562500000000004 0.045312500000000006 0.07500000000000001
0 0.25234375000000003 0.46171875 0.029687500000000002 0.035937500000000004
0 0.284375 0.45859375 0.034375 0.0546875
