0 0.3984375 0.026562500000000003 0.140625 0.053125000000000006
0 0.31875000000000003 0.21250000000000002 0.16875 0.115625
0 0.31093750000000003 0.2921875 0.15937500000000002 0.109375
0 0.51875 0.28984375 0.1375 0.09531250000000001
0 0.42734375 0.2546875 0.17343750000000002 0.115625
0 0.4296875 0.178125 0.084375 0.059375000000000004
0 0.4609375 0.13593750000000002 0.08750000000000001 0.05625
0 0.44062500000000004 0.10546875 0.096875 0.060937500000000006
0 0.50546875 0.34218750000000003 0.1078125 0.065625
0 0.43828125 0.30781250000000004 0.051562500000000004 0.037500000000000006
0 0.415625 0.32734375000000004 0.053125000000000006 0.035937500000000004
0 0.484375 0.38359375 0.08750000000000001 0.0546875
0 0.45859375 0.35078125000000004 0.0890625 0.0546875
0 0.478125 0.40156250000000004 0.09062500000000001 0.05625
0 0.5007812500000001 0.5671875000000001 0.09531250000000001 0.0625
0 0.7640625000000001 0.6140625000000001 0.15937500000000002 0.1125
0 0.659375 0.65 0.140625 0.1
0 0.45390625 0.5320312500000001 0.06406250000000001 0.0421875
0 0.53125 0.63828125 0.09062500000000001 0.060937500000000006
0 0.5750000000000001 0.60078125 0.078125 0.051562500000000004
0 0.5453125 0.56875 0.06875 0.05
0 0.571875 0.7015625000000001 0.078125 0.053125000000000006
0 0.5281250000000001 0.6882812500000001 0.0625 0.0484375
0 0.4859375 0.52578125 0.065625 0.0390625
0 0.46718750000000003 0.46718750000000003 0.059375000000000004 0.043750000000000004
0 0.49609375 0.446875 0.0578125 0.037500000000000006
0 0.80625 0.6414062500000001 0.14375000000000002 0.0890625
0 0.8226562500000001 0.7265625 0.1765625 0.11875000000000001
0 0.6976562500000001 0.78125 0.0765625 0.05
0 0.69296875 0.83984375 0.0921875 0.06406250000000001
0 0.7351562500000001 0.86484375 0.0890625 0.0578125
0 0.6257812500000001 0.90390625 0.0578125 0.0390625
0 0.6468750000000001 0.7921875 0.065625 0.046875
