0 0.3875 0.2625 0.42812500000000003 0.296875
0 0.34687500000000004 0.4703125 0.47500000000000003 0.33437500000000003
0 0.41953125 0.6507812500000001 0.40468750000000003 0.27968750000000003
0 0.21953125 0.71875 0.3015625 0.22187500000000002
0 0.35468750000000004 0.85859375 0.35625 0.2609375
0 0.21015625000000002 0.8851562500000001 0.37031250000000004 0.22031250000000002
0 0.16015625 0.9453125 0.2328125 0.1
0 0.484375 0.434375 0.340625 0.253125
0 0.540625 0.134375 0.290625 0.215625
0 0.56953125 0.055468750000000004 0.2484375 0.11093750000000001
