0 0.14296875 0.42031250000000003 0.2859375 0.21250000000000002
0 0.2703125 0.2734375 0.33125000000000004 0.21250000000000002
0 0.2390625 0.62421875 0.33437500000000003 0.2265625
0 0.40703125 0.47968750000000004 0.30781250000000004 0.209375
0 0.5234375 0.6890625 0.321875 0.20625000000000002
0 0.565625 0.32265625000000003 0.31875000000000003 0.20468750000000002
0 0.6875 0.53125 0.325 0.22187500000000002
0 0.80234375 0.7367187500000001 0.3015625 0.2078125
0 0.82421875 0.36640625000000004 0.2578125 0.2171875
0 0.88828125 0.5640625 0.1640625 0.2
