0 0.6453125000000001 0.59609375 0.09062500000000001 0.11406250000000001
0 0.76875 0.62109375 0.1 0.1265625
0 0.6687500000000001 0.51875 0.078125 0.10312500000000001
0 0.26953125 0.3171875 0.08281250000000001 0.1125
0 0.296875 0.47187500000000004 0.08125 0.1
0 0.24921875000000002 0.40937500000000004 0.0890625 0.12187500000000001
0 0.1875 0.33203125 0.08750000000000001 0.1078125
0 0.171875 0.41718750000000004 0.053125000000000006 0.0625
0 0.13515625 0.45390625 0.0484375 0.060937500000000006
0 0.10625000000000001 0.4390625 0.046875 0.0625
0 0.16875 0.45859375 0.05 0.0546875
0 0.017968750000000002 0.41796875 0.035937500000000004 0.1015625
0 0.34453125 0.45 0.045312500000000006 0.08125
0 0.38125000000000003 0.42421875000000003 0.040625 0.060937500000000006
0 0.29531250000000003 0.40937500000000004 0.040625 0.05625
0 0.5671875000000001 0.41171875 0.05 0.0671875
0 0.6375000000000001 0.42109375000000004 0.046875 0.0703125
0 0.60546875 0.4578125 0.0390625 0.05
0 0.5734375 0.43593750000000003 0.040625 0.05
0 0.40703125 0.41796875 0.026562500000000003 0.051562500000000004
0 0.8 0.5242187500000001 0.037500000000000006 0.0484375
0 0.8601562500000001 0.51015625 0.051562500000000004 0.0546875
0 0.890625 0.53359375 0.05 0.060937500000000006
