0 0.29531250000000003 0.69921875 0.21250000000000002 0.3140625
0 0.2390625 0.38906250000000003 0.215625 0.325
0 0.06640625 0.225 0.1234375 0.36562500000000003
0 0.81171875 0.48984375 0.1703125 0.2484375
0 0.7171875000000001 0.2625 0.18125000000000002 0.278125
0 0.553125 0.13125 0.2 0.253125
0 0.40390625 0.240625 0.20468750000000002 0.325
0 0.44296875 0.54140625 0.18906250000000002 0.2984375
0 0.5625 0.7507812500000001 0.18125000000000002 0.2734375
0 0.42265625 0.87890625 0.20468750000000002 0.2328125
0 0.9390625 0.81953125 0.115625 0.2578125
0 0.8265625000000001 0.721875 0.146875 0.23750000000000002
0 0.8453125 0.9148437500000001 0.1625 0.1609375
0 0.18203125 0.1234375 0.2546875 0.23750000000000002
0 0.58203125 0.3953125 0.17343750000000002 0.284375
0 0.6820312500000001 0.60546875 0.18906250000000002 0.2734375
0 0.7093750000000001 0.84765625 0.15000000000000002 0.2328125
0 0.59296875 0.9359375000000001 0.15156250000000002 0.11875000000000001
