0 0.34921875 0.8523437500000001 0.3640625 0.2609375
0 0.32578125 0.6414062500000001 0.3609375 0.27968750000000003
0 0.36953125000000003 0.53828125 0.35781250000000003 0.2390625
0 0.6312500000000001 0.38203125000000004 0.328125 0.2578125
0 0.62265625 0.6273437500000001 0.2734375 0.2484375
0 0.6046875 0.27265625 0.321875 0.23593750000000002
0 0.77734375 0.32265625000000003 0.3171875 0.21406250000000002
0 0.75703125 0.16484375 0.2765625 0.1546875
0 0.7390625000000001 0.10078125 0.23125 0.15781250000000002
0 0.846875 0.36328125 0.275 0.19843750000000002
