0 0.6421875 0.61328125 0.44375000000000003 0.2171875
0 0.565625 0.3609375 0.35000000000000003 0.16875
0 0.5578125 0.51953125 0.415625 0.2015625
0 0.5515625000000001 0.66328125 0.353125 0.18906250000000002
0 0.41796875 0.3171875 0.2859375 0.140625
0 0.13984375000000002 0.4109375 0.2328125 0.209375
0 0.70625 0.08828125 0.15625 0.0921875
0 0.8109375000000001 0.26171875 0.146875 0.0765625
0 0.74921875 0.29140625000000003 0.1265625 0.0578125
0 0.80390625 0.20234375000000002 0.1328125 0.0859375
0 0.74375 0.74921875 0.140625 0.08281250000000001
