0 0.9710937500000001 0.2421875 0.0546875 0.19062500000000002
0 0.92890625 0.42031250000000003 0.1390625 0.23750000000000002
0 0.7875000000000001 0.3671875 0.146875 0.2
0 0.82578125 0.5171875 0.1546875 0.21250000000000002
0 0.73359375 0.45078125 0.13593750000000002 0.17343750000000002
0 0.77109375 0.6351562500000001 0.1171875 0.1390625
0 0.67109375 0.6507812500000001 0.1265625 0.1859375
0 0.5710937500000001 0.6507812500000001 0.15156250000000002 0.2171875
0 0.47421875 0.6109375 0.1546875 0.21250000000000002
0 0.47187500000000004 0.775 0.15937500000000002 0.21875
0 0.41484375 0.6531250000000001 0.1390625 0.184375
0 0.284375 0.6687500000000001 0.15937500000000002 0.21875
0 0.35390625000000003 0.76484375 0.1203125 0.17343750000000002
0 0.296875 0.5085937500000001 0.10625000000000001 0.13593750000000002
0 0.23828125 0.41484375 0.1265625 0.1609375
0 0.11328125 0.50234375 0.1546875 0.1921875
0 0.13203125000000002 0.65390625 0.15156250000000002 0.18281250000000002
0 0.049218750000000006 0.68671875 0.07968750000000001 0.19843750000000002
0 0.043750000000000004 0.54296875 0.07187500000000001 0.1484375
0 0.07578125000000001 0.76875 0.1328125 0.1875
