0 0.04296875 0.24531250000000002 0.0703125 0.178125
0 0.20390625 0.08125 0.09843750000000001 0.07187500000000001
0 0.31953125000000004 0.384375 0.13593750000000002 0.184375
0 0.25703125 0.40390625 0.1046875 0.15781250000000002
0 0.44062500000000004 0.33437500000000003 0.10625000000000001 0.1625
0 0.1859375 0.5328125 0.0625 0.08750000000000001
0 0.19140625 0.484375 0.0734375 0.10625000000000001
0 0.23046875 0.51953125 0.06406250000000001 0.0921875
0 0.21015625000000002 0.5578125 0.0671875 0.09375
0 0.16171875000000002 0.56640625 0.0546875 0.0765625
0 0.047656250000000004 0.47578125000000004 0.0546875 0.11093750000000001
0 0.0484375 0.41796875 0.0625 0.1015625
0 0.48046875 0.36796875 0.07968750000000001 0.1171875
0 0.534375 0.384375 0.1 0.140625
0 0.58046875 0.18515625000000002 0.1328125 0.17343750000000002
0 0.58828125 0.07890625000000001 0.11406250000000001 0.1296875
0 0.9437500000000001 0.35859375000000004 0.109375 0.1484375
0 0.9695312500000001 0.453125 0.0578125 0.08750000000000001
0 0.80234375 0.46171875 0.0765625 0.1171875
0 0.7664062500000001 0.45703125 0.0859375 0.1234375
0 0.6843750000000001 0.30859375 0.11875000000000001 0.1546875
0 0.6140625000000001 0.3203125 0.10312500000000001 0.1625
0 0.6882812500000001 0.36875 0.1203125 0.17500000000000002
0 0.5921875 0.4859375 0.065625 0.10312500000000001
0 0.40078125000000003 0.53828125 0.06406250000000001 0.0921875
0 0.38125000000000003 0.55234375 0.05625 0.0859375
0 0.5242187500000001 0.553125 0.0671875 0.09375
0 0.57578125 0.5437500000000001 0.0703125 0.109375
0 0.6531250000000001 0.55234375 0.07500000000000001 0.1015625
0 0.61875 0.61328125 0.059375000000000004 0.08281250000000001
0 0.328125 0.58984375 0.053125000000000006 0.0703125
0 0.35859375000000004 0.56171875 0.0578125 0.0859375
0 0.18828125 0.6039062500000001 0.0578125 0.0859375
0 0.041406250000000006 0.57265625 0.0328125 0.07968750000000001
