0 0.625 0.06953125 0.13125 0.1390625
0 0.6984375 0.33125000000000004 0.109375 0.178125
0 0.7546875000000001 0.27109375 0.109375 0.17343750000000002
0 0.77890625 0.434375 0.11406250000000001 0.19062500000000002
0 0.82421875 0.24921875000000002 0.1015625 0.1453125
0 0.45156250000000003 0.09375 0.1375 0.1875
0 0.50546875 0.50234375 0.09843750000000001 0.1640625
0 0.5710937500000001 0.5007812500000001 0.0890625 0.13593750000000002
0 0.44765625000000003 0.5554687500000001 0.1078125 0.1640625
0 0.6023437500000001 0.54609375 0.07968750000000001 0.1234375
0 0.55 0.5921875 0.09375 0.140625
0 0.35000000000000003 0.48046875 0.1 0.16718750000000002
0 0.26484375 0.46015625000000004 0.0921875 0.1484375
0 0.2171875 0.09296875 0.125 0.1859375
0 0.15156250000000002 0.17734375000000002 0.12187500000000001 0.1953125
0 0.07109375 0.15781250000000002 0.13593750000000002 0.234375
0 0.15390625000000002 0.53046875 0.0921875 0.1484375
0 0.1203125 0.6015625 0.10625000000000001 0.15937500000000002
0 0.1078125 0.6953125 0.08125 0.125
0 0.33125000000000004 0.56953125 0.10625000000000001 0.18906250000000002
0 0.38203125000000004 0.6359375 0.09531250000000001 0.16562500000000002
0 0.309375 0.6234375000000001 0.09375 0.15937500000000002
0 0.33906250000000004 0.7484375000000001 0.07187500000000001 0.115625
0 0.4109375 0.77109375 0.08125 0.13593750000000002
0 0.78515625 0.73046875 0.07968750000000001 0.13593750000000002
0 0.74140625 0.7515625 0.0921875 0.140625
0 0.7992187500000001 0.65546875 0.0671875 0.1015625
0 0.7406250000000001 0.6664062500000001 0.065625 0.09843750000000001
0 0.71015625 0.66953125 0.0734375 0.1078125
0 0.84375 0.7421875 0.08750000000000001 0.1375
0 0.8078125 0.84296875 0.0625 0.11093750000000001
0 0.77109375 0.87421875 0.0734375 0.1296875
0 0.8234375 0.87109375 0.07500000000000001 0.1203125
0 0.6062500000000001 0.8929687500000001 0.0625 0.1078125
0 0.37343750000000003 0.02421875 0.096875 0.0484375
0 0.47187500000000004 0.0015625 0.07187500000000001 0.003125
0 0.82578125 0.0765625 0.1203125 0.153125
0 0.8875000000000001 0.3609375 0.109375 0.184375
0 0.94140625 0.30312500000000003 0.09531250000000001 0.15000000000000002
0 0.953125 0.46171875 0.09062500000000001 0.16718750000000002
0 0.94453125 0.35703125 0.09843750000000001 0.16718750000000002
0 0.7054687500000001 0.39687500000000003 0.1265625 0.20625000000000002
0 0.57265625 0.9 0.0546875 0.09062500000000001
0 0.15781250000000002 0.22031250000000002 0.11875000000000001 0.21250000000000002
0 0.21953125 0.1328125 0.11406250000000001 0.19375
0 0.38828125 0.5320312500000001 0.08281250000000001 0.1421875
0 0.8359375 0.35781250000000003 0.09375 0.140625
0 0.19062500000000002 0.59375 0.084375 0.13125
0 0.24453125 0.7992187500000001 0.0734375 0.1265625
