0 0.5945312500000001 0.39609375 0.2671875 0.3453125
0 0.6492187500000001 0.65390625 0.2421875 0.3296875
0 0.359375 0.36015625 0.22812500000000002 0.2765625
0 0.20468750000000002 0.4859375 0.22812500000000002 0.31562500000000004
0 0.096875 0.3796875 0.19375 0.33437500000000003
0 0.3046875 0.8359375 0.1875 0.259375
0 0.18906250000000002 0.7734375 0.171875 0.24375000000000002
0 0.8046875 0.734375 0.21875 0.309375
0 0.87890625 0.60703125 0.20468750000000002 0.31093750000000003
0 0.9546875 0.625 0.05 0.28125
0 0.43359375 0.5593750000000001 0.2546875 0.309375
0 0.49453125000000003 0.625 0.1765625 0.24375000000000002
0 0.42734375 0.8812500000000001 0.1015625 0.13125
