0 0.16640625 0.5359375000000001 0.30781250000000004 0.359375
0 0.32421875 0.41328125000000004 0.2578125 0.29531250000000003
0 0.0671875 0.32734375000000004 0.11875000000000001 0.2484375
0 0.3453125 0.7421875 0.33437500000000003 0.40625
0 0.51171875 0.58359375 0.27968750000000003 0.3171875
0 0.6531250000000001 0.45078125 0.290625 0.31093750000000003
0 0.46875 0.27109375 0.265625 0.3015625
0 0.25546875 0.19140625 0.0671875 0.2265625
0 0.784375 0.29375 0.27187500000000003 0.30312500000000003
0 0.5921875 0.13828125 0.253125 0.2609375
0 0.6156250000000001 0.8210937500000001 0.321875 0.3140625
0 0.7781250000000001 0.70859375 0.328125 0.3796875
0 0.8835937500000001 0.5242187500000001 0.22968750000000002 0.37031250000000004
0 0.946875 0.74140625 0.10312500000000001 0.22968750000000002
0 0.39687500000000003 0.09375 0.22187500000000002 0.1875
