0 0.6742187500000001 0.52734375 0.5390625 0.4234375
0 0.37421875000000004 0.67578125 0.3046875 0.3328125
0 0.4140625 0.38671875 0.31562500000000004 0.3140625
0 0.26640625 0.2859375 0.2890625 0.259375
0 0.60078125 0.8445312500000001 0.38593750000000004 0.30781250000000004
0 0.7718750000000001 0.22421875000000002 0.353125 0.3453125
0 0.18359375 0.7359375 0.2328125 0.26875
0 0.33828125000000003 0.10078125 0.26406250000000003 0.1859375
0 0.540625 0.14296875 0.3375 0.2609375
0 0.859375 0.7000000000000001 0.25625000000000003 0.353125
