0 0.1859375 0.42812500000000003 0.171875 0.209375
0 0.37421875000000004 0.41250000000000003 0.1921875 0.22812500000000002
0 0.6375000000000001 0.12421875 0.1875 0.2171875
0 0.65 0.31796875 0.1875 0.22031250000000002
0 0.49296875 0.27578125000000003 0.1859375 0.2171875
0 0.046875 0.62109375 0.09375 0.2078125
0 0.10390625 0.4734375 0.16718750000000002 0.19687500000000002
0 0.23984375000000002 0.4609375 0.1484375 0.19687500000000002
0 0.09140625000000001 0.60703125 0.1609375 0.18906250000000002
0 0.1859375 0.6101562500000001 0.14375000000000002 0.17343750000000002
0 0.35390625000000003 0.7109375 0.1296875 0.15000000000000002
0 0.42265625 0.67734375 0.09843750000000001 0.13593750000000002
0 0.3921875 0.51328125 0.134375 0.1953125
0 0.44609375 0.49921875000000004 0.1328125 0.16718750000000002
0 0.49843750000000003 0.5515625000000001 0.125 0.15937500000000002
0 0.09062500000000001 0.90234375 0.078125 0.1046875
