0 0.5453125 0.43203125000000003 0.321875 0.4734375
0 0.3296875 0.37421875000000004 0.278125 0.34218750000000003
0 0.27578125000000003 0.665625 0.34218750000000003 0.39375000000000004
0 0.42031250000000003 0.82734375 0.321875 0.34218750000000003
0 0.73828125 0.6687500000000001 0.34218750000000003 0.321875
0 0.6953125 0.8773437500000001 0.36875 0.2421875
0 0.8484375000000001 0.27578125000000003 0.29375 0.40468750000000003
0 0.5953125 0.21406250000000002 0.3375 0.3875
0 0.32578125 0.14765625000000002 0.2921875 0.2828125
0 0.1171875 0.30078125 0.23125 0.3203125
0 0.0921875 0.5390625 0.18125000000000002 0.3375
0 0.0890625 0.8054687500000001 0.17500000000000002 0.3328125
