0 0.6421875 0.50234375 0.134375 0.22968750000000002
0 0.11875000000000001 0.38828125 0.15000000000000002 0.2578125
0 0.46171875 0.55234375 0.1453125 0.2578125
0 0.8640625000000001 0.1640625 0.134375 0.19687500000000002
0 0.33515625000000004 0.571875 0.1234375 0.27187500000000003
0 0.30078125 0.59375 0.1203125 0.234375
0 0.56171875 0.5867187500000001 0.1421875 0.3015625
0 0.23984375000000002 0.25546875 0.1453125 0.21406250000000002
0 0.796875 0.2328125 0.115625 0.24375000000000002
0 0.415625 0.6078125000000001 0.15937500000000002 0.30312500000000003
0 0.6671875 0.5890625 0.1625 0.26875
