0 0.553125 0.22578125000000002 0.09062500000000001 0.0859375
0 0.65546875 0.2109375 0.0890625 0.09062500000000001
0 0.72578125 0.20468750000000002 0.09531250000000001 0.08750000000000001
0 0.6421875 0.0765625 0.109375 0.10625000000000001
0 0.728125 0.06328125 0.109375 0.11093750000000001
0 0.77734375 0.0578125 0.09531250000000001 0.1
0 0.7117187500000001 0.1 0.09531250000000001 0.096875
0 0.7507812500000001 0.21484375 0.0703125 0.0671875
0 0.8070312500000001 0.20390625 0.0734375 0.0703125
0 0.7289062500000001 0.2703125 0.0765625 0.07187500000000001
0 0.80625 0.28125 0.084375 0.07500000000000001
0 0.46328125000000003 0.37265625 0.0703125 0.0734375
0 0.5390625 0.35859375000000004 0.07500000000000001 0.0765625
0 0.59609375 0.36171875000000003 0.07968750000000001 0.0734375
0 0.7742187500000001 0.340625 0.0671875 0.065625
0 0.7562500000000001 0.28203125 0.065625 0.0671875
0 0.309375 0.51953125 0.0625 0.06406250000000001
0 0.39765625000000004 0.47421875 0.06406250000000001 0.06406250000000001
0 0.446875 0.47265625 0.06875 0.0671875
0 0.525 0.48281250000000003 0.053125000000000006 0.053125000000000006
0 0.55859375 0.48125 0.0578125 0.05625
0 0.58828125 0.48203125 0.06406250000000001 0.06406250000000001
0 0.6312500000000001 0.44921875 0.06875 0.0671875
0 0.67109375 0.41328125000000004 0.0703125 0.0671875
0 0.7171875000000001 0.3984375 0.06875 0.07187500000000001
0 0.76484375 0.38203125000000004 0.0703125 0.0671875
0 0.8125 0.35859375000000004 0.0625 0.060937500000000006
0 0.8226562500000001 0.3921875 0.0578125 0.043750000000000004
0 0.6820312500000001 0.4375 0.060937500000000006 0.065625
0 0.72265625 0.42734375 0.06406250000000001 0.06406250000000001
0 0.76953125 0.40390625 0.0578125 0.0546875
0 0.8015625000000001 0.42109375000000004 0.053125000000000006 0.051562500000000004
0 0.5398437500000001 0.52734375 0.0484375 0.051562500000000004
0 0.58359375 0.56484375 0.0421875 0.0421875
0 0.56953125 0.5328125 0.0421875 0.046875
0 0.52578125 0.52265625 0.0484375 0.0484375
0 0.73984375 0.46328125000000003 0.0484375 0.045312500000000006
0 0.6953125 0.46406250000000004 0.053125000000000006 0.05
0 0.6703125000000001 0.4765625 0.05 0.053125000000000006
0 0.4609375 0.57734375 0.05 0.051562500000000004
0 0.33828125000000003 0.02734375 0.1078125 0.0546875
0 0.421875 0.05078125 0.14375000000000002 0.1015625
0 0.38828125 0.10078125 0.11093750000000001 0.1265625
0 0.32890625 0.13046875 0.11406250000000001 0.11406250000000001
0 0.24375000000000002 0.17265625 0.12187500000000001 0.11093750000000001
0 0.34921875 0.19921875 0.1015625 0.1078125
0 0.30781250000000004 0.17734375000000002 0.109375 0.11406250000000001
0 0.27265625 0.2328125 0.11093750000000001 0.125
0 0.23750000000000002 0.24375000000000002 0.096875 0.10625000000000001
0 0.29296875 0.30234375 0.0921875 0.0890625
0 0.24921875000000002 0.35234375 0.1015625 0.09531250000000001
0 0.34453125 0.35234375 0.08281250000000001 0.0765625
0 0.27968750000000003 0.38828125 0.084375 0.0859375
0 0.3375 0.39140625 0.08750000000000001 0.0890625
0 0.30859375 0.4140625 0.0671875 0.065625
0 0.29453125 0.628125 0.0484375 0.046875
0 0.3328125 0.6156250000000001 0.05 0.046875
0 0.3515625 0.6328125 0.053125000000000006 0.053125000000000006
0 0.38984375000000004 0.6296875000000001 0.0484375 0.05
0 0.41875 0.609375 0.05 0.05
0 0.4890625 0.60703125 0.037500000000000006 0.0421875
0 0.5164062500000001 0.59296875 0.035937500000000004 0.0421875
0 0.5453125 0.58984375 0.043750000000000004 0.0421875
0 0.31562500000000004 0.6640625 0.046875 0.043750000000000004
0 0.284375 0.66328125 0.037500000000000006 0.0421875
0 0.41718750000000004 0.66015625 0.034375 0.0390625
0 0.43984375000000003 0.6484375 0.0421875 0.043750000000000004
0 0.46406250000000004 0.64375 0.034375 0.037500000000000006
0 0.484375 0.6390625000000001 0.040625 0.043750000000000004
0 0.5546875 0.61484375 0.03125 0.0328125
0 0.5398437500000001 0.625 0.0328125 0.034375
0 0.5296875 0.6429687500000001 0.034375 0.0328125
0 0.31328125 0.7093750000000001 0.035937500000000004 0.034375
0 0.26484375 0.7132812500000001 0.0421875 0.0421875
0 0.22812500000000002 0.7296875 0.046875 0.043750000000000004
0 0.3375 0.70703125 0.034375 0.035937500000000004
0 0.3171875 0.69453125 0.03125 0.026562500000000003
0 0.35625 0.728125 0.034375 0.034375
0 0.36875 0.71015625 0.03125 0.029687500000000002
0 0.3953125 0.70078125 0.03125 0.0328125
0 0.390625 0.68515625 0.03125 0.026562500000000003
0 0.4265625 0.6859375000000001 0.037500000000000006 0.040625
0 0.45156250000000003 0.6898437500000001 0.037500000000000006 0.0421875
0 0.496875 0.675 0.03125 0.03125
0 0.51875 0.6687500000000001 0.03125 0.03125
0 0.5421875 0.6546875000000001 0.03125 0.03125
0 0.35859375000000004 0.76484375 0.035937500000000004 0.035937500000000004
0 0.384375 0.7664062500000001 0.03125 0.035937500000000004
0 0.35781250000000003 0.7828125 0.03125 0.03125
0 0.31328125 0.75546875 0.035937500000000004 0.035937500000000004
0 0.27265625 0.75703125 0.035937500000000004 0.035937500000000004
0 0.24531250000000002 0.76875 0.034375 0.034375
0 0.4765625 0.6960937500000001 0.03125 0.029687500000000002
0 0.5164062500000001 0.71015625 0.0328125 0.0328125
0 0.49453125000000003 0.7140625 0.029687500000000002 0.034375
0 0.57578125 0.6976562500000001 0.029687500000000002 0.029687500000000002
0 0.46718750000000003 0.74140625 0.028125 0.026562500000000003
0 0.6046875 0.665625 0.028125 0.021875000000000002
0 0.58359375 0.6890625 0.0328125 0.028125
0 0.59765625 0.69453125 0.029687500000000002 0.029687500000000002
0 0.6117187500000001 0.6843750000000001 0.029687500000000002 0.028125
0 0.53359375 0.7046875 0.0328125 0.034375
0 0.54921875 0.6960937500000001 0.0234375 0.029687500000000002
0 0.5476562500000001 0.7265625 0.0234375 0.025
0 0.5734375 0.73828125 0.028125 0.026562500000000003
0 0.5453125 0.7703125000000001 0.025 0.025
0 0.55390625 0.7585937500000001 0.026562500000000003 0.0234375
0 0.44609375 0.7156250000000001 0.035937500000000004 0.03125
0 0.41796875 0.7234375000000001 0.035937500000000004 0.037500000000000006
0 0.15546875000000002 0.76484375 0.0484375 0.045312500000000006
0 0.1921875 0.7562500000000001 0.040625 0.043750000000000004
0 0.215625 0.77109375 0.037500000000000006 0.0390625
0 0.11484375000000001 0.775 0.045312500000000006 0.043750000000000004
0 0.07890625000000001 0.72265625 0.0578125 0.0546875
0 0.1640625 0.6664062500000001 0.05625 0.0546875
0 0.12265625000000001 0.6585937500000001 0.060937500000000006 0.0578125
0 0.16484375 0.6796875 0.0546875 0.05625
0 0.09765625 0.6796875 0.0546875 0.053125000000000006
0 0.01015625 0.22734375 0.0203125 0.1078125
0 0.060937500000000006 0.22031250000000002 0.115625 0.096875
0 0.09140625000000001 0.24375000000000002 0.1015625 0.10312500000000001
0 0.035937500000000004 0.26875 0.07187500000000001 0.109375
0 0.010937500000000001 0.35546875 0.021875000000000002 0.0890625
0 0.01953125 0.37421875000000004 0.0390625 0.09843750000000001
0 0.057031250000000006 0.39609375 0.0921875 0.0859375
0 0.09453125000000001 0.39921875 0.0921875 0.0921875
0 0.051562500000000004 0.42812500000000003 0.09062500000000001 0.09062500000000001
0 0.08828125 0.43515625 0.0765625 0.0765625
0 0.0734375 0.50234375 0.078125 0.0734375
0 0.03671875 0.5203125000000001 0.0734375 0.07500000000000001
0 0.10312500000000001 0.51015625 0.078125 0.0765625
0 0.02109375 0.5789062500000001 0.0421875 0.0734375
0 0.0328125 0.596875 0.065625 0.06875
0 0.01171875 0.6140625000000001 0.0234375 0.059375000000000004
0 0.021875000000000002 0.6984375 0.043750000000000004 0.046875
0 0.029687500000000002 0.72421875 0.053125000000000006 0.051562500000000004
0 0.035937500000000004 0.88203125 0.03125 0.0390625
0 0.07890625000000001 0.82734375 0.0390625 0.0390625
0 0.055468750000000004 0.7976562500000001 0.0421875 0.0421875
0 0.0859375 0.7875000000000001 0.040625 0.046875
0 0.2734375 0.7679687500000001 0.03125 0.026562500000000003
0 0.2484375 0.7859375000000001 0.034375 0.03125
0 0.6742187500000001 0.56640625 0.0390625 0.0421875
0 0.65 0.5140625 0.05 0.046875
0 0.596875 0.5265625 0.040625 0.043750000000000004
0 0.69296875 0.5296875 0.0421875 0.046875
0 0.796875 0.5085937500000001 0.05 0.045312500000000006
0 0.7585937500000001 0.52109375 0.045312500000000006 0.0390625
0 0.72578125 0.55390625 0.0484375 0.0421875
0 0.696875 0.5640625 0.037500000000000006 0.043750000000000004
0 0.77890625 0.53046875 0.051562500000000004 0.0484375
0 0.8250000000000001 0.540625 0.034375 0.037500000000000006
0 0.7984375 0.59140625 0.03125 0.029687500000000002
0 0.6875 0.5945312500000001 0.034375 0.0390625
0 0.63671875 0.609375 0.0421875 0.040625
0 0.64375 0.5875 0.043750000000000004 0.043750000000000004
0 0.65625 0.57421875 0.037500000000000006 0.0421875
0 0.6484375 0.69140625 0.028125 0.029687500000000002
0 0.6609375000000001 0.671875 0.028125 0.028125
0 0.67734375 0.66171875 0.026562500000000003 0.029687500000000002
0 0.6953125 0.6515625 0.028125 0.028125
0 0.8445312500000001 0.14140625 0.08281250000000001 0.0765625
0 0.86875 0.24296875 0.07500000000000001 0.0703125
0 0.9140625 0.16171875000000002 0.065625 0.0765625
0 0.8679687500000001 0.28671875 0.0703125 0.0671875
0 0.9148437500000001 0.25078125 0.07968750000000001 0.0703125
0 0.86640625 0.44843750000000004 0.0484375 0.046875
0 0.8609375 0.47890625000000003 0.046875 0.045312500000000006
0 0.8914062500000001 0.46796875000000004 0.0546875 0.0484375
0 0.890625 0.484375 0.046875 0.043750000000000004
0 0.8539062500000001 0.5359375000000001 0.035937500000000004 0.034375
0 0.8984375 0.51328125 0.034375 0.0328125
0 0.9265625000000001 0.50625 0.037500000000000006 0.037500000000000006
0 0.9539062500000001 0.503125 0.0234375 0.037500000000000006
0 0.96015625 0.43828125 0.0203125 0.0484375
0 0.9375 0.3359375 0.0625 0.059375000000000004
0 0.89609375 0.3453125 0.0484375 0.05
0 0.9281250000000001 0.3640625 0.043750000000000004 0.040625
0 0.9242187500000001 0.371875 0.051562500000000004 0.046875
0 0.9375 0.42734375 0.034375 0.026562500000000003
0 0.6492187500000001 0.71484375 0.0234375 0.0234375
0 0.6640625 0.70859375 0.025 0.0234375
0 0.6640625 0.73046875 0.025 0.026562500000000003
0 0.8289062500000001 0.6195312500000001 0.026562500000000003 0.029687500000000002
0 0.8460937500000001 0.61328125 0.026562500000000003 0.029687500000000002
0 0.85859375 0.59765625 0.029687500000000002 0.029687500000000002
0 0.8226562500000001 0.5750000000000001 0.029687500000000002 0.028125
0 0.8796875000000001 0.5375 0.028125 0.03125
0 0.8992187500000001 0.5281250000000001 0.0328125 0.025
0 0.9078125 0.53125 0.028125 0.028125
0 0.93125 0.52890625 0.03125 0.029687500000000002
0 0.9515625000000001 0.53359375 0.025 0.0328125
0 0.95625 0.53046875 0.015625 0.035937500000000004
0 0.96015625 0.51796875 0.010937500000000001 0.026562500000000003
0 0.7625000000000001 0.63671875 0.025 0.029687500000000002
0 0.7742187500000001 0.6375000000000001 0.026562500000000003 0.028125
0 0.9234375 0.6507812500000001 0.018750000000000003 0.0203125
0 0.940625 0.63828125 0.021875000000000002 0.0203125
0 0.95859375 0.57734375 0.0078125 0.0234375
0 0.9554687500000001 0.56015625 0.0140625 0.0234375
0 0.93125 0.57734375 0.018750000000000003 0.0234375
0 0.890625 0.5734375 0.025 0.025
0 0.91171875 0.5484375 0.026562500000000003 0.025
0 0.9125000000000001 0.5625 0.025 0.021875000000000002
0 0.8625 0.62421875 0.018750000000000003 0.0203125
0 0.8695312500000001 0.6328125 0.026562500000000003 0.025
0 0.88203125 0.61484375 0.0234375 0.0203125
0 0.93671875 0.6609375000000001 0.0203125 0.021875000000000002
0 0.8640625000000001 0.65546875 0.015625 0.0171875
0 0.6703125000000001 0.6257812500000001 0.034375 0.035937500000000004
0 0.7125 0.5921875 0.03125 0.034375
0 0.71796875 0.6351562500000001 0.029687500000000002 0.0328125
0 0.734375 0.6171875 0.03125 0.03125
0 0.7453125 0.58984375 0.03125 0.029687500000000002
0 0.7468750000000001 0.57734375 0.028125 0.0328125
0 0.78125 0.55078125 0.040625 0.0390625
0 0.540625 0.790625 0.028125 0.028125
0 0.44375000000000003 0.7523437500000001 0.025 0.026562500000000003
0 0.47187500000000004 0.7171875000000001 0.037500000000000006 0.034375
0 0.640625 0.628125 0.03125 0.03125
