0 0.15390625000000002 0.625 0.1046875 0.09062500000000001
0 0.09296875 0.49765625 0.0703125 0.06406250000000001
0 0.09296875 0.56796875 0.08281250000000001 0.0703125
0 0.27890625 0.32421875 0.0859375 0.0765625
0 0.30859375 0.41328125000000004 0.0921875 0.08281250000000001
0 0.26875 0.384375 0.0625 0.05625
0 0.23203125000000002 0.5515625000000001 0.0890625 0.08125
0 0.2546875 0.496875 0.084375 0.08125
0 0.40156250000000004 0.5906250000000001 0.065625 0.06875
0 0.3953125 0.70234375 0.06875 0.0703125
0 0.41953125 0.6515625 0.0671875 0.0625
