0 0.5593750000000001 0.45859375 0.184375 0.24531250000000002
0 0.35546875 0.43125 0.1921875 0.234375
0 0.18906250000000002 0.484375 0.178125 0.22812500000000002
0 0.10078125 0.36171875000000003 0.1453125 0.2015625
0 0.23359375000000002 0.3296875 0.1796875 0.225
0 0.3328125 0.5281250000000001 0.15937500000000002 0.16562500000000002
0 0.46484375 0.47109375000000003 0.1453125 0.2109375
0 0.3828125 0.2890625 0.203125 0.21250000000000002
0 0.7015625000000001 0.47890625000000003 0.19062500000000002 0.2609375
0 0.8367187500000001 0.44609375 0.17343750000000002 0.2234375
0 0.85703125 0.59140625 0.16718750000000002 0.2078125
0 0.9382812500000001 0.46718750000000003 0.1203125 0.21250000000000002
0 0.953125 0.22031250000000002 0.09062500000000001 0.23125
