0 0.58125 0.59609375 0.209375 0.2484375
0 0.48046875 0.38515625000000003 0.2109375 0.27968750000000003
0 0.37265625 0.61640625 0.1546875 0.2390625
0 0.23515625 0.48203125 0.18906250000000002 0.23593750000000002
0 0.26406250000000003 0.22890625 0.19687500000000002 0.23593750000000002
0 0.44765625000000003 0.09609375 0.18281250000000002 0.18906250000000002
0 0.77265625 0.325 0.2265625 0.26875
0 0.2015625 0.73984375 0.20625000000000002 0.2671875
0 0.36328125 0.8406250000000001 0.0546875 0.22812500000000002
0 0.7117187500000001 0.8656250000000001 0.1953125 0.20625000000000002
0 0.815625 0.09921875000000001 0.240625 0.1953125
0 0.9234375 0.42578125 0.15000000000000002 0.32656250000000003
0 0.8921875 0.7132812500000001 0.21250000000000002 0.2390625
