0 0.49843750000000003 0.58359375 0.140625 0.1203125
0 0.33515625000000004 0.6734375 0.11406250000000001 0.1
0 0.5671875000000001 0.6648437500000001 0.15937500000000002 0.1265625
0 0.546875 0.7742187500000001 0.146875 0.1484375
0 0.42031250000000003 0.67578125 0.109375 0.1078125
0 0.47109375000000003 0.64453125 0.1421875 0.1203125
0 0.6546875000000001 0.36484375 0.084375 0.0671875
0 0.71796875 0.1953125 0.1015625 0.084375
0 0.3203125 0.2515625 0.1125 0.06875
0 0.53828125 0.184375 0.1078125 0.078125
0 0.52890625 0.2578125 0.1046875 0.07500000000000001
0 0.38828125 0.2859375 0.1015625 0.078125
0 0.815625 0.5125000000000001 0.07187500000000001 0.05625
0 0.875 0.49531250000000004 0.07187500000000001 0.05625
