0 0.41484375 0.184375 0.0890625 0.13125
0 0.43515625 0.2671875 0.07968750000000001 0.109375
0 0.55078125 0.3515625 0.0859375 0.13125
0 0.884375 0.52734375 0.08750000000000001 0.1203125
0 0.9328125 0.4703125 0.08750000000000001 0.115625
0 0.984375 0.49296875 0.028125 0.1484375
0 0.6039062500000001 0.1046875 0.06406250000000001 0.11875000000000001
0 0.55390625 0.11015625000000001 0.06406250000000001 0.1078125
0 0.10390625 0.58828125 0.11093750000000001 0.15781250000000002
0 0.38593750000000004 0.6179687500000001 0.07187500000000001 0.1078125
0 0.48750000000000004 0.8984375 0.05 0.08125
0 0.43515625 0.74921875 0.0671875 0.11406250000000001
0 0.59375 0.77734375 0.07187500000000001 0.1234375
0 0.534375 0.55859375 0.07187500000000001 0.1078125
0 0.6078125000000001 0.39687500000000003 0.07187500000000001 0.10312500000000001
0 0.44296875 0.4890625 0.07968750000000001 0.11875000000000001
0 0.3140625 0.65390625 0.07500000000000001 0.11406250000000001
0 0.446875 0.8734375000000001 0.05 0.08125
0 0.17265625 0.60546875 0.0765625 0.1234375
0 0.21640625000000002 0.96640625 0.07968750000000001 0.06406250000000001
0 0.14921875 0.96015625 0.07968750000000001 0.0765625
0 0.16328125000000002 0.6984375 0.07968750000000001 0.10312500000000001
