0 0.39765625000000004 0.46015625000000004 0.4234375 0.37031250000000004
0 0.53671875 0.7328125000000001 0.4609375 0.434375
0 0.74609375 0.43984375000000003 0.4765625 0.3828125
0 0.10078125 0.35781250000000003 0.19843750000000002 0.16875
0 0.08359375000000001 0.5 0.1640625 0.153125
0 0.27734375 0.28515625 0.2578125 0.1640625
0 0.465625 0.21250000000000002 0.296875 0.18125000000000002
0 0.7015625000000001 0.19140625 0.28125 0.1796875
0 0.83984375 0.24765625000000002 0.23593750000000002 0.1703125
0 0.06640625 0.64375 0.1296875 0.178125
