0 0.09453125000000001 0.375 0.1640625 0.4
0 0.23593750000000002 0.38125000000000003 0.278125 0.4375
0 0.4 0.53046875 0.253125 0.4234375
0 0.6140625000000001 0.51875 0.22812500000000002 0.34687500000000004
0 0.5578125 0.578125 0.234375 0.4
0 0.7859375000000001 0.43281250000000004 0.2625 0.4375
0 0.8929687500000001 0.371875 0.2109375 0.33437500000000003
0 0.7203125 0.66953125 0.22187500000000002 0.38593750000000004
0 0.85546875 0.6570312500000001 0.2390625 0.3671875
0 0.94453125 0.5593750000000001 0.1078125 0.37812500000000004
0 0.8132812500000001 0.14296875 0.2109375 0.2859375
