0 0.4421875 0.321875 0.13125 0.171875
0 0.51484375 0.10312500000000001 0.1390625 0.153125
0 0.66171875 0.125 0.1265625 0.037500000000000006
0 0.56015625 0.23046875 0.1421875 0.13593750000000002
0 0.35468750000000004 0.57265625 0.15000000000000002 0.0859375
0 0.47968750000000004 0.465625 0.153125 0.15937500000000002
0 0.71640625 0.25234375000000003 0.1265625 0.15781250000000002
0 0.6062500000000001 0.35625 0.00625 0.14375000000000002
0 0.63984375 0.49296875 0.1390625 0.0390625
0 0.76875 0.3953125 0.00625 0.1625
0 0.88203125 0.29296875 0.1390625 0.0390625
0 0.82734375 0.14765625000000002 0.1390625 0.1484375
0 0.95078125 0.1859375 0.09531250000000001 0.1625
0 0.8773437500000001 0.66328125 0.1484375 0.21406250000000002
0 0.74140625 0.7890625 0.0078125 0.17500000000000002
0 0.5203125000000001 0.6046875 0.05 0.17500000000000002
0 0.38984375000000004 0.71875 0.17343750000000002 0.178125
0 0.57578125 0.7578125 0.1328125 0.19062500000000002
0 0.43593750000000003 0.8773437500000001 0.178125 0.1609375
0 0.25390625 0.828125 0.1640625 0.040625
0 0.6109375 0.8851562500000001 0.15625 0.1453125
0 0.6937500000000001 0.63671875 0.14375000000000002 0.18281250000000002
0 0.8203125 0.5140625 0.146875 0.15000000000000002
0 0.9343750000000001 0.41875 0.12812500000000002 0.19375
