0 0.73359375 0.9007812500000001 0.11093750000000001 0.1953125
0 0.69140625 0.6015625 0.0921875 0.16562500000000002
0 0.7703125000000001 0.64375 0.09375 0.15937500000000002
0 0.73203125 0.484375 0.09843750000000001 0.178125
0 0.84296875 0.64765625 0.0890625 0.1328125
0 0.55 0.9 0.11875000000000001 0.19687500000000002
0 0.44140625 0.49062500000000003 0.08281250000000001 0.153125
0 0.50625 0.47500000000000003 0.078125 0.125
0 0.36640625000000004 0.4546875 0.09531250000000001 0.15000000000000002
0 0.51953125 0.42421875000000003 0.0703125 0.11406250000000001
0 0.45078125 0.39453125 0.08281250000000001 0.1296875
0 0.3015625 0.55 0.084375 0.15625
0 0.225 0.5906250000000001 0.078125 0.1375
0 0.31640625 0.9304687500000001 0.11093750000000001 0.13593750000000002
0 0.22109375 0.88671875 0.1046875 0.18281250000000002
0 0.14609375 0.909375 0.1265625 0.178125
0 0.0921875 0.553125 0.078125 0.1375
0 0.041406250000000006 0.49296875 0.07968750000000001 0.1484375
0 0.0125 0.40937500000000004 0.021875000000000002 0.115625
0 0.24921875000000002 0.47109375000000003 0.0890625 0.1765625
0 0.27421875 0.3953125 0.07968750000000001 0.15625
0 0.20703125 0.42500000000000004 0.07968750000000001 0.15000000000000002
0 0.19062500000000002 0.30000000000000004 0.0625 0.109375
0 0.25078125 0.26015625000000003 0.0703125 0.1265625
0 0.628125 0.20390625 0.06875 0.1296875
0 0.578125 0.19453125000000002 0.08125 0.1296875
0 0.6687500000000001 0.2703125 0.059375000000000004 0.09375
0 0.60859375 0.27578125000000003 0.0578125 0.0890625
0 0.5789062500000001 0.27968750000000003 0.06406250000000001 0.1
0 0.6796875 0.17734375000000002 0.07500000000000001 0.1265625
0 0.6078125000000001 0.09062500000000001 0.053125000000000006 0.10312500000000001
0 0.56015625 0.07500000000000001 0.06406250000000001 0.115625
0 0.6117187500000001 0.0671875 0.0671875 0.10312500000000001
0 0.3953125 0.09531250000000001 0.053125000000000006 0.1
0 0.49765625 0.978125 0.0921875 0.040625
0 0.60703125 0.9867187500000001 0.0703125 0.0234375
0 0.91796875 0.8296875 0.1015625 0.18125000000000002
0 0.86328125 0.525 0.0921875 0.171875
0 0.9320312500000001 0.5671875000000001 0.0765625 0.140625
0 0.8984375 0.4109375 0.09062500000000001 0.153125
0 0.92109375 0.5140625 0.08281250000000001 0.15625
0 0.6742187500000001 0.5375 0.11093750000000001 0.19062500000000002
0 0.36015625 0.09765625 0.045312500000000006 0.0859375
0 0.21171875 0.8453125 0.09843750000000001 0.2
0 0.30312500000000003 0.909375 0.096875 0.178125
0 0.31796875 0.49140625000000004 0.0703125 0.1328125
0 0.8148437500000001 0.54140625 0.08281250000000001 0.1296875
0 0.10390625 0.48359375000000004 0.0734375 0.1203125
0 0.08125 0.27421875 0.0625 0.1203125
