0 0.80234375 0.5375 0.26406250000000003 0.22187500000000002
0 0.8070312500000001 0.14453125 0.2265625 0.1640625
0 0.7875000000000001 0.24531250000000002 0.209375 0.16562500000000002
0 0.66015625 0.4921875 0.2484375 0.19687500000000002
0 0.6804687500000001 0.61875 0.2390625 0.1875
0 0.9320312500000001 0.3375 0.1328125 0.15625
0 0.51484375 0.39765625000000004 0.2234375 0.17343750000000002
0 0.3375 0.61484375 0.290625 0.20468750000000002
0 0.3359375 0.4890625 0.25 0.1875
0 0.16718750000000002 0.47734375 0.26875 0.21406250000000002
0 0.95859375 0.47187500000000004 0.07968750000000001 0.16562500000000002
