0 0.13515625 0.07265625 0.1265625 0.1453125
0 0.12812500000000002 0.24453125 0.15000000000000002 0.2328125
0 0.29453125 0.2546875 0.1296875 0.19687500000000002
0 0.19921875 0.38046875 0.13593750000000002 0.2109375
0 0.31015625 0.35390625000000003 0.1234375 0.1703125
0 0.20234375000000002 0.51015625 0.1046875 0.13593750000000002
0 0.28671875 0.5640625 0.11093750000000001 0.184375
0 0.37734375000000003 0.60078125 0.1328125 0.21406250000000002
0 0.48203125 0.60078125 0.13593750000000002 0.2109375
0 0.41875 0.7546875000000001 0.140625 0.215625
0 0.5203125000000001 0.6625000000000001 0.125 0.18125000000000002
0 0.6312500000000001 0.7265625 0.140625 0.215625
0 0.53046875 0.7890625 0.1046875 0.171875
0 0.6843750000000001 0.5734375 0.09375 0.134375
0 0.7757812500000001 0.5085937500000001 0.11406250000000001 0.15781250000000002
0 0.8539062500000001 0.63671875 0.1390625 0.18906250000000002
0 0.7765625 0.77109375 0.1375 0.1796875
0 0.87109375 0.8460937500000001 0.1328125 0.1921875
0 0.91953125 0.70859375 0.09843750000000001 0.1453125
0 0.78125 0.8929687500000001 0.11875000000000001 0.1703125
0 0.87421875 0.9382812500000001 0.1078125 0.0734375
