0 0.3125 0.76484375 0.27187500000000003 0.3328125
0 0.49765625 0.6468750000000001 0.24531250000000002 0.26875
0 0.6742187500000001 0.56015625 0.2671875 0.2828125
0 0.16171875000000002 0.47421875 0.2765625 0.2859375
0 0.36796875 0.40468750000000003 0.2484375 0.284375
0 0.521875 0.3203125 0.23750000000000002 0.23750000000000002
0 0.665625 0.2234375 0.234375 0.23750000000000002
0 0.09140625000000001 0.2484375 0.1640625 0.23125
0 0.3203125 0.1765625 0.203125 0.23750000000000002
0 0.5875 0.8765625 0.296875 0.24375000000000002
0 0.7578125 0.8304687500000001 0.275 0.3359375
0 0.8914062500000001 0.696875 0.21406250000000002 0.31875000000000003
0 0.4734375 0.13046875 0.215625 0.21406250000000002
