0 0.68515625 0.8601562500000001 0.09843750000000001 0.1078125
0 0.76171875 0.8296875 0.09843750000000001 0.109375
0 0.775 0.89609375 0.09062500000000001 0.1078125
0 0.69140625 0.9007812500000001 0.0859375 0.09531250000000001
0 0.6000000000000001 0.54140625 0.09062500000000001 0.09843750000000001
0 0.6453125000000001 0.48203125 0.08125 0.08281250000000001
0 0.675 0.5546875 0.09062500000000001 0.10312500000000001
0 0.5437500000000001 0.53359375 0.07500000000000001 0.08281250000000001
0 0.55859375 0.34921875 0.0859375 0.09531250000000001
0 0.49375 0.20078125000000002 0.08750000000000001 0.0859375
0 0.51953125 0.23984375000000002 0.1015625 0.1046875
0 0.43359375 0.225 0.08281250000000001 0.09375
0 0.09609375 0.32734375000000004 0.09531250000000001 0.1046875
0 0.15937500000000002 0.37578125 0.08125 0.09531250000000001
0 0.15781250000000002 0.42734375 0.08125 0.1015625
0 0.06953125 0.43281250000000004 0.0859375 0.084375
0 0.12812500000000002 0.5625 0.09062500000000001 0.1
0 0.06484375 0.5359375000000001 0.0734375 0.10625000000000001
0 0.06953125 0.58515625 0.0734375 0.1046875
