0 0.8343750000000001 0.178125 0.24375000000000002 0.34375
0 0.6796875 0.2265625 0.20625000000000002 0.28125
0 0.56875 0.34218750000000003 0.22187500000000002 0.30000000000000004
0 0.3828125 0.36328125 0.209375 0.2921875
0 0.29140625000000003 0.44296875 0.1953125 0.3203125
0 0.21796875000000002 0.8070312500000001 0.22031250000000002 0.3359375
0 0.3921875 0.7890625 0.203125 0.321875
0 0.31875000000000003 0.8445312500000001 0.19375 0.3015625
0 0.50625 0.75703125 0.215625 0.3140625
0 0.51015625 0.49453125000000003 0.2171875 0.3296875
0 0.63046875 0.5296875 0.1453125 0.19687500000000002
0 0.79609375 0.38984375000000004 0.0859375 0.11406250000000001
0 0.9640625 0.35781250000000003 0.06875 0.13125
0 0.703125 0.5484375 0.125 0.203125
0 0.7562500000000001 0.4546875 0.09062500000000001 0.125
0 0.7664062500000001 0.6179687500000001 0.0921875 0.1421875
0 0.6984375 0.74140625 0.08750000000000001 0.13593750000000002
0 0.7523437500000001 0.7078125000000001 0.09843750000000001 0.1375
