0 0.5484375 0.49609375 0.10625000000000001 0.1609375
0 0.6265625 0.5078125 0.1125 0.15937500000000002
0 0.48828125 0.5234375 0.09531250000000001 0.13125
0 0.19453125000000002 0.15078125 0.1421875 0.2265625
0 0.375 0.109375 0.1625 0.21875
0 0.28203125 0.43593750000000003 0.1203125 0.1875
0 0.31093750000000003 0.4921875 0.1375 0.20625000000000002
0 0.2015625 0.4078125 0.11875000000000001 0.1875
0 0.2609375 0.5593750000000001 0.13125 0.215625
0 0.55234375 0.5828125000000001 0.1078125 0.16562500000000002
0 0.60703125 0.5796875 0.11093750000000001 0.15625
0 0.675 0.40234375 0.109375 0.16718750000000002
0 0.7359375 0.465625 0.125 0.203125
0 0.72578125 0.54453125 0.1046875 0.17343750000000002
0 0.7828125 0.5 0.109375 0.17500000000000002
0 0.59609375 0.69921875 0.1015625 0.1703125
0 0.7679687500000001 0.6703125000000001 0.0921875 0.140625
0 0.82421875 0.6195312500000001 0.07968750000000001 0.1234375
0 0.5953125 0.051562500000000004 0.14375000000000002 0.10312500000000001
0 0.77265625 0.05390625 0.15156250000000002 0.1078125
0 0.12890625 0.42578125 0.11406250000000001 0.1484375
0 0.12890625 0.55390625 0.1171875 0.1765625
0 0.40937500000000004 0.81015625 0.09062500000000001 0.1421875
0 0.46171875 0.8125 0.09843750000000001 0.1375
0 0.41718750000000004 0.734375 0.06875 0.09375
0 0.44921875 0.7273437500000001 0.0765625 0.09843750000000001
0 0.52265625 0.6195312500000001 0.09531250000000001 0.1453125
0 0.49453125000000003 0.9148437500000001 0.07968750000000001 0.1015625
0 0.4453125 0.921875 0.09375 0.096875
0 0.6687500000000001 0.01171875 0.134375 0.0234375
0 0.6984375 0.07265625 0.134375 0.1453125
0 0.11171875 0.66953125 0.11093750000000001 0.1640625
0 0.878125 0.34687500000000004 0.10625000000000001 0.16562500000000002
0 0.940625 0.39453125 0.115625 0.17343750000000002
0 0.9773437500000001 0.4625 0.0421875 0.14375000000000002
0 0.65546875 0.8656250000000001 0.0703125 0.1125
0 0.060937500000000006 0.5125000000000001 0.08125 0.17500000000000002
