0 0.24765625000000002 0.82578125 0.24531250000000002 0.16718750000000002
0 0.22421875000000002 0.70078125 0.2546875 0.1640625
0 0.20703125 0.5765625 0.23593750000000002 0.16562500000000002
0 0.18515625000000002 0.45156250000000003 0.2390625 0.1625
0 0.16171875000000002 0.3359375 0.24531250000000002 0.15937500000000002
0 0.13828125 0.21406250000000002 0.2234375 0.15625
0 0.11953125 0.09531250000000001 0.2390625 0.15937500000000002
0 0.26328125 0.9328125 0.2609375 0.125
0 0.46328125000000003 0.8656250000000001 0.2515625 0.171875
0 0.4390625 0.73203125 0.246875 0.1703125
0 0.40703125 0.6046875 0.2390625 0.1625
0 0.384375 0.47968750000000004 0.25 0.15937500000000002
0 0.3609375 0.35468750000000004 0.23750000000000002 0.15000000000000002
0 0.33203125 0.23046875 0.2390625 0.1546875
0 0.31015625 0.11328125 0.2421875 0.1703125
0 0.6820312500000001 0.8929687500000001 0.27968750000000003 0.1609375
0 0.65390625 0.7703125000000001 0.26406250000000003 0.178125
0 0.625 0.62890625 0.25625000000000003 0.16718750000000002
0 0.59296875 0.503125 0.2515625 0.171875
0 0.565625 0.37578125 0.25625000000000003 0.16718750000000002
0 0.53828125 0.253125 0.2578125 0.171875
0 0.509375 0.13046875 0.25625000000000003 0.16718750000000002
0 0.48828125 0.04453125 0.24531250000000002 0.0859375
0 0.8695312500000001 0.81171875 0.2515625 0.1921875
0 0.846875 0.6687500000000001 0.278125 0.184375
0 0.8171875000000001 0.53671875 0.28750000000000003 0.1765625
0 0.78828125 0.40390625 0.2828125 0.1765625
0 0.753125 0.26796875000000003 0.2625 0.17343750000000002
0 0.728125 0.13828125 0.25 0.1640625
0 0.69921875 0.053125000000000006 0.2671875 0.10312500000000001
