0 0.675 0.19687500000000002 0.42812500000000003 0.246875
0 0.6882812500000001 0.58125 0.49531250000000004 0.275
0 0.728125 0.44296875 0.403125 0.2515625
0 0.640625 0.34921875 0.340625 0.21406250000000002
0 0.39375000000000004 0.27265625 0.328125 0.2015625
0 0.2609375 0.35859375000000004 0.29375 0.2109375
0 0.39140625 0.565625 0.2765625 0.18125000000000002
0 0.35781250000000003 0.78046875 0.3125 0.2171875
0 0.6625000000000001 0.7406250000000001 0.39375000000000004 0.25
0 0.46484375 0.9476562500000001 0.31093750000000003 0.1015625
0 0.27734375 0.73046875 0.2765625 0.1703125
