0 0.21484375 0.29140625000000003 0.1234375 0.1765625
0 0.7671875 0.29375 0.10625000000000001 0.19375
0 0.8234375 0.29765625 0.07500000000000001 0.2171875
0 0.9476562500000001 0.31171875000000004 0.1015625 0.1609375
0 0.4 0.34375 0.09062500000000001 0.12812500000000002
0 0.6703125000000001 0.36875 0.11875000000000001 0.209375
0 0.7515625 0.46718750000000003 0.08750000000000001 0.084375
0 0.921875 0.4921875 0.1 0.15000000000000002
0 0.9765625 0.5015625 0.043750000000000004 0.15937500000000002
0 0.1953125 0.5015625 0.1125 0.153125
0 0.48125 0.5203125000000001 0.1 0.15937500000000002
0 0.34375 0.5265625 0.07187500000000001 0.15937500000000002
0 0.28515625 0.5421875 0.08281250000000001 0.178125
0 0.03828125 0.55 0.0765625 0.17500000000000002
0 0.76875 0.553125 0.10312500000000001 0.153125
0 0.10312500000000001 0.5703125 0.078125 0.15937500000000002
0 0.5421875 0.5750000000000001 0.08750000000000001 0.15000000000000002
0 0.68125 0.5765625 0.07500000000000001 0.146875
0 0.40937500000000004 0.5765625 0.0625 0.115625
0 0.8546875 0.58125 0.09375 0.15937500000000002
0 0.2109375 0.5828125000000001 0.037500000000000006 0.053125000000000006
0 0.25078125 0.5828125000000001 0.06406250000000001 0.12812500000000002
0 0.6125 0.59375 0.08125 0.153125
0 0.1609375 0.603125 0.065625 0.09375
0 0.9710937500000001 0.6109375 0.0546875 0.07187500000000001
0 0.496875 0.61875 0.053125000000000006 0.096875
0 0.3515625 0.62109375 0.059375000000000004 0.0765625
0 0.0546875 0.625 0.084375 0.08750000000000001
0 0.784375 0.6265625 0.0625 0.065625
0 0.1921875 0.6296875000000001 0.053125000000000006 0.065625
0 0.40390625 0.64375 0.0578125 0.06875
0 0.6703125000000001 0.65 0.0625 0.07187500000000001
0 0.23828125 0.6507812500000001 0.051562500000000004 0.0765625
0 0.36562500000000003 0.6609375000000001 0.046875 0.053125000000000006
0 0.2859375 0.6625000000000001 0.07187500000000001 0.10312500000000001
0 0.1421875 0.6671875 0.05 0.078125
0 0.46718750000000003 0.6703125000000001 0.059375000000000004 0.096875
0 0.51953125 0.675 0.051562500000000004 0.07500000000000001
0 0.82421875 0.6796875 0.051562500000000004 0.06875
0 0.34921875 0.6984375 0.051562500000000004 0.07187500000000001
0 0.22890625 0.6984375 0.045312500000000006 0.0625
0 0.9171875 0.703125 0.040625 0.07187500000000001
0 0.3875 0.7132812500000001 0.043750000000000004 0.06406250000000001
0 0.5484375 0.7140625 0.040625 0.0625
0 0.759375 0.721875 0.040625 0.07187500000000001
0 0.6765625000000001 0.7234375000000001 0.037500000000000006 0.084375
0 0.50703125 0.72578125 0.0328125 0.0484375
0 0.9 0.7250000000000001 0.040625 0.07500000000000001
0 0.60859375 0.7265625 0.045312500000000006 0.05625
0 0.7195312500000001 0.7273437500000001 0.051562500000000004 0.1046875
0 0.9390625 0.728125 0.034375 0.07500000000000001
0 0.6484375 0.7375 0.043750000000000004 0.065625
0 0.465625 0.7375 0.046875 0.046875
0 0.83125 0.7375 0.05 0.05625
0 0.9734375000000001 0.7421875 0.05 0.08750000000000001
0 0.875 0.7421875 0.053125000000000006 0.096875
0 0.5640625 0.7578125 0.034375 0.065625
0 0.33828125000000003 0.759375 0.0390625 0.059375000000000004
0 0.515625 0.759375 0.037500000000000006 0.05625
0 0.37343750000000003 0.7671875 0.040625 0.065625
0 0.6062500000000001 0.775 0.040625 0.07187500000000001
0 0.32109375 0.7921875 0.0390625 0.078125
0 0.22031250000000002 0.79453125 0.037500000000000006 0.06406250000000001
0 0.03125 0.8 0.037500000000000006 0.059375000000000004
0 0.171875 0.8015625000000001 0.043750000000000004 0.065625
0 0.4 0.8015625000000001 0.037500000000000006 0.084375
0 0.009375000000000001 0.8109375000000001 0.015625 0.0625
0 0.73046875 0.821875 0.045312500000000006 0.065625
0 0.76875 0.8234375 0.043750000000000004 0.065625
0 0.2734375 0.8296875 0.034375 0.05625
0 0.371875 0.8328125000000001 0.040625 0.059375000000000004
0 0.08515625 0.8390625 0.045312500000000006 0.065625
0 0.1171875 0.8406250000000001 0.037500000000000006 0.06875
0 0.040625 0.84375 0.043750000000000004 0.05625
0 0.23515625 0.8460937500000001 0.0328125 0.0484375
0 0.184375 0.846875 0.053125000000000006 0.05625
0 0.48828125 0.8515625 0.0328125 0.05
0 0.3125 0.8609375 0.037500000000000006 0.06875
0 0.4609375 0.86328125 0.034375 0.0484375
0 0.40625 0.8640625000000001 0.043750000000000004 0.065625
0 0.5734375 0.8671875 0.037500000000000006 0.05625
0 0.265625 0.8671875 0.037500000000000006 0.046875
0 0.03828125 0.08671875000000001 0.0734375 0.17343750000000002
0 0.15078125 0.875 0.0328125 0.0625
0 0.1 0.8773437500000001 0.03125 0.035937500000000004
0 0.51328125 0.88203125 0.0390625 0.06406250000000001
0 0.23828125 0.8875000000000001 0.0328125 0.046875
0 0.775 0.09453125000000001 0.13125 0.1640625
0 0.1 0.1375 0.1 0.15000000000000002
0 0.9476562500000001 0.14375000000000002 0.1015625 0.19375
0 0.19375 0.153125 0.184375 0.215625
0 0.5906250000000001 0.1703125 0.15937500000000002 0.21250000000000002
0 0.44375000000000003 0.20468750000000002 0.12812500000000002 0.25
0 0.0578125 0.22968750000000002 0.115625 0.2625
0 0.7140625 0.240625 0.1375 0.23125
0 0.33203125 0.2546875 0.1296875 0.259375
