0 0.12734375 0.17343750000000002 0.11406250000000001 0.134375
0 0.67109375 0.1859375 0.1796875 0.28750000000000003
0 0.0734375 0.19062500000000002 0.11875000000000001 0.1875
0 0.07578125000000001 0.30625 0.1078125 0.125
0 0.40156250000000004 0.30781250000000004 0.16562500000000002 0.28750000000000003
0 0.026562500000000003 0.3328125 0.05 0.184375
0 0.6875 0.3609375 0.08750000000000001 0.12187500000000001
0 0.790625 0.36640625000000004 0.084375 0.1203125
0 0.5242187500000001 0.4109375 0.1421875 0.2625
0 0.87421875 0.46875 0.06406250000000001 0.109375
0 0.6359375 0.47578125000000004 0.18125000000000002 0.2984375
0 0.9031250000000001 0.5671875000000001 0.0625 0.109375
0 0.44843750000000004 0.571875 0.16875 0.278125
0 0.8015625000000001 0.5890625 0.07500000000000001 0.1125
0 0.31328125 0.7117187500000001 0.0734375 0.1203125
0 0.34609375000000003 0.0765625 0.13593750000000002 0.153125
0 0.041406250000000006 0.78828125 0.08281250000000001 0.1328125
0 0.4546875 0.828125 0.07500000000000001 0.12187500000000001
0 0.4 0.8812500000000001 0.08125 0.13125
0 0.03125 0.9015625 0.0625 0.134375
0 0.46406250000000004 0.11406250000000001 0.115625 0.19062500000000002
