0 0.26640625 0.09843750000000001 0.11093750000000001 0.19687500000000002
0 0.31015625 0.4 0.0921875 0.16562500000000002
0 0.23125 0.35625 0.09375 0.15937500000000002
0 0.26796875000000003 0.515625 0.09843750000000001 0.178125
0 0.15859375 0.35390625000000003 0.0890625 0.1328125
0 0.45 0.09921875000000001 0.11875000000000001 0.19843750000000002
0 0.55859375 0.5109375 0.08281250000000001 0.153125
0 0.49375 0.525 0.078125 0.125
0 0.6335937500000001 0.546875 0.09531250000000001 0.15000000000000002
0 0.48046875 0.57734375 0.0703125 0.11406250000000001
0 0.54921875 0.60703125 0.08281250000000001 0.1296875
0 0.7000000000000001 0.45156250000000003 0.084375 0.15625
0 0.775 0.4109375 0.078125 0.1375
0 0.68359375 0.06875 0.11093750000000001 0.1375
0 0.77890625 0.11328125 0.1046875 0.18281250000000002
0 0.8539062500000001 0.08984375 0.1265625 0.1796875
0 0.9078125 0.446875 0.078125 0.1375
0 0.95859375 0.50703125 0.07968750000000001 0.1484375
0 0.9875 0.5906250000000001 0.021875000000000002 0.115625
0 0.7523437500000001 0.53046875 0.0890625 0.1765625
0 0.72578125 0.6062500000000001 0.07968750000000001 0.15625
0 0.79296875 0.5750000000000001 0.07968750000000001 0.15000000000000002
0 0.8109375000000001 0.7015625000000001 0.0625 0.109375
0 0.74921875 0.73984375 0.0703125 0.1265625
0 0.37343750000000003 0.79609375 0.06875 0.1296875
0 0.421875 0.8070312500000001 0.08125 0.1296875
0 0.3328125 0.7296875 0.059375000000000004 0.09375
0 0.39296875000000003 0.72578125 0.0578125 0.0890625
0 0.42265625 0.7203125 0.06406250000000001 0.1
0 0.3203125 0.82421875 0.07500000000000001 0.1265625
0 0.39375000000000004 0.9109375000000001 0.053125000000000006 0.10312500000000001
0 0.43984375000000003 0.925 0.06406250000000001 0.115625
0 0.38828125 0.9343750000000001 0.0671875 0.10312500000000001
0 0.6062500000000001 0.90625 0.053125000000000006 0.1
0 0.50234375 0.02109375 0.0921875 0.0421875
0 0.39453125 0.0125 0.0703125 0.025
0 0.08203125 0.1703125 0.1015625 0.18125000000000002
0 0.13828125 0.47500000000000003 0.0921875 0.171875
0 0.06796875000000001 0.43281250000000004 0.0765625 0.140625
0 0.10312500000000001 0.5890625 0.09062500000000001 0.153125
0 0.08046875 0.4859375 0.08281250000000001 0.15625
0 0.32734375000000004 0.4625 0.11093750000000001 0.19062500000000002
0 0.6414062500000001 0.90234375 0.045312500000000006 0.0859375
0 0.78828125 0.15625 0.09843750000000001 0.2
0 0.6984375 0.08984375 0.096875 0.1796875
0 0.68359375 0.5085937500000001 0.0703125 0.1328125
0 0.18515625000000002 0.45859375 0.08281250000000001 0.1296875
0 0.89609375 0.51796875 0.0734375 0.1203125
0 0.9203125000000001 0.72578125 0.0625 0.1203125
