0 0.86484375 0.07265625 0.1265625 0.1453125
0 0.8718750000000001 0.24453125 0.15000000000000002 0.2328125
0 0.7054687500000001 0.2546875 0.1296875 0.19687500000000002
0 0.80078125 0.38046875 0.13593750000000002 0.2109375
0 0.6898437500000001 0.35390625000000003 0.1234375 0.1703125
0 0.7992187500000001 0.51015625 0.1046875 0.13593750000000002
0 0.7132812500000001 0.5640625 0.11093750000000001 0.184375
0 0.62265625 0.60078125 0.1328125 0.21406250000000002
0 0.51796875 0.60078125 0.13593750000000002 0.2109375
0 0.5828125000000001 0.7546875000000001 0.140625 0.215625
0 0.48125 0.6625000000000001 0.125 0.18125000000000002
0 0.36875 0.7265625 0.140625 0.215625
0 0.46953125 0.7890625 0.1046875 0.171875
0 0.31562500000000004 0.5734375 0.09375 0.134375
0 0.22578125000000002 0.5085937500000001 0.11406250000000001 0.15781250000000002
0 0.14765625000000002 0.63671875 0.1390625 0.18906250000000002
0 0.2234375 0.77109375 0.1375 0.1796875
0 0.13046875 0.8460937500000001 0.1328125 0.1921875
0 0.08046875 0.70859375 0.09843750000000001 0.1453125
0 0.21875 0.8929687500000001 0.11875000000000001 0.1703125
0 0.12734375 0.9382812500000001 0.1078125 0.0734375
