0 0.70703125 0.29531250000000003 0.0546875 0.09375
0 0.65 0.31015625 0.065625 0.1265625
0 0.3796875 0.39140625 0.05625 0.11406250000000001
0 0.43359375 0.415625 0.0703125 0.125
0 0.8203125 0.42421875000000003 0.065625 0.1390625
0 0.45625000000000004 0.46484375 0.0625 0.1234375
0 0.90390625 0.49453125000000003 0.0484375 0.0765625
0 0.53671875 0.496875 0.0546875 0.10312500000000001
0 0.8539062500000001 0.52578125 0.060937500000000006 0.1046875
0 0.41250000000000003 0.5671875000000001 0.05 0.084375
0 0.609375 0.603125 0.05 0.084375
0 0.36875 0.6109375 0.05 0.09062500000000001
0 0.14375000000000002 0.62890625 0.05 0.0734375
0 0.6156250000000001 0.6781250000000001 0.046875 0.08750000000000001
0 0.3765625 0.690625 0.05 0.09375
0 0.22187500000000002 0.70078125 0.07187500000000001 0.1265625
0 0.1625 0.7109375 0.06875 0.11875000000000001
0 0.56875 0.7406250000000001 0.037500000000000006 0.07500000000000001
0 0.6000000000000001 0.7468750000000001 0.040625 0.08125
0 0.7718750000000001 0.7515625 0.037500000000000006 0.07187500000000001
0 0.8851562500000001 0.8445312500000001 0.045312500000000006 0.07968750000000001
0 0.3765625 0.8679687500000001 0.05 0.07968750000000001
0 0.8500000000000001 0.8914062500000001 0.05 0.09843750000000001
0 0.8734375000000001 0.90390625 0.059375000000000004 0.0734375
0 0.8375 0.91953125 0.046875 0.045312500000000006
