0 0.6171875 0.8359375 0.34687500000000004 0.284375
0 0.6375000000000001 0.6375000000000001 0.28750000000000003 0.23750000000000002
0 0.8679687500000001 0.85859375 0.24531250000000002 0.1859375
0 0.34453125 0.7781250000000001 0.3953125 0.30625
0 0.39296875000000003 0.55625 0.30781250000000004 0.259375
0 0.43046875 0.36875 0.3015625 0.26875
0 0.6820312500000001 0.44296875 0.2921875 0.24531250000000002
0 0.8625 0.58984375 0.22812500000000002 0.0484375
0 0.49453125000000003 0.18125000000000002 0.29531250000000003 0.253125
0 0.7296875 0.27187500000000003 0.253125 0.234375
0 0.14453125 0.5867187500000001 0.2859375 0.3015625
0 0.16484375 0.38593750000000004 0.32656250000000003 0.30625
0 0.2265625 0.17265625 0.359375 0.2765625
0 0.05234375 0.19062500000000002 0.1015625 0.234375
0 0.8796875000000001 0.41328125000000004 0.2 0.2078125
