0 0.8695312500000001 0.046875 0.15781250000000002 0.09375
0 0.878125 0.07265625 0.1625 0.1453125
0 0.8445312500000001 0.28828125 0.09843750000000001 0.1640625
0 0.6625000000000001 0.5671875000000001 0.415625 0.665625
0 0.74921875 0.47187500000000004 0.27968750000000003 0.525
0 0.4609375 0.171875 0.15625 0.253125
0 0.16953125000000002 0.5515625000000001 0.1203125 0.19687500000000002
0 0.08203125 0.6531250000000001 0.1015625 0.234375
0 0.15625 0.86875 0.084375 0.15625
0 0.2765625 0.4625 0.27187500000000003 0.4375
0 0.5085937500000001 0.5242187500000001 0.27968750000000003 0.49531250000000004
0 0.4265625 0.56484375 0.215625 0.4453125
0 0.48671875000000003 0.08359375000000001 0.1234375 0.16718750000000002
0 0.22968750000000002 0.721875 0.07187500000000001 0.125
