0 0.29531250000000003 0.4265625 0.23750000000000002 0.2625
0 0.21484375 0.49375 0.2609375 0.29375
0 0.4546875 0.5125000000000001 0.25625000000000003 0.30000000000000004
0 0.5710937500000001 0.37421875000000004 0.2578125 0.2515625
0 0.6664062500000001 0.24531250000000002 0.2328125 0.246875
0 0.78671875 0.3296875 0.24531250000000002 0.259375
0 0.609375 0.48359375000000004 0.203125 0.2484375
0 0.73984375 0.43281250000000004 0.2109375 0.19687500000000002
0 0.8523437500000001 0.08281250000000001 0.16718750000000002 0.1375
0 0.953125 0.125 0.09062500000000001 0.15937500000000002
0 0.8640625000000001 0.14453125 0.1625 0.1703125
0 0.7734375 0.51875 0.19062500000000002 0.15937500000000002
0 0.6921875000000001 0.6531250000000001 0.16562500000000002 0.184375
0 0.7898437500000001 0.5734375 0.1796875 0.20625000000000002
