0 0.7296875 0.71015625 0.290625 0.15156250000000002
0 0.70078125 0.7921875 0.2484375 0.115625
0 0.6359375 0.5476562500000001 0.15000000000000002 0.1015625
0 0.553125 0.40546875000000004 0.275 0.15781250000000002
0 0.48125 0.309375 0.265625 0.140625
0 0.45937500000000003 0.47265625 0.240625 0.1390625
0 0.44296875 0.23046875 0.1609375 0.06406250000000001
0 0.44296875 0.1609375 0.13593750000000002 0.084375
0 0.4421875 0.71015625 0.25 0.15156250000000002
0 0.321875 0.42578125 0.1125 0.0578125
0 0.3140625 0.66015625 0.140625 0.08281250000000001
0 0.29140625000000003 0.58359375 0.1421875 0.0765625
0 0.290625 0.73046875 0.09375 0.051562500000000004
0 0.21640625000000002 0.7898437500000001 0.051562500000000004 0.029687500000000002
0 0.18203125 0.7015625000000001 0.0734375 0.037500000000000006
0 0.18281250000000002 0.47187500000000004 0.06875 0.034375
0 0.16562500000000002 0.19921875 0.07500000000000001 0.0484375
0 0.11093750000000001 0.21328125 0.08750000000000001 0.0484375
0 0.06953125 0.27187500000000003 0.0859375 0.040625
