0 0.66328125 0.8367187500000001 0.3296875 0.22968750000000002
0 0.6156250000000001 0.45546875000000003 0.421875 0.2734375
0 0.5703125 0.659375 0.39375000000000004 0.253125
0 0.521875 0.27968750000000003 0.415625 0.259375
0 0.33671875 0.21875 0.2484375 0.171875
0 0.2921875 0.10625000000000001 0.240625 0.15625
0 0.22187500000000002 0.478125 0.125 0.09062500000000001
0 0.19765625 0.23125 0.1265625 0.10312500000000001
0 0.19375 0.31328125 0.115625 0.1046875
0 0.18125000000000002 0.43515625 0.11875000000000001 0.09531250000000001
0 0.8125 0.84765625 0.309375 0.2578125
0 0.7742187500000001 0.6531250000000001 0.3046875 0.209375
