0 0.6125 0.8148437500000001 0.1 0.1421875
0 0.7039062500000001 0.759375 0.1015625 0.15625
0 0.5625 0.78125 0.09375 0.153125
0 0.6585937500000001 0.7039062500000001 0.09843750000000001 0.1703125
0 0.7828125 0.74375 0.115625 0.17500000000000002
0 0.86640625 0.753125 0.1171875 0.15937500000000002
0 0.92109375 0.71015625 0.1078125 0.16718750000000002
0 0.9734375000000001 0.6218750000000001 0.05 0.15937500000000002
0 0.9632812500000001 0.43984375000000003 0.0703125 0.1296875
0 0.9203125000000001 0.46406250000000004 0.08125 0.12187500000000001
0 0.86484375 0.45546875000000003 0.0859375 0.1296875
0 0.6804687500000001 0.58828125 0.0859375 0.1203125
0 0.7125 0.52734375 0.084375 0.1265625
0 0.42500000000000004 0.8484375000000001 0.115625 0.1875
0 0.37890625 0.921875 0.1296875 0.11875000000000001
0 0.25859375 0.89375 0.1078125 0.15937500000000002
0 0.3328125 0.85546875 0.10625000000000001 0.1546875
0 0.18281250000000002 0.86640625 0.09375 0.1484375
0 0.15156250000000002 0.8187500000000001 0.10312500000000001 0.15937500000000002
0 0.6453125000000001 0.5437500000000001 0.08125 0.12812500000000002
0 0.753125 0.53515625 0.078125 0.1234375
0 0.55234375 0.49531250000000004 0.06406250000000001 0.1
0 0.50546875 0.5007812500000001 0.06406250000000001 0.0921875
0 0.553125 0.6375000000000001 0.08125 0.12187500000000001
0 0.5015625 0.6804687500000001 0.07500000000000001 0.1171875
0 0.453125 0.68359375 0.06875 0.1078125
0 0.38906250000000003 0.68359375 0.09062500000000001 0.1390625
0 0.421875 0.7546875000000001 0.084375 0.115625
0 0.3484375 0.73359375 0.084375 0.11093750000000001
0 0.23984375000000002 0.6218750000000001 0.08281250000000001 0.1125
0 0.14609375 0.628125 0.0703125 0.10312500000000001
0 0.09609375 0.6328125 0.0734375 0.10312500000000001
0 0.7468750000000001 0.3953125 0.07500000000000001 0.109375
0 0.6976562500000001 0.41718750000000004 0.0546875 0.08125
0 0.6234375000000001 0.42890625000000004 0.065625 0.09531250000000001
0 0.36328125 0.53671875 0.060937500000000006 0.09531250000000001
0 0.11171875 0.51875 0.0578125 0.08750000000000001
