0 0.12812500000000002 0.7203125 0.24375000000000002 0.234375
0 0.85859375 0.359375 0.1546875 0.140625
0 0.8671875 0.60859375 0.1375 0.15781250000000002
0 0.8046875 0.7640625000000001 0.15937500000000002 0.171875
0 0.7734375 0.215625 0.153125 0.153125
0 0.7828125 0.49531250000000004 0.153125 0.153125
0 0.7265625 0.6359375 0.1625 0.15000000000000002
0 0.64765625 0.79453125 0.1703125 0.17343750000000002
0 0.6335937500000001 0.50625 0.16718750000000002 0.1875
0 0.6195312500000001 0.21250000000000002 0.1640625 0.178125
0 0.565625 0.65546875 0.1875 0.17343750000000002
0 0.53359375 0.36171875000000003 0.18281250000000002 0.17343750000000002
0 0.45703125 0.515625 0.1953125 0.18125000000000002
0 0.46875 0.8460937500000001 0.184375 0.22968750000000002
0 0.43359375 0.19453125000000002 0.1953125 0.2015625
0 0.36328125 0.6843750000000001 0.2015625 0.19062500000000002
0 0.33828125000000003 0.3453125 0.2109375 0.19687500000000002
0 0.9328125 0.7359375 0.13125 0.15937500000000002
0 0.9265625000000001 0.4859375 0.1375 0.13125
0 0.91328125 0.22812500000000002 0.1328125 0.15625
0 0.2484375 0.875 0.234375 0.21250000000000002
0 0.22812500000000002 0.5265625 0.24375000000000002 0.19687500000000002
0 0.2109375 0.16640625 0.21250000000000002 0.22031250000000002
