0 0.24921875000000002 0.8695312500000001 0.2109375 0.1921875
0 0.0859375 0.821875 0.171875 0.2
0 0.321875 0.83515625 0.178125 0.1640625
0 0.053125000000000006 0.7664062500000001 0.10625000000000001 0.1484375
0 0.6734375 0.8187500000000001 0.134375 0.16562500000000002
0 0.8656250000000001 0.92578125 0.1375 0.1453125
0 0.503125 0.90234375 0.12812500000000002 0.16718750000000002
0 0.46953125 0.84921875 0.0859375 0.1390625
0 0.57265625 0.8093750000000001 0.0921875 0.10312500000000001
0 0.76328125 0.8539062500000001 0.11406250000000001 0.1390625
0 0.8445312500000001 0.878125 0.1078125 0.134375
0 0.91796875 0.86484375 0.035937500000000004 0.0765625
0 0.73828125 0.76171875 0.1015625 0.1171875
0 0.30078125 0.22031250000000002 0.051562500000000004 0.05625
0 0.33125000000000004 0.23125 0.046875 0.05625
0 0.2890625 0.28750000000000003 0.05 0.0625
0 0.33203125 0.2515625 0.0421875 0.053125000000000006
0 0.29375 0.2546875 0.046875 0.043750000000000004
0 0.78125 0.328125 0.046875 0.053125000000000006
0 0.696875 0.38203125000000004 0.05 0.060937500000000006
0 0.67109375 0.36015625 0.035937500000000004 0.0484375
0 0.7390625000000001 0.33671875 0.05 0.060937500000000006
0 0.71796875 0.371875 0.0421875 0.043750000000000004
0 0.6976562500000001 0.34453125 0.0390625 0.045312500000000006
