0 0.44062500000000004 0.54296875 0.184375 0.24531250000000002
0 0.64453125 0.5703125 0.1921875 0.234375
0 0.8109375000000001 0.5171875 0.178125 0.22812500000000002
0 0.9007812500000001 0.63828125 0.1453125 0.2015625
0 0.7664062500000001 0.6703125000000001 0.1796875 0.225
0 0.6687500000000001 0.47187500000000004 0.15937500000000002 0.16562500000000002
0 0.53671875 0.53046875 0.1453125 0.2109375
0 0.6171875 0.7125 0.203125 0.21250000000000002
0 0.30000000000000004 0.52265625 0.19062500000000002 0.2609375
0 0.16328125000000002 0.55390625 0.17343750000000002 0.2234375
0 0.14453125 0.41015625 0.16718750000000002 0.2078125
0 0.060937500000000006 0.5328125 0.12187500000000001 0.21250000000000002
0 0.04609375 0.7796875000000001 0.0921875 0.23125
