0 0.27968750000000003 0.8734375000000001 0.234375 0.24375000000000002
0 0.640625 0.14296875 0.140625 0.1546875
0 0.39296875000000003 0.1328125 0.15781250000000002 0.1375
0 0.23750000000000002 0.19687500000000002 0.171875 0.15937500000000002
0 0.784375 0.2265625 0.153125 0.153125
0 0.5046875000000001 0.2171875 0.153125 0.153125
0 0.3640625 0.2734375 0.15000000000000002 0.1625
0 0.20703125 0.35234375 0.17343750000000002 0.1703125
0 0.49531250000000004 0.36640625000000004 0.1875 0.16718750000000002
0 0.7890625 0.38203125000000004 0.178125 0.1640625
0 0.34609375000000003 0.43593750000000003 0.17343750000000002 0.1875
0 0.63984375 0.46640625 0.17343750000000002 0.18281250000000002
0 0.484375 0.54453125 0.18125000000000002 0.1953125
0 0.15390625000000002 0.5328125 0.22968750000000002 0.184375
0 0.8070312500000001 0.56640625 0.2015625 0.1953125
0 0.3171875 0.63671875 0.19062500000000002 0.2015625
0 0.6546875000000001 0.66171875 0.19687500000000002 0.2109375
0 0.26406250000000003 0.06796875000000001 0.15937500000000002 0.1328125
0 0.515625 0.07500000000000001 0.13125 0.1375
0 0.7718750000000001 0.08671875000000001 0.15625 0.1328125
0 0.125 0.7515625 0.21250000000000002 0.234375
0 0.4734375 0.7718750000000001 0.19687500000000002 0.24375000000000002
0 0.83359375 0.7890625 0.22031250000000002 0.21250000000000002
