0 0.8031250000000001 0.20546875 0.053125000000000006 0.0421875
0 0.8070312500000001 0.18671875000000002 0.0546875 0.0390625
0 0.91328125 0.30625 0.0546875 0.043750000000000004
0 0.91796875 0.33828125000000003 0.06406250000000001 0.045312500000000006
0 0.946875 0.328125 0.037500000000000006 0.03125
0 0.9539062500000001 0.3875 0.060937500000000006 0.05
0 0.9375 0.40468750000000003 0.05625 0.040625
0 0.7984375 0.3296875 0.059375000000000004 0.040625
0 0.7914062500000001 0.3046875 0.0484375 0.034375
0 0.5796875 0.2109375 0.059375000000000004 0.043750000000000004
0 0.565625 0.22578125000000002 0.053125000000000006 0.0390625
0 0.9789062500000001 0.625 0.0390625 0.059375000000000004
0 0.9617187500000001 0.68671875 0.0734375 0.06406250000000001
0 0.6875 0.5632812500000001 0.07500000000000001 0.051562500000000004
0 0.63046875 0.5609375 0.0765625 0.05625
0 0.63671875 0.49140625000000004 0.0578125 0.0421875
0 0.9484375 0.7625000000000001 0.078125 0.05625
0 0.675 0.70625 0.043750000000000004 0.037500000000000006
0 0.5265625 0.6820312500000001 0.06875 0.0546875
0 0.5625 0.6976562500000001 0.06875 0.0546875
0 0.51484375 0.7515625 0.0703125 0.046875
0 0.4734375 0.77109375 0.078125 0.0546875
0 0.78046875 0.83515625 0.060937500000000006 0.0484375
0 0.7718750000000001 0.7921875 0.059375000000000004 0.043750000000000004
0 0.7828125 0.90234375 0.05625 0.0421875
0 0.8187500000000001 0.915625 0.053125000000000006 0.040625
0 0.8296875 0.8828125 0.053125000000000006 0.037500000000000006
0 0.821875 0.85859375 0.037500000000000006 0.029687500000000002
0 0.434375 0.84296875 0.0625 0.045312500000000006
0 0.5265625 0.23203125000000002 0.065625 0.051562500000000004
