0 0.203125 0.17500000000000002 0.115625 0.115625
0 0.296875 0.1640625 0.140625 0.19375
0 0.1015625 0.546875 0.10312500000000001 0.05625
0 0.74140625 0.5398437500000001 0.1171875 0.16718750000000002
0 0.26328125 0.31562500000000004 0.1390625 0.153125
0 0.66015625 0.89375 0.11093750000000001 0.059375000000000004
0 0.8406250000000001 0.759375 0.140625 0.203125
0 0.8 0.6078125000000001 0.14375000000000002 0.16875
0 0.93125 0.7468750000000001 0.109375 0.19375
0 0.584375 0.9078125 0.115625 0.18125000000000002
0 0.051562500000000004 0.6296875000000001 0.10312500000000001 0.16875
