0 0.09375 0.384375 0.109375 0.178125
0 0.209375 0.54140625 0.1125 0.1953125
0 0.18281250000000002 0.45703125 0.09375 0.1796875
0 0.17109375000000002 0.54921875 0.09531250000000001 0.15781250000000002
0 0.328125 0.6273437500000001 0.115625 0.2171875
0 0.2984375 0.48515625 0.1125 0.1921875
0 0.3296875 0.37734375000000003 0.053125000000000006 0.0671875
0 0.29531250000000003 0.3296875 0.046875 0.08125
0 0.26875 0.38671875 0.046875 0.09843750000000001
0 0.30234375 0.2859375 0.0421875 0.07500000000000001
0 0.4859375 0.2703125 0.06875 0.12187500000000001
0 0.45546875000000003 0.2890625 0.06406250000000001 0.1125
0 0.603125 0.31093750000000003 0.10312500000000001 0.15625
0 0.6742187500000001 0.4234375 0.1015625 0.171875
0 0.57578125 0.375 0.0921875 0.15000000000000002
0 0.76484375 0.42421875000000003 0.1078125 0.1765625
0 0.8914062500000001 0.48046875 0.1078125 0.18281250000000002
0 0.8453125 0.39296875000000003 0.10312500000000001 0.1765625
0 0.9382812500000001 0.53671875 0.1203125 0.2421875
0 0.98828125 0.6531250000000001 0.0203125 0.265625
0 0.971875 0.63046875 0.053125000000000006 0.2171875
0 0.7640625000000001 0.30625 0.084375 0.115625
0 0.71640625 0.25859375 0.0671875 0.1265625
0 0.5734375 0.20390625 0.065625 0.1296875
0 0.6125 0.11093750000000001 0.046875 0.1
0 0.6609375000000001 0.08359375000000001 0.05 0.0859375
0 0.67578125 0.039843750000000004 0.0578125 0.0765625
0 0.34921875 0.21796875000000002 0.045312500000000006 0.0703125
0 0.27421875 0.11796875000000001 0.045312500000000006 0.08281250000000001
0 0.32890625 0.09765625 0.051562500000000004 0.0703125
0 0.26640625 0.20703125 0.0390625 0.0890625
0 0.915625 0.6312500000000001 0.096875 0.1625
0 0.6687500000000001 0.2515625 0.065625 0.140625
0 0.41718750000000004 0.18906250000000002 0.046875 0.07500000000000001
0 0.32265625000000003 0.28828125 0.0421875 0.06406250000000001
0 0.3046875 0.05078125 0.040625 0.0734375
0 0.21171875 0.1546875 0.0328125 0.053125000000000006
0 0.23750000000000002 0.16484375 0.03125 0.0421875
0 0.10234375000000001 0.1421875 0.029687500000000002 0.053125000000000006
0 0.0765625 0.146875 0.03125 0.05
0 0.059375000000000004 0.15781250000000002 0.021875000000000002 0.043750000000000004
