0 0.42812500000000003 0.6687500000000001 0.28125 0.20625000000000002
0 0.41640625000000003 0.52265625 0.2609375 0.22031250000000002
0 0.665625 0.8734375000000001 0.284375 0.19375
0 0.7406250000000001 0.7890625 0.284375 0.19375
0 0.7250000000000001 0.6734375 0.27187500000000003 0.215625
0 0.75390625 0.51953125 0.2734375 0.20468750000000002
0 0.5625 0.41015625 0.28750000000000003 0.2109375
0 0.47734375 0.28515625 0.2578125 0.2265625
0 0.43671875000000004 0.1125 0.2484375 0.203125
0 0.43828125 0.014843750000000001 0.23593750000000002 0.026562500000000003
0 0.6312500000000001 0.09921875000000001 0.1 0.08281250000000001
0 0.690625 0.20390625 0.15625 0.11093750000000001
0 0.62890625 0.27578125000000003 0.1921875 0.1609375
0 0.7125 0.30312500000000003 0.16562500000000002 0.140625
0 0.8187500000000001 0.28046875 0.115625 0.0890625
0 0.8171875000000001 0.20859375000000002 0.109375 0.09843750000000001
0 0.759375 0.15937500000000002 0.115625 0.09375
0 0.7054687500000001 0.1421875 0.0890625 0.084375
0 0.60078125 0.03359375 0.0921875 0.06406250000000001
