0 0.703125 0.10546875 0.15625 0.2109375
0 0.68515625 0.30078125 0.1703125 0.2109375
0 0.53671875 0.246875 0.15156250000000002 0.20625000000000002
0 0.40234375 0.371875 0.1703125 0.225
0 0.2171875 0.35859375000000004 0.134375 0.20468750000000002
0 0.1171875 0.4 0.125 0.178125
0 0.03359375 0.53515625 0.0671875 0.19843750000000002
0 0.1 0.525 0.125 0.1875
0 0.18671875000000002 0.5320312500000001 0.11093750000000001 0.1859375
0 0.25390625 0.40703125 0.15156250000000002 0.19843750000000002
0 0.32890625 0.66015625 0.1046875 0.1421875
0 0.40390625 0.6359375 0.09843750000000001 0.12812500000000002
0 0.42812500000000003 0.46875 0.16875 0.19062500000000002
