0 0.58828125 0.3203125 0.07968750000000001 0.078125
0 0.690625 0.33437500000000003 0.078125 0.084375
0 0.7601562500000001 0.34609375000000003 0.0859375 0.07968750000000001
0 0.6898437500000001 0.1953125 0.09843750000000001 0.096875
0 0.7765625 0.20546875 0.096875 0.1015625
0 0.8234375 0.21171875 0.084375 0.0921875
0 0.75546875 0.23671875 0.0859375 0.0890625
0 0.784375 0.36250000000000004 0.0625 0.0625
0 0.8390625 0.36484375 0.065625 0.06406250000000001
0 0.75703125 0.41250000000000003 0.0671875 0.065625
0 0.83203125 0.44453125000000004 0.0765625 0.0671875
0 0.48671875000000003 0.44375000000000003 0.060937500000000006 0.06875
0 0.5625 0.44921875 0.065625 0.0703125
0 0.61875 0.46796875000000004 0.07187500000000001 0.0671875
0 0.79609375 0.49375 0.060937500000000006 0.059375000000000004
0 0.7828125 0.43046875 0.059375000000000004 0.060937500000000006
0 0.32109375 0.5484375 0.0546875 0.059375000000000004
0 0.41328125000000004 0.52734375 0.0578125 0.0578125
0 0.4609375 0.540625 0.0625 0.0625
0 0.5375 0.56953125 0.046875 0.0484375
0 0.5710937500000001 0.57734375 0.051562500000000004 0.051562500000000004
0 0.59921875 0.58515625 0.0578125 0.0578125
0 0.64453125 0.56484375 0.060937500000000006 0.060937500000000006
0 0.6859375000000001 0.5390625 0.0625 0.0625
0 0.73359375 0.53671875 0.060937500000000006 0.0671875
0 0.7820312500000001 0.53359375 0.06406250000000001 0.060937500000000006
0 0.83125 0.5234375 0.05625 0.05625
0 0.8382812500000001 0.5593750000000001 0.0546875 0.037500000000000006
0 0.6953125 0.56796875 0.053125000000000006 0.060937500000000006
0 0.7367187500000001 0.5671875000000001 0.0578125 0.059375000000000004
0 0.78515625 0.5578125 0.051562500000000004 0.05
0 0.81640625 0.58125 0.0484375 0.046875
0 0.5484375 0.6171875 0.043750000000000004 0.046875
0 0.5867187500000001 0.66796875 0.0390625 0.0390625
0 0.5765625 0.6312500000000001 0.037500000000000006 0.043750000000000004
0 0.53359375 0.6109375 0.0421875 0.043750000000000004
0 0.74921875 0.6078125000000001 0.0421875 0.040625
0 0.70625 0.59609375 0.046875 0.045312500000000006
0 0.68125 0.603125 0.043750000000000004 0.05
0 0.46406250000000004 0.64765625 0.043750000000000004 0.0484375
0 0.39687500000000003 0.0578125 0.10312500000000001 0.05625
0 0.4765625 0.09296875 0.12812500000000002 0.1234375
0 0.4390625 0.153125 0.096875 0.11875000000000001
0 0.37734375000000003 0.16640625 0.1015625 0.1046875
0 0.2890625 0.184375 0.109375 0.1
0 0.39140625 0.2390625 0.0890625 0.1
0 0.3515625 0.2078125 0.096875 0.10625000000000001
0 0.3125 0.25234375000000003 0.096875 0.1171875
0 0.2765625 0.25546875 0.084375 0.09843750000000001
0 0.32656250000000003 0.328125 0.08125 0.08125
0 0.27968750000000003 0.36640625000000004 0.09062500000000001 0.0859375
0 0.37031250000000004 0.3921875 0.07500000000000001 0.07187500000000001
0 0.3046875 0.41015625 0.07500000000000001 0.07968750000000001
0 0.3609375 0.42890625000000004 0.078125 0.08281250000000001
0 0.3296875 0.44375000000000003 0.059375000000000004 0.059375000000000004
0 0.29765625 0.6531250000000001 0.0421875 0.043750000000000004
0 0.33515625000000004 0.65 0.045312500000000006 0.043750000000000004
0 0.353125 0.6742187500000001 0.046875 0.0484375
0 0.38984375000000004 0.68125 0.0421875 0.046875
0 0.42109375000000004 0.6687500000000001 0.045312500000000006 0.046875
0 0.4890625 0.6843750000000001 0.034375 0.040625
0 0.51796875 0.67734375 0.0328125 0.0390625
0 0.546875 0.6828125 0.040625 0.037500000000000006
0 0.31328125 0.69453125 0.0421875 0.0390625
0 0.2828125 0.68671875 0.034375 0.0390625
0 0.415625 0.71796875 0.03125 0.035937500000000004
0 0.4375 0.7125 0.037500000000000006 0.040625
0 0.4625 0.7156250000000001 0.03125 0.034375
0 0.48203125 0.7156250000000001 0.035937500000000004 0.040625
0 0.553125 0.71015625 0.028125 0.029687500000000002
0 0.5390625 0.7156250000000001 0.03125 0.03125
0 0.5265625 0.73046875 0.03125 0.029687500000000002
0 0.30703125000000003 0.73984375 0.0328125 0.0328125
0 0.26015625000000003 0.73046875 0.0390625 0.0390625
0 0.22265625 0.7375 0.0421875 0.040625
0 0.3328125 0.7445312500000001 0.03125 0.0328125
0 0.3125 0.72578125 0.028125 0.0234375
0 0.34687500000000004 0.7703125000000001 0.03125 0.03125
0 0.36328125 0.7562500000000001 0.026562500000000003 0.028125
0 0.3875 0.7523437500000001 0.028125 0.029687500000000002
0 0.3875 0.7367187500000001 0.028125 0.0234375
0 0.42031250000000003 0.7468750000000001 0.034375 0.037500000000000006
0 0.4453125 0.75703125 0.034375 0.0390625
0 0.49062500000000003 0.75390625 0.028125 0.029687500000000002
0 0.5140625 0.75390625 0.028125 0.029687500000000002
0 0.5390625 0.74609375 0.028125 0.029687500000000002
0 0.34609375000000003 0.8070312500000001 0.0328125 0.0328125
0 0.371875 0.8148437500000001 0.028125 0.0328125
0 0.34375 0.82421875 0.028125 0.029687500000000002
0 0.30234375 0.78515625 0.0328125 0.0328125
0 0.26328125 0.7757812500000001 0.0328125 0.0328125
0 0.23671875 0.7796875000000001 0.0328125 0.034375
0 0.46953125 0.76953125 0.026562500000000003 0.026562500000000003
0 0.5085937500000001 0.79453125 0.029687500000000002 0.029687500000000002
0 0.48515625 0.7921875 0.026562500000000003 0.03125
0 0.56640625 0.7984375 0.026562500000000003 0.028125
0 0.45625000000000004 0.8132812500000001 0.025 0.0234375
0 0.5984375000000001 0.775 0.025 0.018750000000000003
0 0.57578125 0.790625 0.029687500000000002 0.025
0 0.5890625 0.8 0.025 0.028125
0 0.6023437500000001 0.79453125 0.026562500000000003 0.026562500000000003
0 0.52578125 0.7953125000000001 0.029687500000000002 0.03125
0 0.54140625 0.7898437500000001 0.0203125 0.026562500000000003
0 0.53671875 0.8203125 0.0203125 0.021875000000000002
0 0.5593750000000001 0.8375 0.025 0.025
0 0.5296875 0.86328125 0.021875000000000002 0.0234375
0 0.5398437500000001 0.8539062500000001 0.0234375 0.0203125
0 0.4375 0.7828125 0.03125 0.028125
0 0.40859375000000003 0.78125 0.0328125 0.034375
0 0.14765625000000002 0.753125 0.0421875 0.040625
0 0.18515625000000002 0.7546875000000001 0.035937500000000004 0.040625
0 0.20625000000000002 0.7742187500000001 0.034375 0.035937500000000004
0 0.10625000000000001 0.753125 0.040625 0.040625
0 0.07734375 0.690625 0.051562500000000004 0.05
0 0.1640625 0.65625 0.05 0.05
0 0.12578125 0.6375000000000001 0.0546875 0.053125000000000006
0 0.16640625 0.67109375 0.0484375 0.051562500000000004
0 0.09921875000000001 0.65234375 0.0484375 0.0484375
0 0.030468750000000003 0.16796875 0.060937500000000006 0.1015625
0 0.10625000000000001 0.18359375 0.10625000000000001 0.0859375
0 0.13359375 0.21484375 0.0890625 0.09531250000000001
0 0.0578125 0.22031250000000002 0.096875 0.1
0 0.025 0.29921875000000003 0.05 0.08281250000000001
0 0.032031250000000004 0.3203125 0.06406250000000001 0.09062500000000001
0 0.0859375 0.35781250000000003 0.08125 0.078125
0 0.12187500000000001 0.371875 0.08125 0.084375
0 0.07734375 0.38984375000000004 0.07968750000000001 0.08281250000000001
0 0.11328125 0.40546875000000004 0.0671875 0.0703125
0 0.0921875 0.46875 0.06875 0.065625
0 0.05234375 0.4765625 0.0671875 0.06875
0 0.11875000000000001 0.48515625 0.06875 0.0703125
0 0.025781250000000002 0.5265625 0.051562500000000004 0.06875
0 0.041406250000000006 0.553125 0.060937500000000006 0.0625
0 0.014843750000000001 0.5609375 0.029687500000000002 0.05625
0 0.02109375 0.6492187500000001 0.0421875 0.0421875
0 0.02734375 0.6781250000000001 0.0484375 0.046875
0 0.0203125 0.8375 0.028125 0.037500000000000006
0 0.0671875 0.79453125 0.037500000000000006 0.035937500000000004
0 0.04609375 0.7585937500000001 0.0390625 0.0390625
0 0.0765625 0.7578125 0.034375 0.043750000000000004
0 0.26406250000000003 0.78828125 0.028125 0.0234375
0 0.23593750000000002 0.7992187500000001 0.03125 0.029687500000000002
0 0.67578125 0.69453125 0.035937500000000004 0.0390625
0 0.6570312500000001 0.634375 0.045312500000000006 0.043750000000000004
0 0.6039062500000001 0.6328125 0.035937500000000004 0.040625
0 0.6976562500000001 0.6625000000000001 0.035937500000000004 0.043750000000000004
0 0.80078125 0.6671875 0.045312500000000006 0.040625
0 0.76328125 0.6703125000000001 0.0421875 0.034375
0 0.7273437500000001 0.69453125 0.045312500000000006 0.0390625
0 0.6976562500000001 0.6984375 0.0328125 0.040625
0 0.7820312500000001 0.6859375000000001 0.045312500000000006 0.043750000000000004
0 0.8265625000000001 0.7078125000000001 0.03125 0.034375
0 0.79609375 0.7515625 0.026562500000000003 0.028125
0 0.68515625 0.72578125 0.029687500000000002 0.035937500000000004
0 0.6351562500000001 0.72578125 0.0390625 0.035937500000000004
0 0.64375 0.70625 0.037500000000000006 0.040625
0 0.6570312500000001 0.696875 0.0328125 0.040625
0 0.63984375 0.8109375000000001 0.0234375 0.028125
0 0.6531250000000001 0.79453125 0.025 0.026562500000000003
0 0.6703125000000001 0.7890625 0.021875000000000002 0.028125
0 0.6890625 0.784375 0.025 0.025
0 0.8835937500000001 0.31484375000000003 0.0734375 0.0703125
0 0.89765625 0.42109375000000004 0.0671875 0.06406250000000001
0 0.9500000000000001 0.353125 0.05625 0.07187500000000001
0 0.8929687500000001 0.46718750000000003 0.06406250000000001 0.0625
0 0.94296875 0.44375000000000003 0.0734375 0.0625
0 0.87421875 0.6265625 0.0421875 0.043750000000000004
0 0.8671875 0.65625 0.040625 0.040625
0 0.89765625 0.6531250000000001 0.0484375 0.043750000000000004
0 0.89609375 0.66953125 0.0421875 0.0390625
0 0.85546875 0.7109375 0.0328125 0.03125
0 0.9015625 0.69921875 0.03125 0.029687500000000002
0 0.93125 0.7015625000000001 0.034375 0.034375
0 0.9640625 0.7054687500000001 0.034375 0.035937500000000004
0 0.971875 0.64453125 0.021875000000000002 0.045312500000000006
0 0.95625 0.53359375 0.05625 0.0546875
0 0.9140625 0.53125 0.043750000000000004 0.046875
0 0.94453125 0.55859375 0.0421875 0.035937500000000004
0 0.9398437500000001 0.56484375 0.045312500000000006 0.0421875
0 0.946875 0.6234375000000001 0.03125 0.025
0 0.63828125 0.8343750000000001 0.0203125 0.021875000000000002
0 0.65234375 0.83125 0.0203125 0.021875000000000002
0 0.6515625 0.8546875 0.021875000000000002 0.025
0 0.8234375 0.7875000000000001 0.021875000000000002 0.028125
0 0.83984375 0.7859375000000001 0.0234375 0.028125
0 0.8539062500000001 0.7734375 0.026562500000000003 0.028125
0 0.8203125 0.74140625 0.025 0.026562500000000003
0 0.8812500000000001 0.71796875 0.025 0.029687500000000002
0 0.9 0.7156250000000001 0.028125 0.021875000000000002
0 0.9078125 0.7203125 0.025 0.025
0 0.9320312500000001 0.72421875 0.026562500000000003 0.026562500000000003
0 0.95234375 0.73359375 0.0234375 0.029687500000000002
0 0.96484375 0.734375 0.029687500000000002 0.03125
0 0.96796875 0.7234375000000001 0.0234375 0.025
0 0.75703125 0.78671875 0.0203125 0.026562500000000003
0 0.76875 0.7914062500000001 0.021875000000000002 0.026562500000000003
0 0.9125000000000001 0.84375 0.015625 0.018750000000000003
0 0.93125 0.8359375 0.018750000000000003 0.018750000000000003
0 0.9625 0.78125 0.021875000000000002 0.021875000000000002
0 0.9578125000000001 0.76328125 0.018750000000000003 0.0203125
0 0.9281250000000001 0.7734375 0.015625 0.021875000000000002
0 0.8875000000000001 0.7585937500000001 0.021875000000000002 0.0234375
0 0.91015625 0.73828125 0.0234375 0.0234375
0 0.909375 0.75390625 0.021875000000000002 0.0203125
0 0.971875 0.7781250000000001 0.0125 0.025
0 0.8562500000000001 0.8015625000000001 0.015625 0.018750000000000003
0 0.8601562500000001 0.8125 0.0234375 0.021875000000000002
0 0.8757812500000001 0.796875 0.0203125 0.018750000000000003
0 0.9242187500000001 0.85859375 0.0171875 0.0203125
0 0.8546875 0.83203125 0.0125 0.0171875
0 0.6671875 0.7523437500000001 0.03125 0.0328125
0 0.71015625 0.7289062500000001 0.029687500000000002 0.0328125
0 0.7117187500000001 0.7742187500000001 0.026562500000000003 0.029687500000000002
0 0.73046875 0.7609375 0.026562500000000003 0.028125
0 0.7445312500000001 0.7351562500000001 0.026562500000000003 0.026562500000000003
0 0.7468750000000001 0.7234375000000001 0.025 0.03125
0 0.7828125 0.70703125 0.037500000000000006 0.035937500000000004
0 0.52265625 0.88203125 0.0234375 0.026562500000000003
0 0.43203125000000003 0.8171875000000001 0.0203125 0.025
0 0.4625 0.790625 0.034375 0.03125
0 0.6359375 0.74609375 0.028125 0.029687500000000002
0 0.8070312500000001 0.084375 0.1171875 0.05625
0 0.89609375 0.1046875 0.1171875 0.08125
