0 0.3828125 0.534375 0.25 0.253125
0 0.42734375 0.259375 0.2546875 0.23750000000000002
0 0.50234375 0.16484375 0.2890625 0.2578125
0 0.26171875 0.65 0.2421875 0.22812500000000002
0 0.5242187500000001 0.40546875000000004 0.2984375 0.2546875
0 0.35000000000000003 0.7625000000000001 0.259375 0.240625
0 0.6734375 0.07500000000000001 0.184375 0.15000000000000002
0 0.7484375000000001 0.15234375 0.20625000000000002 0.17343750000000002
0 0.5046875000000001 0.56640625 0.22187500000000002 0.2015625
0 0.6687500000000001 0.6234375000000001 0.19062500000000002 0.171875
0 0.9078125 0.3515625 0.1625 0.15937500000000002
0 0.9359375000000001 0.43203125000000003 0.1 0.1171875
0 0.546875 0.7289062500000001 0.153125 0.1765625
0 0.62109375 0.7250000000000001 0.1546875 0.17500000000000002
0 0.17265625 0.8562500000000001 0.1609375 0.15625
0 0.1484375 0.9460937500000001 0.153125 0.09843750000000001
