0 0.47500000000000003 0.09531250000000001 0.146875 0.19062500000000002
0 0.3828125 0.08203125 0.153125 0.1640625
0 0.16562500000000002 0.38515625000000003 0.146875 0.19843750000000002
0 0.08281250000000001 0.446875 0.1125 0.16562500000000002
0 0.49765625 0.87265625 0.1171875 0.18281250000000002
0 0.76875 0.546875 0.146875 0.203125
0 0.57421875 0.8578125000000001 0.1265625 0.18125000000000002
0 0.39296875000000003 0.19765625 0.15156250000000002 0.2078125
0 0.17109375000000002 0.4734375 0.11406250000000001 0.146875
0 0.7921875 0.7718750000000001 0.1625 0.23750000000000002
0 0.87890625 0.7976562500000001 0.1640625 0.2328125
0 0.80859375 0.6195312500000001 0.1484375 0.2234375
