0 0.10312500000000001 0.18046875 0.05625 0.09531250000000001
0 0.15781250000000002 0.1640625 0.05625 0.09062500000000001
0 0.01015625 0.1421875 0.0203125 0.07500000000000001
0 0.022656250000000003 0.2234375 0.045312500000000006 0.07187500000000001
0 0.08984375 0.1765625 0.051562500000000004 0.084375
0 0.2265625 0.16718750000000002 0.059375000000000004 0.1
0 0.25859375 0.20078125000000002 0.0671875 0.09843750000000001
0 0.31015625 0.225 0.0578125 0.08750000000000001
0 0.3609375 0.21796875000000002 0.05625 0.09843750000000001
0 0.27578125000000003 0.33125000000000004 0.035937500000000004 0.07187500000000001
0 0.21406250000000002 0.2984375 0.046875 0.078125
0 0.14921875 0.36484375 0.0421875 0.0703125
0 0.15859375 0.40234375 0.0421875 0.06406250000000001
0 0.032031250000000004 0.27968750000000003 0.0484375 0.078125
0 0.00625 0.4453125 0.0125 0.05
0 0.026562500000000003 0.44921875 0.03125 0.051562500000000004
0 0.5320312500000001 0.32109375 0.0484375 0.0734375
0 0.59375 0.1796875 0.053125000000000006 0.096875
0 0.6078125000000001 0.140625 0.053125000000000006 0.1
0 0.6062500000000001 0.35468750000000004 0.040625 0.06875
0 0.5796875 0.36640625000000004 0.037500000000000006 0.060937500000000006
0 0.5 0.44453125000000004 0.034375 0.0484375
0 0.48203125 0.465625 0.026562500000000003 0.046875
0 0.42812500000000003 0.44843750000000004 0.03125 0.053125000000000006
0 0.403125 0.45156250000000003 0.034375 0.053125000000000006
0 0.37890625 0.47968750000000004 0.0328125 0.053125000000000006
0 0.20390625 0.48281250000000003 0.029687500000000002 0.05
0 0.240625 0.46796875000000004 0.034375 0.0484375
0 0.27578125000000003 0.5007812500000001 0.026562500000000003 0.0421875
0 0.325 0.4390625 0.03125 0.043750000000000004
0 0.33906250000000004 0.5164062500000001 0.025 0.0421875
0 0.35781250000000003 0.5320312500000001 0.021875000000000002 0.045312500000000006
0 0.1640625 0.48671875000000003 0.028125 0.0390625
0 0.047656250000000004 0.46718750000000003 0.026562500000000003 0.05
0 0.02734375 0.46875 0.029687500000000002 0.053125000000000006
0 0.00859375 0.46640625 0.0171875 0.0546875
0 0.0734375 0.5242187500000001 0.028125 0.0484375
0 0.06171875 0.571875 0.029687500000000002 0.043750000000000004
0 0.12812500000000002 0.5015625 0.028125 0.043750000000000004
0 0.15546875000000002 0.51796875 0.0328125 0.0546875
0 0.23671875 0.5007812500000001 0.029687500000000002 0.045312500000000006
0 0.1796875 0.49140625000000004 0.025 0.0484375
0 0.26953125 0.553125 0.0203125 0.034375
0 0.28671875 0.5554687500000001 0.0203125 0.0421875
0 0.30234375 0.55703125 0.0203125 0.035937500000000004
0 0.32578125 0.5515625000000001 0.0203125 0.034375
0 0.48281250000000003 0.5164062500000001 0.021875000000000002 0.035937500000000004
0 0.50390625 0.478125 0.026562500000000003 0.043750000000000004
0 0.53359375 0.453125 0.026562500000000003 0.040625
0 0.54453125 0.46953125 0.026562500000000003 0.0421875
0 0.5390625 0.36015625 0.034375 0.060937500000000006
0 0.55 0.32734375000000004 0.034375 0.0734375
0 0.53828125 0.5296875 0.0203125 0.034375
0 0.6921875000000001 0.065625 0.059375000000000004 0.037500000000000006
0 0.640625 0.09531250000000001 0.059375000000000004 0.08750000000000001
0 0.84765625 0.23515625 0.0484375 0.08281250000000001
0 0.91328125 0.28203125 0.0484375 0.0703125
0 0.8656250000000001 0.26328125 0.043750000000000004 0.0578125
0 0.82421875 0.25703125 0.0484375 0.08281250000000001
0 0.7015625000000001 0.30781250000000004 0.040625 0.06875
0 0.74765625 0.3484375 0.045312500000000006 0.07187500000000001
0 0.7781250000000001 0.36171875000000003 0.037500000000000006 0.0671875
0 0.8718750000000001 0.34687500000000004 0.046875 0.06875
0 0.846875 0.36875 0.040625 0.078125
0 0.85703125 0.4109375 0.029687500000000002 0.053125000000000006
0 0.8953125000000001 0.41718750000000004 0.034375 0.05625
0 0.8640625000000001 0.4390625 0.037500000000000006 0.065625
0 0.81171875 0.47890625000000003 0.0328125 0.051562500000000004
0 0.70703125 0.46406250000000004 0.029687500000000002 0.046875
0 0.68125 0.45625000000000004 0.028125 0.043750000000000004
0 0.6640625 0.4265625 0.03125 0.043750000000000004
0 0.71640625 0.37265625 0.0390625 0.0671875
0 0.6781250000000001 0.3359375 0.043750000000000004 0.078125
0 0.659375 0.34140625 0.034375 0.0671875
0 0.65234375 0.15937500000000002 0.0671875 0.10312500000000001
0 0.8265625000000001 0.51328125 0.03125 0.051562500000000004
0 0.80234375 0.521875 0.026562500000000003 0.046875
0 0.68359375 0.48750000000000004 0.026562500000000003 0.037500000000000006
0 0.6296875000000001 0.5453125 0.021875000000000002 0.034375
0 0.9203125000000001 0.41015625 0.03125 0.045312500000000006
0 0.92890625 0.4234375 0.029687500000000002 0.034375
0 0.96640625 0.4421875 0.0234375 0.040625
0 0.09609375 0.6125 0.026562500000000003 0.043750000000000004
0 0.6531250000000001 0.54609375 0.018750000000000003 0.029687500000000002
0 0.7093750000000001 0.56484375 0.015625 0.026562500000000003
0 0.54453125 0.58984375 0.010937500000000001 0.0203125
0 0.5281250000000001 0.5875 0.0125 0.021875000000000002
0 0.33515625000000004 0.19609375 0.0421875 0.0734375
0 0.19843750000000002 0.15390625000000002 0.043750000000000004 0.08281250000000001
0 0.20625000000000002 0.36250000000000004 0.037500000000000006 0.06875
0 0.22812500000000002 0.31796875 0.043750000000000004 0.0765625
0 0.27187500000000003 0.4625 0.028125 0.037500000000000006
0 0.30312500000000003 0.45937500000000003 0.03125 0.053125000000000006
