0 0.9078125 0.030468750000000003 0.07187500000000001 0.0484375
0 0.87109375 0.140625 0.07968750000000001 0.046875
0 0.8765625 0.1265625 0.07500000000000001 0.043750000000000004
0 0.828125 0.05234375 0.06875 0.045312500000000006
0 0.8851562500000001 0.19687500000000002 0.0859375 0.046875
0 0.8796875000000001 0.265625 0.09375 0.05
0 0.8953125000000001 0.23984375000000002 0.08750000000000001 0.0421875
0 0.84140625 0.2921875 0.0921875 0.05625
0 0.81640625 0.34375 0.07968750000000001 0.05
0 0.81953125 0.39296875000000003 0.07968750000000001 0.045312500000000006
0 0.84375 0.37109375 0.07187500000000001 0.0390625
0 0.75 0.23984375000000002 0.06875 0.0421875
0 0.775 0.060937500000000006 0.06875 0.046875
0 0.68359375 0.16796875 0.0703125 0.035937500000000004
0 0.6484375 0.17343750000000002 0.0625 0.037500000000000006
0 0.68359375 0.2265625 0.060937500000000006 0.034375
0 0.7265625 0.246875 0.07187500000000001 0.046875
0 0.71484375 0.29921875000000003 0.060937500000000006 0.0328125
0 0.6078125000000001 0.03671875 0.053125000000000006 0.0328125
0 0.60703125 0.010937500000000001 0.0484375 0.021875000000000002
0 0.55859375 0.17265625 0.0390625 0.0234375
0 0.54609375 0.13359375 0.0390625 0.0234375
0 0.5242187500000001 0.0765625 0.0390625 0.021875000000000002
0 0.47968750000000004 0.06015625 0.037500000000000006 0.026562500000000003
0 0.525 0.15859375 0.043750000000000004 0.029687500000000002
0 0.55 0.1875 0.053125000000000006 0.018750000000000003
0 0.5625 0.21250000000000002 0.046875 0.025
0 0.5750000000000001 0.25 0.043750000000000004 0.028125
0 0.58046875 0.2828125 0.0390625 0.025
0 0.5390625 0.28125 0.043750000000000004 0.021875000000000002
0 0.5421875 0.24531250000000002 0.037500000000000006 0.025
0 0.5828125000000001 0.3140625 0.037500000000000006 0.028125
0 0.6039062500000001 0.33906250000000004 0.0328125 0.021875000000000002
0 0.5859375 0.06015625 0.05 0.0203125
0 0.58125 0.03515625 0.046875 0.026562500000000003
0 0.58359375 0.010937500000000001 0.0484375 0.021875000000000002
0 0.52734375 0.049218750000000006 0.0390625 0.026562500000000003
0 0.43984375000000003 0.09062500000000001 0.0421875 0.025
0 0.52265625 0.34296875000000004 0.0421875 0.0203125
0 0.55625 0.38671875 0.05 0.026562500000000003
0 0.58828125 0.4375 0.0546875 0.028125
0 0.5859375 0.4109375 0.053125000000000006 0.025
0 0.58125 0.37812500000000004 0.043750000000000004 0.025
0 0.57421875 0.3609375 0.0390625 0.021875000000000002
0 0.5078125 0.36171875000000003 0.046875 0.0203125
0 0.4890625 0.325 0.03125 0.015625
0 0.4859375 0.30312500000000003 0.037500000000000006 0.0125
0 0.48515625 0.2890625 0.035937500000000004 0.018750000000000003
0 0.48984375 0.27187500000000003 0.0328125 0.015625
0 0.43203125000000003 0.10703125000000001 0.0390625 0.0203125
0 0.47187500000000004 0.078125 0.03125 0.021875000000000002
0 0.4859375 0.0421875 0.028125 0.015625
0 0.7125 0.5578125 0.07187500000000001 0.040625
0 0.8546875 0.6296875000000001 0.096875 0.043750000000000004
0 0.8921875 0.6531250000000001 0.09375 0.046875
0 0.7046875 0.57265625 0.06875 0.0328125
0 0.67578125 0.6265625 0.06406250000000001 0.03125
0 0.6687500000000001 0.59921875 0.053125000000000006 0.026562500000000003
0 0.66796875 0.55625 0.0484375 0.025
0 0.628125 0.60703125 0.037500000000000006 0.0234375
0 0.571875 0.49062500000000003 0.046875 0.021875000000000002
0 0.5906250000000001 0.51015625 0.05 0.0234375
0 0.5554687500000001 0.5125000000000001 0.0484375 0.021875000000000002
0 0.58359375 0.5453125 0.0390625 0.025
0 0.56015625 0.5265625 0.0421875 0.021875000000000002
0 0.5203125000000001 0.4859375 0.03125 0.018750000000000003
0 0.50546875 0.54296875 0.0328125 0.0203125
0 0.5085937500000001 0.5593750000000001 0.0328125 0.015625
0 0.5515625000000001 0.5703125 0.037500000000000006 0.018750000000000003
0 0.5609375 0.55390625 0.043750000000000004 0.026562500000000003
0 0.44843750000000004 0.5265625 0.021875000000000002 0.0125
0 0.44609375 0.540625 0.0171875 0.0125
0 0.45 0.5515625000000001 0.021875000000000002 0.015625
0 0.453125 0.5609375 0.021875000000000002 0.015625
0 0.48281250000000003 0.6328125 0.03125 0.015625
0 0.45 0.35468750000000004 0.021875000000000002 0.015625
0 0.48359375000000004 0.6546875000000001 0.026562500000000003 0.015625
0 0.6765625000000001 0.63984375 0.059375000000000004 0.026562500000000003
0 0.71875 0.7273437500000001 0.065625 0.035937500000000004
0 0.6898437500000001 0.7054687500000001 0.0703125 0.029687500000000002
0 0.6828125 0.68359375 0.0625 0.026562500000000003
0 0.67734375 0.76953125 0.0703125 0.035937500000000004
0 0.665625 0.7984375 0.07187500000000001 0.034375
0 0.63984375 0.7679687500000001 0.0703125 0.035937500000000004
0 0.6570312500000001 0.7375 0.0703125 0.040625
0 0.7609375 0.853125 0.06875 0.046875
0 0.76953125 0.87890625 0.0484375 0.045312500000000006
0 0.7359375 0.940625 0.065625 0.040625
0 0.75546875 0.89609375 0.060937500000000006 0.0390625
0 0.6781250000000001 0.89375 0.07187500000000001 0.043750000000000004
0 0.6484375 0.8656250000000001 0.065625 0.034375
0 0.6515625 0.8210937500000001 0.0625 0.035937500000000004
0 0.61328125 0.8734375000000001 0.0484375 0.028125
0 0.6062500000000001 0.909375 0.059375000000000004 0.028125
0 0.6101562500000001 0.93671875 0.0421875 0.0234375
0 0.57734375 0.9796875 0.035937500000000004 0.021875000000000002
0 0.5484375 0.81796875 0.053125000000000006 0.029687500000000002
0 0.5125000000000001 0.83359375 0.05 0.029687500000000002
0 0.50234375 0.8070312500000001 0.0484375 0.026562500000000003
0 0.58828125 0.8851562500000001 0.0546875 0.0328125
0 0.56640625 0.7156250000000001 0.0484375 0.025
0 0.53515625 0.690625 0.0390625 0.021875000000000002
0 0.46796875000000004 0.7093750000000001 0.0328125 0.0125
