0 0.49609375 0.48359375000000004 0.09843750000000001 0.15781250000000002
0 0.43671875000000004 0.43203125000000003 0.11406250000000001 0.16718750000000002
0 0.34296875000000004 0.50703125 0.1015625 0.1640625
0 0.69296875 0.6664062500000001 0.1078125 0.18281250000000002
0 0.76953125 0.55859375 0.1171875 0.20468750000000002
0 0.6335937500000001 0.9234375 0.1265625 0.15000000000000002
0 0.6984375 0.59140625 0.11875000000000001 0.2015625
0 0.75390625 0.7273437500000001 0.1046875 0.1859375
0 0.5609375 0.48671875000000003 0.084375 0.1296875
0 0.31796875 0.421875 0.1078125 0.19375
0 0.29453125 0.36875 0.09843750000000001 0.171875
0 0.36875 0.35859375000000004 0.09062500000000001 0.16718750000000002
0 0.4546875 0.9007812500000001 0.14375000000000002 0.1953125
0 0.76875 0.26484375 0.078125 0.1390625
0 0.82421875 0.26015625000000003 0.0921875 0.16718750000000002
0 0.72421875 0.2421875 0.09531250000000001 0.14375000000000002
0 0.5515625000000001 0.27109375 0.08750000000000001 0.1609375
0 0.390625 0.2234375 0.084375 0.1375
0 0.31875000000000003 0.246875 0.078125 0.12812500000000002
0 0.21640625000000002 0.8953125000000001 0.1390625 0.20625000000000002
0 0.14765625000000002 0.8289062500000001 0.1234375 0.20468750000000002
0 0.07890625000000001 0.83515625 0.1546875 0.24531250000000002
0 0.11015625000000001 0.3984375 0.1203125 0.16875
0 0.8015625000000001 0.13203125000000002 0.08750000000000001 0.1421875
0 0.7484375000000001 0.12187500000000001 0.07187500000000001 0.134375
