0 0.39609375 0.728125 0.07968750000000001 0.07187500000000001
0 0.29375 0.7234375000000001 0.078125 0.078125
0 0.22265625 0.71796875 0.0859375 0.0734375
0 0.30234375 0.8617187500000001 0.09843750000000001 0.0890625
0 0.215625 0.859375 0.096875 0.09375
0 0.16875 0.85546875 0.084375 0.0859375
0 0.23359375000000002 0.82578125 0.0859375 0.08281250000000001
0 0.2 0.7039062500000001 0.0625 0.0578125
0 0.14375000000000002 0.7046875 0.065625 0.059375000000000004
0 0.22421875000000002 0.6507812500000001 0.0671875 0.060937500000000006
0 0.14609375 0.6257812500000001 0.0765625 0.060937500000000006
0 0.48984375 0.59765625 0.060937500000000006 0.06406250000000001
0 0.4140625 0.5984375000000001 0.065625 0.065625
0 0.35781250000000003 0.584375 0.07187500000000001 0.0625
0 0.18046875 0.57265625 0.060937500000000006 0.0546875
0 0.19687500000000002 0.634375 0.059375000000000004 0.05625
0 0.6492187500000001 0.48046875 0.0546875 0.0546875
0 0.55859375 0.5078125 0.0578125 0.053125000000000006
0 0.509375 0.49921875000000004 0.0625 0.0578125
0 0.43281250000000004 0.47578125000000004 0.046875 0.045312500000000006
0 0.39921875 0.47109375000000003 0.051562500000000004 0.0484375
0 0.37109375 0.465625 0.0578125 0.053125000000000006
0 0.32734375000000004 0.4890625 0.060937500000000006 0.05625
0 0.2859375 0.51796875 0.0625 0.0578125
0 0.23984375000000002 0.525 0.060937500000000006 0.0625
0 0.18984375 0.53125 0.06406250000000001 0.05625
0 0.14375000000000002 0.54609375 0.05625 0.051562500000000004
0 0.13515625 0.51015625 0.0546875 0.0328125
0 0.275 0.49062500000000003 0.053125000000000006 0.05625
0 0.23359375000000002 0.49609375 0.0578125 0.0546875
0 0.18671875000000002 0.509375 0.051562500000000004 0.046875
0 0.15546875000000002 0.48750000000000004 0.0484375 0.043750000000000004
0 0.42031250000000003 0.4296875 0.043750000000000004 0.043750000000000004
0 0.37734375000000003 0.38359375 0.0390625 0.035937500000000004
0 0.390625 0.41718750000000004 0.037500000000000006 0.040625
0 0.43359375 0.434375 0.0421875 0.040625
0 0.21953125 0.45625000000000004 0.0421875 0.037500000000000006
0 0.2625 0.46328125000000003 0.046875 0.0421875
0 0.2890625 0.4546875 0.043750000000000004 0.046875
0 0.5 0.39296875000000003 0.043750000000000004 0.045312500000000006
0 0.6015625 0.9750000000000001 0.10312500000000001 0.046875
0 0.5203125000000001 0.9437500000000001 0.12812500000000002 0.109375
0 0.55625 0.8835937500000001 0.096875 0.11093750000000001
0 0.61640625 0.8656250000000001 0.1015625 0.096875
0 0.7015625000000001 0.83984375 0.109375 0.0921875
0 0.59765625 0.7937500000000001 0.0890625 0.09375
0 0.6375000000000001 0.8226562500000001 0.096875 0.09843750000000001
0 0.675 0.7734375 0.096875 0.109375
0 0.7109375 0.7679687500000001 0.084375 0.0921875
0 0.6578125 0.7000000000000001 0.08125 0.07500000000000001
0 0.7015625000000001 0.6585937500000001 0.09062500000000001 0.07968750000000001
0 0.6078125000000001 0.6390625000000001 0.07500000000000001 0.065625
0 0.6734375 0.61640625 0.07500000000000001 0.0734375
0 0.6156250000000001 0.6023437500000001 0.078125 0.0765625
0 0.6453125000000001 0.58515625 0.059375000000000004 0.0546875
0 0.6664062500000001 0.37343750000000003 0.0421875 0.040625
0 0.62890625 0.3796875 0.045312500000000006 0.040625
0 0.6109375 0.35703125 0.046875 0.045312500000000006
0 0.57265625 0.353125 0.0421875 0.043750000000000004
0 0.54140625 0.36875 0.045312500000000006 0.043750000000000004
0 0.4734375 0.35781250000000003 0.034375 0.037500000000000006
0 0.44609375 0.36640625000000004 0.0328125 0.035937500000000004
0 0.415625 0.3640625 0.040625 0.034375
0 0.64765625 0.33359375 0.0421875 0.035937500000000004
0 0.6796875 0.33828125000000003 0.034375 0.035937500000000004
0 0.546875 0.31875000000000003 0.03125 0.034375
0 0.5234375 0.325 0.037500000000000006 0.037500000000000006
0 0.5 0.32578125 0.03125 0.0328125
0 0.47890625000000003 0.32656250000000003 0.035937500000000004 0.037500000000000006
0 0.4078125 0.3375 0.028125 0.028125
0 0.4234375 0.33046875000000003 0.03125 0.029687500000000002
0 0.434375 0.3140625 0.03125 0.028125
0 0.6507812500000001 0.28828125 0.0328125 0.029687500000000002
0 0.69921875 0.29296875 0.0390625 0.035937500000000004
0 0.7367187500000001 0.284375 0.0421875 0.037500000000000006
0 0.6265625 0.2859375 0.03125 0.03125
0 0.6468750000000001 0.3015625 0.028125 0.021875000000000002
0 0.609375 0.26171875 0.03125 0.029687500000000002
0 0.59609375 0.27578125000000003 0.026562500000000003 0.026562500000000003
0 0.5703125 0.28125 0.028125 0.028125
0 0.5734375 0.296875 0.028125 0.021875000000000002
0 0.5375 0.2890625 0.034375 0.034375
0 0.5140625 0.28203125 0.034375 0.035937500000000004
0 0.46718750000000003 0.2890625 0.028125 0.028125
0 0.4453125 0.290625 0.028125 0.028125
0 0.421875 0.30000000000000004 0.028125 0.028125
0 0.60859375 0.22421875000000002 0.0328125 0.029687500000000002
0 0.584375 0.21875 0.028125 0.03125
0 0.6109375 0.20625000000000002 0.028125 0.028125
0 0.65390625 0.24140625000000002 0.0328125 0.029687500000000002
0 0.69296875 0.24765625000000002 0.0328125 0.029687500000000002
0 0.7210937500000001 0.2421875 0.0328125 0.03125
0 0.48828125 0.27187500000000003 0.026562500000000003 0.025
0 0.44921875 0.2484375 0.029687500000000002 0.028125
0 0.47109375000000003 0.25078125 0.026562500000000003 0.029687500000000002
0 0.38984375000000004 0.25078125 0.026562500000000003 0.026562500000000003
0 0.49843750000000003 0.2265625 0.025 0.021875000000000002
0 0.359375 0.27734375 0.025 0.0171875
0 0.38046875 0.25859375 0.029687500000000002 0.0234375
0 0.36875 0.25078125 0.025 0.026562500000000003
0 0.35390625000000003 0.2578125 0.026562500000000003 0.025
0 0.43203125000000003 0.25078125 0.029687500000000002 0.029687500000000002
0 0.41640625000000003 0.25625000000000003 0.0203125 0.025
0 0.41953125 0.22578125000000002 0.0203125 0.0203125
0 0.39375000000000004 0.21015625000000002 0.025 0.0234375
0 0.4234375 0.18281250000000002 0.021875000000000002 0.021875000000000002
0 0.41484375 0.19375 0.0234375 0.018750000000000003
0 0.51875 0.25625000000000003 0.03125 0.025
0 0.5476562500000001 0.2546875 0.0328125 0.03125
0 0.81015625 0.2609375 0.0421875 0.037500000000000006
0 0.7742187500000001 0.26406250000000003 0.035937500000000004 0.037500000000000006
0 0.7515625 0.24453125 0.034375 0.0328125
0 0.8500000000000001 0.2578125 0.040625 0.037500000000000006
0 0.8835937500000001 0.3171875 0.051562500000000004 0.046875
0 0.7984375 0.359375 0.05 0.046875
0 0.8382812500000001 0.37578125 0.0546875 0.0484375
0 0.7976562500000001 0.34453125 0.0484375 0.0484375
0 0.86484375 0.35859375000000004 0.0484375 0.045312500000000006
0 0.9632812500000001 0.8343750000000001 0.0671875 0.096875
0 0.884375 0.8265625000000001 0.10625000000000001 0.078125
0 0.85546875 0.79609375 0.0890625 0.0890625
0 0.9296875 0.78515625 0.096875 0.0921875
0 0.9625 0.703125 0.059375000000000004 0.078125
0 0.9546875 0.6820312500000001 0.07500000000000001 0.0859375
0 0.8953125000000001 0.65 0.08125 0.07187500000000001
0 0.8578125000000001 0.6390625000000001 0.08125 0.078125
0 0.9007812500000001 0.6195312500000001 0.07968750000000001 0.0765625
0 0.86484375 0.6046875 0.0671875 0.065625
0 0.8828125 0.5398437500000001 0.06875 0.060937500000000006
0 0.91953125 0.52890625 0.0671875 0.06406250000000001
0 0.853125 0.5265625 0.06875 0.065625
0 0.95234375 0.47578125000000004 0.0671875 0.06406250000000001
0 0.92734375 0.45234375000000004 0.060937500000000006 0.0578125
0 0.9617187500000001 0.44062500000000004 0.045312500000000006 0.053125000000000006
0 0.9460937500000001 0.35390625000000003 0.051562500000000004 0.0390625
0 0.93515625 0.32656250000000003 0.0484375 0.043750000000000004
0 0.9328125 0.16640625 0.028125 0.035937500000000004
0 0.8890625000000001 0.21328125 0.037500000000000006 0.0328125
0 0.91015625 0.24765625000000002 0.0390625 0.035937500000000004
0 0.8796875000000001 0.2515625 0.034375 0.040625
0 0.6921875000000001 0.23593750000000002 0.028125 0.021875000000000002
0 0.71875 0.2234375 0.03125 0.028125
0 0.28671875 0.36328125 0.035937500000000004 0.035937500000000004
0 0.31015625 0.421875 0.045312500000000006 0.040625
0 0.36171875000000003 0.41875 0.035937500000000004 0.037500000000000006
0 0.26796875000000003 0.39687500000000003 0.035937500000000004 0.040625
0 0.16484375 0.4 0.045312500000000006 0.037500000000000006
0 0.20234375000000002 0.3953125 0.0421875 0.03125
0 0.23671875 0.36796875 0.045312500000000006 0.035937500000000004
0 0.26484375 0.3609375 0.0328125 0.037500000000000006
0 0.18359375 0.38125000000000003 0.045312500000000006 0.040625
0 0.13593750000000002 0.36171875000000003 0.03125 0.0328125
0 0.16484375 0.31640625 0.026562500000000003 0.026562500000000003
0 0.27578125000000003 0.3328125 0.029687500000000002 0.034375
0 0.32734375000000004 0.32734375000000004 0.0390625 0.0328125
0 0.31875000000000003 0.3484375 0.037500000000000006 0.037500000000000006
0 0.30546875 0.359375 0.0328125 0.037500000000000006
0 0.31796875 0.24453125 0.0234375 0.026562500000000003
0 0.3046875 0.2609375 0.025 0.025
0 0.2890625 0.26796875000000003 0.021875000000000002 0.026562500000000003
0 0.2703125 0.27421875 0.025 0.0234375
0 0.10234375000000001 0.759375 0.0734375 0.065625
0 0.08359375000000001 0.6531250000000001 0.0671875 0.059375000000000004
0 0.034375 0.72578125 0.05625 0.0671875
0 0.08515625 0.60859375 0.06406250000000001 0.0578125
0 0.037500000000000006 0.634375 0.07187500000000001 0.059375000000000004
0 0.09296875 0.446875 0.0421875 0.040625
0 0.09843750000000001 0.41718750000000004 0.040625 0.037500000000000006
0 0.06796875000000001 0.4234375 0.0484375 0.040625
0 0.07109375 0.40703125 0.0421875 0.035937500000000004
0 0.10859375 0.3609375 0.0328125 0.028125
0 0.06406250000000001 0.3765625 0.03125 0.028125
0 0.034375 0.3765625 0.034375 0.03125
0 0.009375000000000001 0.375 0.015625 0.034375
0 0.00390625 0.43671875000000004 0.004687500000000001 0.045312500000000006
0 0.02421875 0.54609375 0.045312500000000006 0.051562500000000004
0 0.059375000000000004 0.5453125 0.043750000000000004 0.043750000000000004
0 0.02890625 0.51953125 0.0421875 0.0328125
0 0.03359375 0.51328125 0.045312500000000006 0.0390625
0 0.0203125 0.4546875 0.03125 0.021875000000000002
0 0.31640625 0.21953125 0.0203125 0.0203125
0 0.30234375 0.22421875000000002 0.0203125 0.0203125
0 0.30312500000000003 0.20078125000000002 0.021875000000000002 0.0234375
0 0.13593750000000002 0.28203125 0.021875000000000002 0.026562500000000003
0 0.11796875000000001 0.28515625 0.0234375 0.026562500000000003
0 0.10703125000000001 0.29921875000000003 0.026562500000000003 0.026562500000000003
0 0.140625 0.328125 0.025 0.025
0 0.08281250000000001 0.35625 0.025 0.028125
0 0.0625 0.36015625 0.028125 0.0203125
0 0.0546875 0.35703125 0.025 0.0234375
0 0.032031250000000004 0.35468750000000004 0.026562500000000003 0.025
0 0.01171875 0.34609375000000003 0.0203125 0.029687500000000002
0 0.00703125 0.3453125 0.010937500000000001 0.03125
0 0.004687500000000001 0.35781250000000003 0.00625 0.025
0 0.20234375000000002 0.2765625 0.0203125 0.025
0 0.19062500000000002 0.275 0.021875000000000002 0.025
0 0.0421875 0.23359375000000002 0.015625 0.0171875
0 0.025 0.24140625000000002 0.018750000000000003 0.0171875
0 0.0054687500000000005 0.30000000000000004 0.0078125 0.021875000000000002
0 0.00703125 0.31640625 0.010937500000000001 0.0203125
0 0.0328125 0.30546875 0.015625 0.0203125
0 0.07187500000000001 0.3171875 0.021875000000000002 0.021875000000000002
0 0.05078125 0.3375 0.0234375 0.021875000000000002
0 0.051562500000000004 0.32343750000000004 0.021875000000000002 0.018750000000000003
0 0.10312500000000001 0.27109375 0.015625 0.0171875
0 0.09609375 0.26171875 0.0234375 0.0203125
0 0.08359375000000001 0.27734375 0.0203125 0.0171875
0 0.030468750000000003 0.22031250000000002 0.0171875 0.018750000000000003
0 0.1015625 0.240625 0.0125 0.015625
0 0.29375 0.3046875 0.03125 0.03125
0 0.25078125 0.33125000000000004 0.029687500000000002 0.03125
0 0.24765625000000002 0.2859375 0.026562500000000003 0.028125
0 0.22890625 0.30234375 0.026562500000000003 0.026562500000000003
0 0.21796875000000002 0.328125 0.026562500000000003 0.025
0 0.215625 0.33984375 0.025 0.029687500000000002
0 0.1796875 0.36015625 0.037500000000000006 0.0328125
0 0.42890625000000004 0.1640625 0.0234375 0.025
0 0.5242187500000001 0.22109375 0.0203125 0.0234375
0 0.49531250000000004 0.25 0.034375 0.028125
0 0.32343750000000004 0.30781250000000004 0.028125 0.028125
0 0.19140625 0.978125 0.1171875 0.040625
0 0.10234375000000001 0.9656250000000001 0.1171875 0.065625
