0 0.5609375 0.6117187500000001 0.3125 0.5078125
0 0.33671875 0.6640625 0.2734375 0.371875
0 0.33046875000000003 0.37109375 0.3359375 0.4296875
0 0.49765625 0.215625 0.3171875 0.371875
0 0.7898437500000001 0.37812500000000004 0.3359375 0.359375
0 0.7828125 0.1625 0.36250000000000004 0.29375
0 0.846875 0.775 0.30000000000000004 0.434375
0 0.57578125 0.80859375 0.3296875 0.3796875
0 0.296875 0.86640625 0.284375 0.26406250000000003
0 0.11406250000000001 0.73046875 0.225 0.3484375
0 0.1078125 0.49375 0.21250000000000002 0.36250000000000004
0 0.12578125 0.234375 0.2484375 0.34687500000000004
