0 0.9593750000000001 0.15703125 0.078125 0.18281250000000002
0 0.6609375000000001 0.54140625 0.21875 0.2015625
0 0.9007812500000001 0.64375 0.1953125 0.253125
0 0.36250000000000004 0.540625 0.2 0.178125
0 0.2921875 0.42265625 0.19375 0.17343750000000002
0 0.18281250000000002 0.253125 0.13125 0.13125
0 0.23203125000000002 0.05 0.1296875 0.1
0 0.09531250000000001 0.060937500000000006 0.06875 0.07500000000000001
0 0.12890625 0.0625 0.1390625 0.125
0 0.08750000000000001 0.27968750000000003 0.12187500000000001 0.109375
0 0.04609375 0.32734375000000004 0.06406250000000001 0.08281250000000001
0 0.375 0.70703125 0.10312500000000001 0.09843750000000001
0 0.76484375 0.7781250000000001 0.21406250000000002 0.1875
0 0.62421875 0.6890625 0.1796875 0.1625
0 0.83203125 0.946875 0.2171875 0.096875
0 0.30234375 0.209375 0.0421875 0.040625
0 0.26171875 0.28671875 0.0484375 0.051562500000000004
0 0.25546875 0.21953125 0.0484375 0.0484375
0 0.28984375 0.29921875000000003 0.0484375 0.0484375
0 0.6078125000000001 0.22890625 0.046875 0.051562500000000004
0 0.49062500000000003 0.18984375 0.040625 0.0484375
0 0.45078125 0.11093750000000001 0.0390625 0.05
0 0.26640625 0.17265625 0.051562500000000004 0.051562500000000004
