0 0.30546875 0.56015625 0.1296875 0.09531250000000001
0 0.59765625 0.80625 0.1421875 0.10625000000000001
0 0.5476562500000001 0.875 0.1453125 0.1
0 0.096875 0.4921875 0.146875 0.109375
0 0.38984375000000004 0.58984375 0.1265625 0.0859375
0 0.49531250000000004 0.040625 0.19062500000000002 0.08125
0 0.46015625000000004 0.38906250000000003 0.1453125 0.1
0 0.19765625 0.47500000000000003 0.13593750000000002 0.096875
0 0.7640625000000001 0.27578125000000003 0.13125 0.07968750000000001
0 0.60078125 0.2890625 0.1453125 0.09375
