0 0.29921875000000003 0.55625 0.23593750000000002 0.2625
0 0.5171875 0.40625 0.25 0.253125
0 0.48750000000000004 0.5890625 0.24375000000000002 0.28750000000000003
0 0.6156250000000001 0.5164062500000001 0.19062500000000002 0.21406250000000002
0 0.7562500000000001 0.62265625 0.146875 0.1609375
0 0.54921875 0.25 0.2234375 0.240625
0 0.69453125 0.2859375 0.2328125 0.24375000000000002
0 0.2578125 0.6585937500000001 0.25625000000000003 0.2859375
0 0.7757812500000001 0.46640625 0.1765625 0.15156250000000002
0 0.8140625 0.5453125 0.178125 0.140625
0 0.27109375 0.8601562500000001 0.1703125 0.18281250000000002
0 0.38125000000000003 0.8851562500000001 0.184375 0.2078125
0 0.6492187500000001 0.92890625 0.16718750000000002 0.1390625
