0 0.27187500000000003 0.58359375 0.23125 0.17343750000000002
0 0.2171875 0.2015625 0.20625000000000002 0.11875000000000001
0 0.25 0.2921875 0.1875 0.125
0 0.40468750000000003 0.48828125 0.22187500000000002 0.1484375
0 0.40156250000000004 0.6195312500000001 0.215625 0.1390625
0 0.10625000000000001 0.43984375000000003 0.140625 0.1265625
0 0.5359375000000001 0.34453125 0.2 0.1296875
0 0.7367187500000001 0.49375 0.26406250000000003 0.146875
0 0.72265625 0.37031250000000004 0.2265625 0.1375
0 0.8812500000000001 0.29921875000000003 0.234375 0.1609375
0 0.08203125 0.5859375 0.11406250000000001 0.14375000000000002
