0 0.67890625 0.2109375 0.43281250000000004 0.27187500000000003
0 0.734375 0.5945312500000001 0.496875 0.3046875
0 0.7578125 0.4546875 0.40625 0.275
0 0.659375 0.36328125 0.34375 0.2328125
0 0.40625 0.28828125 0.33125000000000004 0.22031250000000002
0 0.2828125 0.37343750000000003 0.296875 0.22812500000000002
0 0.43593750000000003 0.58046875 0.278125 0.1953125
0 0.42500000000000004 0.7953125000000001 0.31562500000000004 0.234375
0 0.7250000000000001 0.75546875 0.39687500000000003 0.2734375
0 0.553125 0.95078125 0.3125 0.09531250000000001
0 0.33984375 0.74765625 0.27968750000000003 0.1859375
