0 0.05078125 0.20859375000000002 0.0859375 0.1796875
0 0.23359375000000002 0.04453125 0.09531250000000001 0.0734375
0 0.33125000000000004 0.3484375 0.12812500000000002 0.1875
0 0.26875 0.36796875 0.096875 0.1609375
0 0.45703125 0.2984375 0.09843750000000001 0.16562500000000002
0 0.18828125 0.49843750000000003 0.0578125 0.09062500000000001
0 0.19687500000000002 0.44921875 0.06875 0.1078125
0 0.23515625 0.48359375000000004 0.0578125 0.09531250000000001
0 0.2109375 0.5234375 0.0625 0.096875
0 0.16328125000000002 0.53125 0.051562500000000004 0.078125
0 0.051562500000000004 0.43828125 0.05625 0.11406250000000001
0 0.0546875 0.3828125 0.06875 0.10312500000000001
0 0.029687500000000002 0.42421875000000003 0.0125 0.0734375
0 0.49453125000000003 0.33359375 0.0734375 0.1203125
0 0.546875 0.3484375 0.09375 0.14375000000000002
0 0.6046875 0.15000000000000002 0.125 0.178125
0 0.61875 0.0546875 0.109375 0.109375
0 0.95234375 0.321875 0.0921875 0.153125
0 0.97421875 0.41875 0.0484375 0.08750000000000001
0 0.81015625 0.4265625 0.0703125 0.11875000000000001
0 0.775 0.42109375000000004 0.078125 0.1265625
0 0.70078125 0.27265625 0.11093750000000001 0.15781250000000002
0 0.63046875 0.28359375000000003 0.09531250000000001 0.1640625
0 0.70234375 0.3328125 0.11093750000000001 0.178125
0 0.59765625 0.45156250000000003 0.060937500000000006 0.10625000000000001
0 0.40390625 0.50390625 0.0578125 0.09531250000000001
0 0.384375 0.515625 0.05 0.08750000000000001
0 0.5265625 0.5171875 0.0625 0.096875
0 0.578125 0.5078125 0.065625 0.1125
0 0.65625 0.5164062500000001 0.07187500000000001 0.1015625
0 0.61875 0.578125 0.05625 0.084375
0 0.32890625 0.5546875 0.051562500000000004 0.07187500000000001
0 0.3609375 0.5281250000000001 0.053125000000000006 0.09062500000000001
0 0.1875 0.5703125 0.053125000000000006 0.09062500000000001
0 0.022656250000000003 0.26328125 0.0234375 0.1546875
0 0.043750000000000004 0.5375 0.028125 0.08125
