0 0.6296875000000001 0.28359375000000003 0.1875 0.32343750000000004
0 0.6960937500000001 0.6765625000000001 0.1203125 0.22812500000000002
0 0.85703125 0.44609375 0.11406250000000001 0.1921875
0 0.32343750000000004 0.6453125000000001 0.08125 0.15937500000000002
0 0.5796875 0.7367187500000001 0.1 0.1953125
0 0.5015625 0.7132812500000001 0.109375 0.2078125
0 0.32343750000000004 0.19453125000000002 0.1625 0.3015625
0 0.12812500000000002 0.23125 0.22187500000000002 0.384375
0 0.153125 0.5765625 0.08125 0.1375
0 0.25625000000000003 0.67578125 0.09062500000000001 0.1609375
0 0.71015625 0.47578125000000004 0.1390625 0.2328125
0 0.047656250000000004 0.7140625 0.0765625 0.13125
0 0.22734375 0.8265625000000001 0.060937500000000006 0.10625000000000001
0 0.7734375 0.696875 0.046875 0.096875
0 0.81796875 0.7171875000000001 0.045312500000000006 0.07500000000000001
0 0.9421875000000001 0.465625 0.09375 0.17500000000000002
0 0.19296875000000002 0.5203125000000001 0.0546875 0.115625
0 0.37031250000000004 0.6609375000000001 0.065625 0.15000000000000002
0 0.40390625 0.68359375 0.0734375 0.1296875
0 0.7250000000000001 0.31093750000000003 0.109375 0.21875
0 0.7664062500000001 0.5203125000000001 0.1078125 0.18125000000000002
