0 0.09609375 0.721875 0.18281250000000002 0.2625
0 0.29921875000000003 0.44062500000000004 0.1609375 0.25
0 0.44062500000000004 0.39765625000000004 0.16562500000000002 0.2265625
0 0.32109375 0.73984375 0.1609375 0.24531250000000002
0 0.20859375000000002 0.7828125 0.1296875 0.240625
0 0.46718750000000003 0.73203125 0.17500000000000002 0.24531250000000002
0 0.55859375 0.5203125000000001 0.1609375 0.25
0 0.6742187500000001 0.403125 0.1796875 0.21875
0 0.83984375 0.32890625 0.1609375 0.21406250000000002
0 0.971875 0.29609375 0.05 0.2265625
0 0.884375 0.52109375 0.08125 0.07968750000000001
0 0.69921875 0.5578125 0.1296875 0.15625
0 0.83125 0.6578125 0.08125 0.10625000000000001
0 0.7742187500000001 0.59375 0.0859375 0.146875
0 0.6859375000000001 0.6335937500000001 0.10312500000000001 0.1640625
