0 0.5593750000000001 0.71796875 0.22187500000000002 0.2515625
0 0.68125 0.64765625 0.23125 0.2328125
0 0.37265625 0.36640625000000004 0.1015625 0.11406250000000001
0 0.3828125 0.27265625 0.109375 0.11093750000000001
0 0.325 0.35625 0.09062500000000001 0.1125
0 0.4078125 0.36562500000000003 0.1 0.11875000000000001
0 0.15937500000000002 0.6984375 0.084375 0.125
0 0.234375 0.70234375 0.10625000000000001 0.1234375
0 0.28750000000000003 0.6234375000000001 0.10312500000000001 0.146875
0 0.17500000000000002 0.7875000000000001 0.09062500000000001 0.12812500000000002
0 0.10234375000000001 0.7625000000000001 0.09531250000000001 0.146875
0 0.16640625 0.8343750000000001 0.1046875 0.146875
0 0.09062500000000001 0.5734375 0.09062500000000001 0.115625
0 0.22421875000000002 0.5109375 0.0859375 0.11875000000000001
0 0.16171875000000002 0.58125 0.0859375 0.11875000000000001
0 0.09531250000000001 0.66328125 0.09062500000000001 0.1328125
0 0.06796875000000001 0.796875 0.0890625 0.1125
0 0.20390625 0.846875 0.07968750000000001 0.10625000000000001
0 0.2328125 0.784375 0.078125 0.1125
0 0.3140625 0.6429687500000001 0.09062500000000001 0.1296875
0 0.14453125 0.5 0.08281250000000001 0.109375
0 0.08671875000000001 0.49921875000000004 0.0765625 0.0921875
