0 0.2484375 0.52265625 0.21250000000000002 0.2421875
0 0.49375 0.3828125 0.22812500000000002 0.23125
0 0.43281250000000004 0.5640625 0.21875 0.26875
0 0.5734375 0.49609375 0.171875 0.19843750000000002
0 0.69453125 0.60703125 0.1328125 0.1484375
0 0.55234375 0.22890625 0.2015625 0.2234375
0 0.69140625 0.27187500000000003 0.2109375 0.225
0 0.18906250000000002 0.6234375000000001 0.23125 0.265625
0 0.7421875 0.45234375000000004 0.16562500000000002 0.13593750000000002
0 0.7664062500000001 0.5320312500000001 0.16718750000000002 0.1234375
0 0.16718750000000002 0.8234375 0.153125 0.16875
0 0.27421875 0.8539062500000001 0.16718750000000002 0.1921875
0 0.534375 0.921875 0.153125 0.15000000000000002
