0 0.5867187500000001 0.44921875 0.1328125 0.1859375
0 0.8093750000000001 0.525 0.134375 0.178125
0 0.8046875 0.5640625 0.12187500000000001 0.140625
0 0.63984375 0.484375 0.13593750000000002 0.17500000000000002
0 0.6976562500000001 0.5140625 0.09531250000000001 0.13125
0 0.728125 0.46875 0.09375 0.11875000000000001
0 0.7289062500000001 0.32578125 0.0671875 0.0890625
0 0.49375 0.38515625000000003 0.0625 0.0765625
0 0.64375 0.375 0.0625 0.08125
0 0.6765625000000001 0.375 0.0625 0.084375
0 0.92734375 0.1921875 0.1203125 0.16562500000000002
0 0.87421875 0.22265625 0.1015625 0.13593750000000002
0 0.5734375 0.03515625 0.09375 0.0671875
0 0.5242187500000001 0.057031250000000006 0.1015625 0.11093750000000001
0 0.209375 0.240625 0.19687500000000002 0.25
0 0.31328125 0.14140625 0.18906250000000002 0.2265625
0 0.4296875 0.3765625 0.053125000000000006 0.0625
0 0.6804687500000001 0.29375 0.045312500000000006 0.0625
0 0.796875 0.19609375 0.043750000000000004 0.0578125
0 0.14609375 0.434375 0.11406250000000001 0.146875
0 0.22265625 0.45625000000000004 0.1078125 0.15625
