0 0.8953125000000001 0.45859375 0.20625000000000002 0.09843750000000001
0 0.9695312500000001 0.5171875 0.0578125 0.08750000000000001
0 0.984375 0.42109375000000004 0.028125 0.0703125
0 0.9015625 0.2765625 0.19375 0.084375
0 0.6046875 0.27734375 0.16562500000000002 0.06406250000000001
0 0.6578125 0.21015625000000002 0.16562500000000002 0.0703125
0 0.8500000000000001 0.084375 0.184375 0.08125
0 0.9578125000000001 0.018750000000000003 0.08125 0.037500000000000006
0 0.53828125 0.1 0.1546875 0.078125
0 0.6546875000000001 0.13515625 0.125 0.0671875
0 0.4859375 0.2265625 0.16562500000000002 0.078125
0 0.53828125 0.2859375 0.18906250000000002 0.08750000000000001
0 0.56875 0.14765625000000002 0.153125 0.0671875
0 0.5859375 0.02890625 0.11875000000000001 0.0578125
0 0.52734375 0.041406250000000006 0.1421875 0.0546875
0 0.43203125000000003 0.05234375 0.1421875 0.0703125
0 0.2078125 0.28828125 0.13125 0.0546875
0 0.19296875000000002 0.23203125000000002 0.1484375 0.0546875
0 0.26328125 0.2578125 0.0890625 0.05
0 0.26640625 0.321875 0.08281250000000001 0.046875
0 0.27265625 0.34609375000000003 0.08281250000000001 0.0546875
0 0.1875 0.33437500000000003 0.1125 0.078125
0 0.07187500000000001 0.33437500000000003 0.11875000000000001 0.05
0 0.057031250000000006 0.28828125 0.1015625 0.0546875
0 0.453125 0.44609375 0.1125 0.060937500000000006
0 0.46718750000000003 0.51171875 0.16562500000000002 0.0703125
0 0.40625 0.43046875 0.1125 0.060937500000000006
0 0.35234375 0.44843750000000004 0.13593750000000002 0.05
0 0.38203125000000004 0.48984375 0.13593750000000002 0.060937500000000006
0 0.36796875 0.55 0.1421875 0.059375000000000004
0 0.42421875000000003 0.58125 0.1484375 0.08125
0 0.2515625 0.49921875000000004 0.15937500000000002 0.0578125
0 0.91015625 0.7000000000000001 0.1765625 0.09062500000000001
0 0.9460937500000001 0.78515625 0.1046875 0.1078125
0 0.8500000000000001 0.784375 0.171875 0.084375
0 0.86484375 0.87109375 0.18906250000000002 0.1046875
0 0.96640625 0.84296875 0.06406250000000001 0.0734375
0 0.790625 0.7859375000000001 0.171875 0.08125
0 0.8265625000000001 0.8968750000000001 0.171875 0.08750000000000001
0 0.5085937500000001 0.66015625 0.1546875 0.0703125
0 0.54453125 0.73828125 0.1296875 0.060937500000000006
0 0.4296875 0.70078125 0.171875 0.0703125
0 0.34921875 0.66328125 0.1296875 0.0578125
0 0.22812500000000002 0.6703125000000001 0.125 0.05
0 0.2546875 0.7359375 0.10625000000000001 0.046875
0 0.37578125 0.73359375 0.13593750000000002 0.06406250000000001
0 0.48281250000000003 0.8695312500000001 0.125 0.060937500000000006
0 0.4265625 0.92109375 0.13125 0.0703125
0 0.05078125 0.884375 0.0765625 0.043750000000000004
0 0.045312500000000006 0.9140625 0.065625 0.037500000000000006
0 0.06796875000000001 0.509375 0.1015625 0.043750000000000004
0 0.065625 0.5375 0.07187500000000001 0.040625
0 0.34296875000000004 0.9539062500000001 0.1171875 0.0546875
