0 0.78671875 0.29140625000000003 0.1234375 0.1765625
0 0.2328125 0.29375 0.10625000000000001 0.19375
0 0.17734375000000002 0.29765625 0.0734375 0.2171875
0 0.051562500000000004 0.31171875000000004 0.10312500000000001 0.1609375
0 0.6000000000000001 0.34375 0.09062500000000001 0.12812500000000002
0 0.3296875 0.36875 0.11875000000000001 0.209375
0 0.2484375 0.46718750000000003 0.08750000000000001 0.084375
0 0.078125 0.4921875 0.1 0.15000000000000002
0 0.022656250000000003 0.5015625 0.045312500000000006 0.15937500000000002
0 0.8054687500000001 0.5015625 0.11406250000000001 0.153125
0 0.51953125 0.51953125 0.09843750000000001 0.15781250000000002
0 0.6578125 0.5265625 0.07187500000000001 0.15937500000000002
0 0.71640625 0.5421875 0.08281250000000001 0.178125
0 0.9609375 0.55 0.07500000000000001 0.17500000000000002
0 0.23125 0.553125 0.10312500000000001 0.153125
0 0.8968750000000001 0.5703125 0.078125 0.15937500000000002
0 0.4578125 0.57421875 0.08750000000000001 0.15156250000000002
0 0.31953125000000004 0.5765625 0.0734375 0.146875
0 0.59140625 0.5765625 0.060937500000000006 0.115625
0 0.14609375 0.58046875 0.09531250000000001 0.15781250000000002
0 0.790625 0.58203125 0.037500000000000006 0.0546875
0 0.74921875 0.5828125000000001 0.06406250000000001 0.12812500000000002
0 0.38828125 0.59375 0.07968750000000001 0.153125
0 0.8390625 0.6023437500000001 0.065625 0.09531250000000001
0 0.028125 0.6109375 0.05625 0.07187500000000001
0 0.503125 0.61875 0.053125000000000006 0.096875
0 0.6484375 0.62109375 0.059375000000000004 0.0765625
0 0.9453125 0.62421875 0.084375 0.0859375
0 0.21640625000000002 0.6265625 0.060937500000000006 0.065625
0 0.80859375 0.62890625 0.0546875 0.0671875
0 0.59609375 0.64375 0.0578125 0.06875
0 0.3296875 0.65 0.0625 0.07187500000000001
0 0.76171875 0.6507812500000001 0.051562500000000004 0.0765625
0 0.634375 0.6609375000000001 0.046875 0.053125000000000006
0 0.7140625 0.6625000000000001 0.07187500000000001 0.10312500000000001
0 0.8578125000000001 0.6664062500000001 0.05 0.07968750000000001
0 0.5328125 0.6703125000000001 0.059375000000000004 0.096875
0 0.48203125 0.6742187500000001 0.051562500000000004 0.0734375
0 0.17734375000000002 0.6796875 0.051562500000000004 0.06875
0 0.6507812500000001 0.6984375 0.051562500000000004 0.07187500000000001
0 0.77109375 0.6984375 0.045312500000000006 0.0625
0 0.08281250000000001 0.703125 0.040625 0.07187500000000001
0 0.61328125 0.7132812500000001 0.0421875 0.06406250000000001
0 0.45156250000000003 0.7132812500000001 0.040625 0.060937500000000006
0 0.24140625000000002 0.721875 0.0421875 0.07187500000000001
0 0.32343750000000004 0.7234375000000001 0.037500000000000006 0.084375
0 0.49296875 0.72578125 0.0328125 0.0484375
0 0.10078125 0.7250000000000001 0.0421875 0.07500000000000001
0 0.39140625 0.7265625 0.045312500000000006 0.05625
0 0.28203125 0.7273437500000001 0.051562500000000004 0.1046875
0 0.060937500000000006 0.7273437500000001 0.034375 0.0734375
0 0.3515625 0.7367187500000001 0.043750000000000004 0.0671875
0 0.53515625 0.7367187500000001 0.0484375 0.045312500000000006
0 0.16875 0.7375 0.05 0.05625
0 0.025781250000000002 0.74140625 0.051562500000000004 0.0859375
0 0.12578125 0.7421875 0.0546875 0.096875
0 0.43593750000000003 0.75703125 0.034375 0.0671875
0 0.66328125 0.7585937500000001 0.0390625 0.0578125
0 0.484375 0.759375 0.037500000000000006 0.05625
0 0.6265625 0.7671875 0.040625 0.065625
0 0.39375000000000004 0.775 0.040625 0.07187500000000001
0 0.6804687500000001 0.7914062500000001 0.0390625 0.07968750000000001
0 0.7796875000000001 0.79453125 0.037500000000000006 0.06406250000000001
0 0.96875 0.7992187500000001 0.037500000000000006 0.0578125
0 0.828125 0.80078125 0.043750000000000004 0.0671875
0 0.6000000000000001 0.8015625000000001 0.037500000000000006 0.084375
0 0.9906250000000001 0.8109375000000001 0.015625 0.0625
0 0.27109375 0.8210937500000001 0.045312500000000006 0.0671875
0 0.23203125000000002 0.8234375 0.0421875 0.065625
0 0.7265625 0.8296875 0.034375 0.05625
0 0.62890625 0.8328125000000001 0.0421875 0.059375000000000004
0 0.9164062500000001 0.8390625 0.045312500000000006 0.065625
0 0.8828125 0.8406250000000001 0.037500000000000006 0.06875
0 0.96015625 0.84375 0.0421875 0.05625
0 0.76484375 0.8460937500000001 0.0328125 0.0484375
0 0.81640625 0.846875 0.0546875 0.05625
0 0.51171875 0.8515625 0.0328125 0.05
0 0.6890625 0.8609375 0.037500000000000006 0.06875
0 0.5390625 0.86328125 0.034375 0.0484375
0 0.5945312500000001 0.8640625000000001 0.0421875 0.065625
0 0.4265625 0.8671875 0.037500000000000006 0.05625
0 0.734375 0.8671875 0.037500000000000006 0.046875
0 0.9617187500000001 0.08671875000000001 0.0734375 0.17343750000000002
0 0.84921875 0.875 0.0328125 0.0625
0 0.9 0.8773437500000001 0.03125 0.035937500000000004
0 0.48828125 0.88203125 0.0390625 0.06406250000000001
0 0.76328125 0.8875000000000001 0.0328125 0.046875
0 0.225 0.09453125000000001 0.13125 0.1640625
0 0.9 0.13671875 0.1 0.15156250000000002
0 0.051562500000000004 0.14296875 0.10312500000000001 0.1953125
0 0.8070312500000001 0.153125 0.18281250000000002 0.215625
0 0.40937500000000004 0.1703125 0.15937500000000002 0.21250000000000002
0 0.5578125 0.20468750000000002 0.12812500000000002 0.25
0 0.94140625 0.22890625 0.11406250000000001 0.26406250000000003
0 0.2859375 0.240625 0.1375 0.23125
0 0.66953125 0.2546875 0.1296875 0.259375
