0 0.5765625 0.18359375 0.325 0.3484375
0 0.27109375 0.29531250000000003 0.2703125 0.36875
0 0.47968750000000004 0.3875 0.275 0.39375000000000004
0 0.7054687500000001 0.36328125 0.2671875 0.33906250000000004
0 0.18125000000000002 0.69921875 0.146875 0.1953125
0 0.36171875000000003 0.58515625 0.15156250000000002 0.24531250000000002
0 0.48281250000000003 0.5875 0.19687500000000002 0.24375000000000002
0 0.703125 0.8125 0.12187500000000001 0.1625
0 0.56640625 0.8132812500000001 0.1265625 0.1921875
0 0.35000000000000003 0.815625 0.125 0.178125
0 0.43359375 0.884375 0.0921875 0.12812500000000002
0 0.26015625000000003 0.83125 0.1265625 0.1875
