0 0.8984375 0.9296875 0.15625 0.1375
0 0.696875 0.4578125 0.215625 0.19062500000000002
0 0.92734375 0.45234375000000004 0.1421875 0.24531250000000002
0 0.41875 0.34453125 0.19687500000000002 0.16718750000000002
0 0.31640625 0.43046875 0.1921875 0.1640625
0 0.16328125000000002 0.5484375 0.1296875 0.125
0 0.14296875 0.76953125 0.1265625 0.11406250000000001
0 0.034375 0.69921875 0.040625 0.0734375
0 0.06640625 0.7140625 0.1078125 0.125
0 0.08359375000000001 0.4859375 0.11406250000000001 0.10312500000000001
0 0.06015625 0.42734375 0.0578125 0.08281250000000001
0 0.48281250000000003 0.19062500000000002 0.10312500000000001 0.09375
0 0.86875 0.2734375 0.21250000000000002 0.178125
0 0.7093750000000001 0.3046875 0.178125 0.153125
0 0.94296875 0.09843750000000001 0.11093750000000001 0.1625
0 0.259375 0.6351562500000001 0.040625 0.0390625
0 0.24609375 0.5476562500000001 0.0484375 0.0484375
0 0.21953125 0.60859375 0.0484375 0.045312500000000006
0 0.27578125000000003 0.54609375 0.0484375 0.045312500000000006
0 0.5515625000000001 0.73359375 0.046875 0.0484375
0 0.4296875 0.728125 0.040625 0.046875
0 0.36875 0.7875000000000001 0.037500000000000006 0.05
0 0.21484375 0.6585937500000001 0.051562500000000004 0.0484375
