0 0.5234375 0.5515625000000001 0.08750000000000001 0.15000000000000002
0 0.5906250000000001 0.59609375 0.096875 0.1453125
0 0.45859375 0.54921875 0.07968750000000001 0.1203125
0 0.33046875000000003 0.09453125000000001 0.1171875 0.18281250000000002
0 0.51328125 0.115625 0.13593750000000002 0.21875
0 0.30390625000000004 0.3765625 0.09843750000000001 0.17500000000000002
0 0.30703125000000003 0.44062500000000004 0.11406250000000001 0.19062500000000002
0 0.24140625000000002 0.31484375000000003 0.09843750000000001 0.17343750000000002
0 0.2390625 0.48125 0.10625000000000001 0.203125
0 0.49453125000000003 0.63046875 0.0890625 0.1546875
0 0.546875 0.65234375 0.09375 0.1453125
0 0.6734375 0.521875 0.09062500000000001 0.15625
0 0.70703125 0.6046875 0.1015625 0.19062500000000002
0 0.66796875 0.6726562500000001 0.08281250000000001 0.1640625
0 0.7367187500000001 0.6585937500000001 0.0890625 0.1640625
0 0.4921875 0.75703125 0.08125 0.1609375
0 0.66015625 0.80625 0.0765625 0.13125
0 0.7296875 0.78515625 0.065625 0.11406250000000001
0 0.7515625 0.12109375 0.12187500000000001 0.18281250000000002
0 0.91796875 0.18671875000000002 0.1265625 0.22031250000000002
0 0.16562500000000002 0.30000000000000004 0.096875 0.134375
0 0.11953125 0.41875 0.09843750000000001 0.1625
0 0.28046875 0.775 0.0734375 0.134375
0 0.32656250000000003 0.80078125 0.08125 0.1265625
0 0.3140625 0.7078125000000001 0.059375000000000004 0.084375
0 0.34687500000000004 0.7171875000000001 0.065625 0.08750000000000001
0 0.4546875 0.65 0.078125 0.134375
0 0.31328125 0.92109375 0.06406250000000001 0.1203125
0 0.26406250000000003 0.9109375000000001 0.078125 0.12812500000000002
0 0.8375 0.10546875 0.12187500000000001 0.1296875
0 0.8289062500000001 0.2078125 0.11093750000000001 0.18125000000000002
0 0.06015625 0.5140625 0.0921875 0.153125
0 0.8812500000000001 0.56171875 0.08750000000000001 0.1546875
0 0.92578125 0.6351562500000001 0.1078125 0.15781250000000002
0 0.953125 0.721875 0.078125 0.13125
0 0.48359375000000004 0.93359375 0.0578125 0.1046875
0 0.059375000000000004 0.34296875000000004 0.08750000000000001 0.1640625
