0 0.31953125000000004 0.5875 0.1765625 0.134375
0 0.09765625 0.5085937500000001 0.1609375 0.1421875
0 0.1125 0.36171875000000003 0.043750000000000004 0.1265625
0 0.22265625 0.46640625 0.1421875 0.1453125
0 0.57421875 0.6843750000000001 0.0921875 0.15000000000000002
0 0.4625 0.55625 0.16562500000000002 0.15625
0 0.23828125 0.31171875000000004 0.1640625 0.1296875
0 0.34687500000000004 0.4265625 0.14375000000000002 0.009375000000000001
0 0.48203125 0.39687500000000003 0.045312500000000006 0.140625
0 0.37734375000000003 0.26484375 0.1609375 0.010937500000000001
0 0.27109375 0.1484375 0.045312500000000006 0.140625
0 0.12812500000000002 0.19765625 0.15625 0.1421875
0 0.15937500000000002 0.06953125 0.16562500000000002 0.1078125
0 0.6390625000000001 0.16640625 0.22187500000000002 0.1546875
0 0.7734375 0.30703125000000003 0.17500000000000002 0.010937500000000001
0 0.59765625 0.5203125000000001 0.1765625 0.053125000000000006
0 0.71875 0.6546875000000001 0.1875 0.178125
0 0.74921875 0.4703125 0.1953125 0.134375
0 0.87421875 0.6140625000000001 0.1703125 0.18125000000000002
0 0.83359375 0.7937500000000001 0.0484375 0.16562500000000002
0 0.8734375000000001 0.4390625 0.153125 0.15937500000000002
0 0.62265625 0.34765625 0.18906250000000002 0.1484375
0 0.49531250000000004 0.21796875000000002 0.15625 0.15156250000000002
0 0.39375000000000004 0.09609375 0.19687500000000002 0.1390625
