0 0.12421875 0.19453125000000002 0.24531250000000002 0.38593750000000004
0 0.27968750000000003 0.27734375 0.278125 0.45156250000000003
0 0.33828125000000003 0.484375 0.2546875 0.4375
0 0.5296875 0.58203125 0.22812500000000002 0.35781250000000003
0 0.44609375 0.6015625 0.23593750000000002 0.41250000000000003
0 0.7250000000000001 0.596875 0.2625 0.45
0 0.8539062500000001 0.5984375000000001 0.2109375 0.34375
0 0.53671875 0.7609375 0.2234375 0.39687500000000003
0 0.6585937500000001 0.8125 0.2421875 0.371875
0 0.84296875 0.80625 0.2265625 0.384375
0 0.90390625 0.34921875 0.17343750000000002 0.33906250000000004
