0 0.3046875 0.6335937500000001 0.14375000000000002 0.2609375
0 0.45234375000000004 0.7156250000000001 0.1453125 0.22812500000000002
0 0.30000000000000004 0.38046875 0.14375000000000002 0.2390625
0 0.6062500000000001 0.69921875 0.140625 0.18906250000000002
0 0.55078125 0.5476562500000001 0.1453125 0.24531250000000002
0 0.41015625 0.5296875 0.1265625 0.240625
0 0.43359375 0.30546875 0.1609375 0.2578125
0 0.85546875 0.7484375000000001 0.1203125 0.25
0 0.95703125 0.7195312500000001 0.08281250000000001 0.2609375
0 0.7757812500000001 0.484375 0.11406250000000001 0.23125
0 0.85546875 0.2515625 0.1203125 0.2
0 0.7273437500000001 0.27578125000000003 0.1546875 0.2546875
0 0.85859375 0.09921875000000001 0.1390625 0.1953125
0 0.29921875000000003 0.24296875 0.1234375 0.1453125
0 0.69453125 0.1625 0.13593750000000002 0.23125
0 0.6875 0.6195312500000001 0.1125 0.1484375
