0 0.21406250000000002 0.1640625 0.26875 0.328125
0 0.8625 0.24609375 0.27187500000000003 0.35781250000000003
0 0.59609375 0.0859375 0.26406250000000003 0.171875
0 0.41328125000000004 0.03125 0.2234375 0.0625
0 0.4 0.08203125 0.25625000000000003 0.1640625
0 0.38671875 0.32734375000000004 0.29531250000000003 0.37343750000000003
0 0.6671875 0.24765625000000002 0.26875 0.35468750000000004
0 0.7289062500000001 0.44453125000000004 0.27968750000000003 0.3203125
0 0.17500000000000002 0.43281250000000004 0.22812500000000002 0.321875
0 0.3328125 0.46406250000000004 0.19375 0.215625
0 0.20625000000000002 0.7367187500000001 0.20625000000000002 0.27968750000000003
0 0.38203125000000004 0.75 0.1703125 0.23125
0 0.584375 0.70859375 0.19687500000000002 0.3015625
0 0.52890625 0.7000000000000001 0.16718750000000002 0.23750000000000002
0 0.6937500000000001 0.6046875 0.184375 0.209375
0 0.80390625 0.640625 0.18281250000000002 0.23750000000000002
0 0.8054687500000001 0.859375 0.18906250000000002 0.134375
0 0.6703125000000001 0.83515625 0.146875 0.1546875
