0 0.31171875000000004 0.07578125000000001 0.1078125 0.15156250000000002
0 0.4921875 0.08984375 0.12187500000000001 0.1796875
0 0.2765625 0.36328125 0.09375 0.17343750000000002
0 0.20859375000000002 0.47265625 0.1015625 0.21406250000000002
0 0.21250000000000002 0.30859375 0.09062500000000001 0.17343750000000002
0 0.14140625 0.30000000000000004 0.0890625 0.1375
0 0.08671875000000001 0.42265625 0.0921875 0.16718750000000002
0 0.035937500000000004 0.5140625 0.07187500000000001 0.171875
0 0.23750000000000002 0.759375 0.06875 0.140625
0 0.18203125 0.7890625 0.0671875 0.12812500000000002
0 0.21406250000000002 0.69453125 0.06875 0.1046875
0 0.27578125000000003 0.6976562500000001 0.0578125 0.09531250000000001
0 0.2828125 0.78125 0.084375 0.125
0 0.42421875000000003 0.51796875 0.0765625 0.1171875
0 0.48828125 0.5109375 0.08281250000000001 0.146875
0 0.5554687500000001 0.5476562500000001 0.1015625 0.1609375
0 0.63984375 0.47500000000000003 0.07968750000000001 0.140625
0 0.66953125 0.54609375 0.0890625 0.16718750000000002
0 0.62890625 0.6171875 0.0734375 0.140625
0 0.61875 0.7453125 0.06875 0.134375
0 0.6859375000000001 0.71640625 0.0625 0.11093750000000001
0 0.70078125 0.5953125 0.07968750000000001 0.153125
0 0.45234375000000004 0.721875 0.0734375 0.140625
0 0.45703125 0.6015625 0.08281250000000001 0.140625
0 0.5140625 0.6125 0.07500000000000001 0.134375
0 0.41718750000000004 0.6140625000000001 0.07187500000000001 0.12812500000000002
0 0.40156250000000004 0.553125 0.07500000000000001 0.12812500000000002
0 0.728125 0.07734375 0.109375 0.1546875
0 0.80859375 0.1234375 0.09843750000000001 0.19062500000000002
0 0.89453125 0.10234375000000001 0.11406250000000001 0.20468750000000002
0 0.8054687500000001 0.16328125000000002 0.1046875 0.22031250000000002
0 0.81796875 0.0328125 0.1078125 0.065625
0 0.9125000000000001 0.15078125 0.1 0.1796875
0 0.88984375 0.553125 0.09531250000000001 0.15000000000000002
0 0.8453125 0.49531250000000004 0.0625 0.115625
0 0.72265625 0.42500000000000004 0.0859375 0.1375
0 0.91171875 0.6312500000000001 0.06406250000000001 0.12187500000000001
