0 0.1625 0.39453125 0.15000000000000002 0.1296875
0 0.278125 0.4375 0.15937500000000002 0.140625
0 0.38984375000000004 0.36171875000000003 0.15781250000000002 0.1328125
0 0.52890625 0.3453125 0.1546875 0.134375
0 0.7601562500000001 0.31484375000000003 0.1640625 0.13593750000000002
0 0.65 0.38828125 0.153125 0.1234375
0 0.784375 0.43125 0.16875 0.134375
0 0.5484375 0.45625000000000004 0.153125 0.125
0 0.40390625 0.47578125000000004 0.1640625 0.1296875
0 0.178125 0.5125000000000001 0.16562500000000002 0.13125
0 0.29765625 0.5554687500000001 0.15156250000000002 0.13593750000000002
0 0.19296875000000002 0.6257812500000001 0.15781250000000002 0.1328125
0 0.67890625 0.5015625 0.1640625 0.13125
0 0.8148437500000001 0.5437500000000001 0.1703125 0.1375
0 0.5632812500000001 0.5796875 0.1546875 0.140625
0 0.4234375 0.5945312500000001 0.15625 0.13593750000000002
0 0.8375 0.66171875 0.178125 0.13593750000000002
0 0.7000000000000001 0.6203125 0.16875 0.134375
0 0.5890625 0.6921875000000001 0.16562500000000002 0.14375000000000002
0 0.44609375 0.7109375 0.1640625 0.134375
0 0.31953125000000004 0.6687500000000001 0.1609375 0.140625
0 0.20859375000000002 0.7445312500000001 0.1609375 0.1421875
