0 0.8132812500000001 0.8140625 0.37031250000000004 0.3125
0 0.5109375 0.878125 0.40625 0.23750000000000002
0 0.49296875 0.18671875000000002 0.2234375 0.1859375
0 0.29453125 0.2625 0.2390625 0.19062500000000002
0 0.10312500000000001 0.34453125 0.19687500000000002 0.2015625
0 0.521875 0.31015625 0.209375 0.08281250000000001
0 0.51953125 0.31328125 0.2609375 0.19843750000000002
0 0.1171875 0.47187500000000004 0.21875 0.21250000000000002
0 0.790625 0.3671875 0.30000000000000004 0.215625
0 0.503125 0.44765625000000003 0.3375 0.3171875
0 0.29921875000000003 0.54296875 0.3046875 0.24531250000000002
0 0.09609375 0.6117187500000001 0.1703125 0.1859375
0 0.7445312500000001 0.6109375 0.3171875 0.275
0 0.47421875 0.70234375 0.3453125 0.26406250000000003
0 0.20703125 0.7992187500000001 0.32656250000000003 0.2765625
