0 0.6671875 0.8601562500000001 0.19062500000000002 0.09843750000000001
0 0.5921875 0.7875000000000001 0.20625000000000002 0.10625000000000001
0 0.6890625 0.7093750000000001 0.18125000000000002 0.096875
0 0.51796875 0.71875 0.18281250000000002 0.09062500000000001
0 0.6000000000000001 0.4703125 0.16875 0.08750000000000001
0 0.71640625 0.32734375000000004 0.1453125 0.0859375
0 0.59765625 0.55234375 0.17343750000000002 0.08281250000000001
0 0.52734375 0.6257812500000001 0.1453125 0.0671875
0 0.52578125 0.42265625 0.17343750000000002 0.0890625
0 0.7664062500000001 0.15859375 0.18906250000000002 0.11093750000000001
0 0.628125 0.22265625 0.16875 0.1015625
0 0.68125 0.096875 0.203125 0.09062500000000001
0 0.5875 0.30781250000000004 0.16875 0.084375
0 0.3828125 0.12109375 0.1125 0.0578125
0 0.3921875 0.17421875 0.1125 0.0546875
0 0.58515625 0.92109375 0.15781250000000002 0.0734375
0 0.5945312500000001 0.9640625 0.1609375 0.059375000000000004
0 0.5078125 0.8484375000000001 0.12812500000000002 0.0625
0 0.33984375 0.8382812500000001 0.1234375 0.0671875
0 0.5593750000000001 0.15078125 0.140625 0.0765625
0 0.29375 0.47187500000000004 0.10625000000000001 0.059375000000000004
0 0.4390625 0.63828125 0.109375 0.0671875
0 0.42812500000000003 0.5515625000000001 0.12812500000000002 0.07187500000000001
0 0.48828125 0.3125 0.1171875 0.078125
