0 0.8390625 0.5 0.07187500000000001 0.16875
0 0.8460937500000001 0.63046875 0.0546875 0.1296875
0 0.7406250000000001 0.45390625 0.046875 0.0890625
0 0.73359375 0.51484375 0.0390625 0.0734375
0 0.8546875 0.38906250000000003 0.025 0.043750000000000004
0 0.57578125 0.5789062500000001 0.051562500000000004 0.1234375
0 0.61328125 0.46796875000000004 0.026562500000000003 0.06406250000000001
0 0.5320312500000001 0.5234375 0.0546875 0.12812500000000002
0 0.50546875 0.46875 0.0390625 0.096875
0 0.47968750000000004 0.48828125 0.028125 0.0765625
0 0.43515625 0.49296875 0.035937500000000004 0.08281250000000001
0 0.43671875000000004 0.42890625000000004 0.0390625 0.0890625
0 0.40234375 0.38671875 0.026562500000000003 0.06406250000000001
0 0.36875 0.40468750000000003 0.03125 0.065625
0 0.3484375 0.44453125000000004 0.028125 0.0671875
0 0.3296875 0.43984375000000003 0.025 0.0765625
0 0.2671875 0.34765625 0.03125 0.0765625
0 0.28750000000000003 0.3953125 0.025 0.05625
0 0.17890625000000002 0.31093750000000003 0.0203125 0.03125
0 0.16171875000000002 0.32109375 0.0171875 0.029687500000000002
0 0.15234375 0.3359375 0.0171875 0.03125
0 0.1390625 0.3921875 0.015625 0.034375
0 0.19765625 0.35859375000000004 0.0171875 0.029687500000000002
0 0.18984375 0.3609375 0.0140625 0.028125
0 0.1875 0.38906250000000003 0.015625 0.03125
0 0.15546875000000002 0.40234375 0.0140625 0.029687500000000002
0 0.31640625 0.38515625000000003 0.026562500000000003 0.0546875
0 0.22968750000000002 0.35546875 0.018750000000000003 0.035937500000000004
