0 0.6000000000000001 0.2984375 0.321875 0.21875
0 0.2015625 0.34765625 0.22812500000000002 0.1453125
0 0.34921875 0.13203125000000002 0.1921875 0.1328125
0 0.38984375000000004 0.68515625 0.15781250000000002 0.09843750000000001
0 0.1953125 0.47265625 0.19375 0.1203125
0 0.25078125 0.53828125 0.2078125 0.1296875
0 0.8140625 0.55859375 0.30000000000000004 0.1953125
0 0.83515625 0.74921875 0.32656250000000003 0.2609375
0 0.5281250000000001 0.82578125 0.1375 0.09531250000000001
0 0.38984375000000004 0.75703125 0.1609375 0.1078125
0 0.384375 0.278125 0.23125 0.1625
0 0.44296875 0.9476562500000001 0.1328125 0.06406250000000001
0 0.2609375 0.8265625000000001 0.10625000000000001 0.07187500000000001
0 0.14765625000000002 0.28125 0.09843750000000001 0.059375000000000004
0 0.109375 0.24531250000000002 0.07500000000000001 0.053125000000000006
0 0.2921875 0.0578125 0.17500000000000002 0.1125
0 0.5632812500000001 0.77265625 0.11406250000000001 0.0671875
0 0.35468750000000004 0.64609375 0.15000000000000002 0.08281250000000001
0 0.31953125000000004 0.62109375 0.1296875 0.0859375
0 0.53359375 0.215625 0.2171875 0.134375
0 0.31796875 0.23671875 0.1796875 0.1265625
