0 0.8390625 0.44921875 0.31875000000000003 0.2109375
0 0.5476562500000001 0.45937500000000003 0.31093750000000003 0.29375
0 0.8015625000000001 0.8734375000000001 0.39375000000000004 0.25
0 0.48515625 0.8859375 0.4234375 0.225
0 0.20546875 0.7445312500000001 0.31093750000000003 0.2921875
0 0.47734375 0.7054687500000001 0.3671875 0.2578125
0 0.76328125 0.67109375 0.3609375 0.2421875
0 0.9242187500000001 0.6039062500000001 0.1484375 0.2015625
0 0.31171875000000004 0.5140625 0.2921875 0.22812500000000002
0 0.14296875 0.38359375 0.2265625 0.2015625
0 0.1203125 0.525 0.16875 0.184375
0 0.57578125 0.20234375000000002 0.2546875 0.18281250000000002
0 0.36015625 0.22578125000000002 0.23593750000000002 0.18906250000000002
0 0.14375000000000002 0.24140625000000002 0.234375 0.1703125
0 0.35625 0.35781250000000003 0.22812500000000002 0.178125
0 0.58984375 0.32890625 0.2546875 0.1796875
