0 0.20859375000000002 0.80234375 0.22968750000000002 0.23593750000000002
0 0.43984375000000003 0.8140625 0.2421875 0.259375
0 0.66796875 0.83515625 0.22968750000000002 0.2265625
0 0.29140625000000003 0.9609375 0.22031250000000002 0.07500000000000001
0 0.63828125 0.1203125 0.18281250000000002 0.1875
0 0.8234375 0.13515625 0.1875 0.18281250000000002
0 0.95859375 0.14140625 0.07968750000000001 0.1796875
0 0.43828125 0.20546875 0.19843750000000002 0.1953125
0 0.7078125000000001 0.28750000000000003 0.19062500000000002 0.1875
0 0.9070312500000001 0.3171875 0.18281250000000002 0.20625000000000002
0 0.10078125 0.37031250000000004 0.2015625 0.2
0 0.30234375 0.38671875 0.2078125 0.22968750000000002
0 0.5046875000000001 0.3875 0.2 0.19062500000000002
0 0.7859375000000001 0.5046875000000001 0.19687500000000002 0.21875
0 0.9515625000000001 0.50625 0.09375 0.23125
0 0.14609375 0.5875 0.2390625 0.203125
0 0.3765625 0.5921875 0.215625 0.234375
0 0.8812500000000001 0.7093750000000001 0.215625 0.22812500000000002
