0 0.6351562500000001 0.59765625 0.2609375 0.4421875
0 0.37812500000000004 0.5578125 0.203125 0.34687500000000004
0 0.5320312500000001 0.5265625 0.2421875 0.41250000000000003
0 0.675 0.49921875000000004 0.22187500000000002 0.3515625
0 0.3171875 0.41718750000000004 0.16875 0.284375
0 0.37890625 0.1234375 0.2265625 0.234375
0 0.125 0.7375 0.10625000000000001 0.15625
0 0.30625 0.81796875 0.09062500000000001 0.1453125
0 0.32890625 0.7515625 0.0703125 0.125
0 0.24765625000000002 0.81796875 0.09843750000000001 0.1328125
0 0.7796875000000001 0.67890625 0.096875 0.1390625
