0 0.27968750000000003 0.8718750000000001 0.215625 0.18125000000000002
0 0.09921875000000001 0.8828125 0.19843750000000002 0.19062500000000002
0 0.34453125 0.81640625 0.18281250000000002 0.1546875
0 0.060937500000000006 0.84375 0.12187500000000001 0.140625
0 0.6882812500000001 0.6859375000000001 0.1390625 0.15937500000000002
0 0.8828125 0.73984375 0.109375 0.1609375
0 0.5328125 0.8210937500000001 0.13125 0.1609375
0 0.49296875 0.78046875 0.0890625 0.1328125
0 0.5875 0.71015625 0.09375 0.09843750000000001
0 0.7835937500000001 0.6921875000000001 0.1171875 0.134375
0 0.8656250000000001 0.6898437500000001 0.109375 0.1296875
0 0.9296875 0.65390625 0.021875000000000002 0.0765625
0 0.74375 0.6117187500000001 0.10312500000000001 0.11406250000000001
0 0.2265625 0.234375 0.053125000000000006 0.053125000000000006
0 0.26015625000000003 0.234375 0.0484375 0.053125000000000006
0 0.22578125000000002 0.3015625 0.051562500000000004 0.059375000000000004
0 0.2625 0.2546875 0.043750000000000004 0.05
0 0.225 0.2703125 0.046875 0.040625
0 0.71796875 0.18203125 0.0484375 0.051562500000000004
0 0.64375 0.2609375 0.05 0.059375000000000004
0 0.6156250000000001 0.2484375 0.037500000000000006 0.046875
0 0.6781250000000001 0.20468750000000002 0.05 0.059375000000000004
0 0.66171875 0.24531250000000002 0.0421875 0.040625
0 0.6375000000000001 0.2265625 0.040625 0.043750000000000004
