0 0.73828125 0.47265625 0.2609375 0.2078125
0 0.7046875 0.8671875 0.225 0.15000000000000002
0 0.6937500000000001 0.76953125 0.209375 0.1546875
0 0.5906250000000001 0.5359375000000001 0.246875 0.18125000000000002
0 0.625 0.40468750000000003 0.23750000000000002 0.171875
0 0.8656250000000001 0.6570312500000001 0.1625 0.1453125
0 0.434375 0.6468750000000001 0.22187500000000002 0.15937500000000002
0 0.278125 0.45 0.28750000000000003 0.1875
0 0.26328125 0.57578125 0.2484375 0.17343750000000002
0 0.11328125 0.6062500000000001 0.2234375 0.19687500000000002
0 0.91015625 0.51796875 0.1203125 0.1609375
