0 0.32343750000000004 0.4421875 0.184375 0.2625
0 0.46171875 0.38671875 0.2015625 0.2390625
0 0.16484375 0.7429687500000001 0.2109375 0.2609375
0 0.27968750000000003 0.7875000000000001 0.171875 0.265625
0 0.38671875 0.7367187500000001 0.1953125 0.2515625
0 0.5398437500000001 0.7195312500000001 0.18281250000000002 0.2546875
0 0.60078125 0.496875 0.18906250000000002 0.26875
0 0.70078125 0.37578125 0.2078125 0.23593750000000002
0 0.8562500000000001 0.28359375000000003 0.184375 0.22968750000000002
0 0.9710937500000001 0.246875 0.0546875 0.23125
0 0.9109375000000001 0.47187500000000004 0.07500000000000001 0.09375
0 0.82578125 0.5609375 0.09843750000000001 0.146875
0 0.7445312500000001 0.52265625 0.1453125 0.1765625
0 0.7359375 0.6140625000000001 0.12812500000000002 0.153125
0 0.78046875 0.7117187500000001 0.07968750000000001 0.1078125
0 0.84921875 0.6875 0.0890625 0.1
0 0.8835937500000001 0.61640625 0.0859375 0.1078125
0 0.8859375 0.5578125 0.078125 0.08125
0 0.9671875000000001 0.42031250000000003 0.0625 0.084375
