0 0.48359375000000004 0.7703125000000001 0.2765625 0.19062500000000002
0 0.7328125000000001 0.875 0.321875 0.22812500000000002
0 0.8773437500000001 0.728125 0.2421875 0.209375
0 0.7609375 0.36015625 0.30312500000000003 0.2078125
0 0.55078125 0.37812500000000004 0.2578125 0.203125
0 0.70234375 0.2390625 0.2921875 0.20625000000000002
0 0.5750000000000001 0.23203125000000002 0.1875 0.1640625
0 0.45625000000000004 0.534375 0.234375 0.171875
0 0.29375 0.64453125 0.265625 0.1859375
0 0.23359375000000002 0.2484375 0.24531250000000002 0.19062500000000002
0 0.13593750000000002 0.31484375000000003 0.25 0.1796875
0 0.1640625 0.1703125 0.27187500000000003 0.184375
