0 0.33125000000000004 0.42812500000000003 0.20625000000000002 0.28125
0 0.47890625000000003 0.41640625000000003 0.22031250000000002 0.2609375
0 0.12812500000000002 0.665625 0.19375 0.284375
0 0.21250000000000002 0.7406250000000001 0.19375 0.284375
0 0.328125 0.7250000000000001 0.215625 0.27187500000000003
0 0.48046875 0.75390625 0.20468750000000002 0.2734375
0 0.59140625 0.5625 0.2109375 0.28750000000000003
0 0.71640625 0.47734375 0.2265625 0.2578125
0 0.8890625000000001 0.43671875000000004 0.203125 0.2484375
0 0.9851562500000001 0.43828125 0.026562500000000003 0.23593750000000002
0 0.9007812500000001 0.6312500000000001 0.08281250000000001 0.1
0 0.7976562500000001 0.690625 0.11093750000000001 0.15625
0 0.72578125 0.62890625 0.1609375 0.1921875
0 0.696875 0.7125 0.140625 0.16562500000000002
0 0.7210937500000001 0.8187500000000001 0.0890625 0.115625
0 0.79296875 0.8171875000000001 0.09843750000000001 0.109375
0 0.8421875000000001 0.759375 0.09375 0.115625
0 0.8578125000000001 0.7054687500000001 0.084375 0.0890625
0 0.96640625 0.60078125 0.06406250000000001 0.0921875
