0 0.27890625 0.59609375 0.2328125 0.3484375
0 0.46406250000000004 0.66171875 0.253125 0.32343750000000004
0 0.8 0.659375 0.275 0.325
0 0.63828125 0.49609375 0.2421875 0.3671875
0 0.9453125 0.77734375 0.10625000000000001 0.2984375
0 0.8445312500000001 0.45390625 0.18906250000000002 0.2171875
0 0.340625 0.18984375 0.246875 0.35468750000000004
0 0.5398437500000001 0.2078125 0.2546875 0.34687500000000004
0 0.09531250000000001 0.21484375 0.140625 0.3609375
0 0.1875 0.15234375 0.225 0.3015625
0 0.8265625000000001 0.359375 0.16875 0.253125
0 0.9390625 0.41640625000000003 0.11875000000000001 0.2578125
0 0.88984375 0.18906250000000002 0.1296875 0.15625
0 0.9609375 0.22265625 0.07500000000000001 0.1453125
