0 0.4609375 0.36015625 0.46875 0.6078125000000001
0 0.525 0.75703125 0.484375 0.48281250000000003
0 0.8546875 0.8148437500000001 0.28750000000000003 0.3671875
0 0.8734375000000001 0.53515625 0.25 0.3796875
0 0.68671875 0.58203125 0.2765625 0.3796875
0 0.8187500000000001 0.23515625 0.30312500000000003 0.37031250000000004
0 0.6531250000000001 0.12734375 0.265625 0.18281250000000002
0 0.12812500000000002 0.35781250000000003 0.253125 0.375
0 0.19140625 0.1640625 0.27968750000000003 0.24375000000000002
0 0.42578125 0.1171875 0.27968750000000003 0.19375
0 0.15937500000000002 0.6648437500000001 0.259375 0.3453125
0 0.6265625 0.25859375 0.26875 0.3609375
