0 0.8054687500000001 0.92890625 0.0921875 0.0671875
0 0.82734375 0.875 0.0890625 0.06875
0 0.7523437500000001 0.9906250000000001 0.0703125 0.015625
0 0.8070312500000001 0.94296875 0.08281250000000001 0.060937500000000006
0 0.83125 0.8031250000000001 0.096875 0.07187500000000001
0 0.80234375 0.7734375 0.09843750000000001 0.078125
0 0.784375 0.7210937500000001 0.084375 0.0671875
0 0.79609375 0.671875 0.09531250000000001 0.06875
0 0.675 0.7601562500000001 0.06875 0.045312500000000006
0 0.69921875 0.8203125 0.0765625 0.05625
0 0.6265625 0.88671875 0.06875 0.051562500000000004
0 0.5906250000000001 0.87890625 0.0625 0.0484375
0 0.6976562500000001 0.9851562500000001 0.07968750000000001 0.026562500000000003
0 0.5296875 0.99609375 0.05 0.004687500000000001
0 0.7125 0.5007812500000001 0.07187500000000001 0.0578125
0 0.8601562500000001 0.43593750000000003 0.09531250000000001 0.065625
0 0.9007812500000001 0.42031250000000003 0.09843750000000001 0.065625
0 0.6859375000000001 0.42734375 0.065625 0.0484375
0 0.671875 0.45625000000000004 0.059375000000000004 0.043750000000000004
0 0.5859375 0.53671875 0.046875 0.0390625
0 0.56171875 0.55625 0.045312500000000006 0.03125
0 0.5734375 0.6101562500000001 0.053125000000000006 0.0390625
0 0.56640625 0.634375 0.051562500000000004 0.040625
0 0.5375 0.659375 0.053125000000000006 0.040625
0 0.51484375 0.83515625 0.0484375 0.035937500000000004
0 0.5328125 0.7976562500000001 0.046875 0.0390625
0 0.50546875 0.7625000000000001 0.0421875 0.03125
0 0.57265625 0.7117187500000001 0.0421875 0.035937500000000004
0 0.49609375 0.69921875 0.0421875 0.029687500000000002
0 0.48203125 0.6820312500000001 0.045312500000000006 0.026562500000000003
0 0.50625 0.87421875 0.037500000000000006 0.0328125
0 0.5125000000000001 0.9867187500000001 0.05 0.0234375
0 0.509375 0.9953125 0.053125000000000006 0.00625
0 0.45859375 0.9671875000000001 0.0484375 0.034375
0 0.41015625 0.9812500000000001 0.0421875 0.034375
0 0.48750000000000004 0.91015625 0.043750000000000004 0.0328125
0 0.47421875 0.884375 0.0546875 0.040625
0 0.5 0.8031250000000001 0.043750000000000004 0.034375
0 0.50234375 0.859375 0.0484375 0.03125
0 0.45078125 0.7703125000000001 0.0328125 0.025
0 0.45156250000000003 0.753125 0.040625 0.025
0 0.45 0.7375 0.034375 0.025
0 0.45859375 0.7140625 0.0328125 0.025
0 0.51171875 0.5554687500000001 0.035937500000000004 0.026562500000000003
0 0.5515625000000001 0.5328125 0.043750000000000004 0.03125
0 0.58125 0.503125 0.040625 0.03125
0 0.56484375 0.49375 0.0421875 0.03125
0 0.6734375 0.496875 0.059375000000000004 0.040625
0 0.70703125 0.48359375000000004 0.0703125 0.045312500000000006
0 0.50390625 0.5 0.0328125 0.025
0 0.98046875 0.33515625000000004 0.0234375 0.06406250000000001
0 0.9500000000000001 0.3875 0.084375 0.06875
0 0.8328125000000001 0.18203125 0.08125 0.0578125
0 0.7937500000000001 0.11796875000000001 0.06875 0.0578125
0 0.80625 0.16484375 0.05625 0.051562500000000004
0 0.8093750000000001 0.20703125 0.08125 0.0578125
0 0.7453125 0.33203125 0.065625 0.0484375
0 0.70859375 0.28515625 0.0703125 0.0546875
0 0.6984375 0.25546875 0.065625 0.045312500000000006
0 0.72421875 0.1609375 0.0671875 0.05625
0 0.69921875 0.1859375 0.0765625 0.05
0 0.659375 0.1765625 0.053125000000000006 0.037500000000000006
0 0.6570312500000001 0.13828125 0.0546875 0.0421875
0 0.63046875 0.17109375000000002 0.06406250000000001 0.045312500000000006
0 0.5859375 0.22421875000000002 0.05 0.0390625
0 0.5890625 0.328125 0.046875 0.034375
0 0.59375 0.35546875 0.043750000000000004 0.0328125
0 0.62109375 0.37109375 0.0421875 0.035937500000000004
0 0.68125 0.3171875 0.065625 0.046875
0 0.7132812500000001 0.35468750000000004 0.0765625 0.053125000000000006
0 0.70625 0.37421875000000004 0.065625 0.0421875
0 0.88671875 0.37578125 0.1015625 0.07968750000000001
0 0.553125 0.209375 0.05 0.037500000000000006
0 0.54140625 0.234375 0.045312500000000006 0.03125
0 0.5625 0.353125 0.037500000000000006 0.03125
0 0.5007812500000001 0.40859375000000003 0.0328125 0.026562500000000003
0 0.665625 0.11328125 0.043750000000000004 0.035937500000000004
0 0.6531250000000001 0.1046875 0.034375 0.034375
0 0.63984375 0.06796875000000001 0.0390625 0.029687500000000002
0 0.37343750000000003 0.9453125 0.043750000000000004 0.03125
0 0.5 0.384375 0.028125 0.021875000000000002
0 0.48828125 0.32890625 0.026562500000000003 0.0171875
0 0.44609375 0.49453125000000003 0.0203125 0.0140625
0 0.44609375 0.5109375 0.0203125 0.015625
0 0.815625 0.6960937500000001 0.07187500000000001 0.051562500000000004
0 0.8421875000000001 0.8328125000000001 0.08125 0.053125000000000006
0 0.6351562500000001 0.8296875 0.0671875 0.046875
0 0.6828125 0.8078125 0.07500000000000001 0.053125000000000006
0 0.54296875 0.7664062500000001 0.035937500000000004 0.0328125
0 0.5484375 0.7351562500000001 0.053125000000000006 0.0390625
