0 0.18828125 0.19453125000000002 0.1609375 0.2984375
0 0.84765625 0.58515625 0.09843750000000001 0.1796875
0 0.540625 0.309375 0.1 0.16562500000000002
0 0.6023437500000001 0.37265625 0.1171875 0.19843750000000002
0 0.2421875 0.48750000000000004 0.1 0.171875
0 0.30546875 0.51953125 0.0890625 0.17343750000000002
0 0.353125 0.49062500000000003 0.1 0.18125000000000002
0 0.41640625000000003 0.41796875 0.09531250000000001 0.17343750000000002
0 0.48203125 0.43203125000000003 0.11093750000000001 0.2015625
0 0.5437500000000001 0.45625000000000004 0.084375 0.1625
0 0.7140625 0.62421875 0.0625 0.1203125
0 0.67578125 0.48750000000000004 0.0484375 0.084375
0 0.7484375000000001 0.47968750000000004 0.065625 0.109375
0 0.8078125 0.44296875 0.07187500000000001 0.1015625
0 0.44609375 0.5750000000000001 0.060937500000000006 0.1125
0 0.4 0.62109375 0.05 0.0890625
0 0.7914062500000001 0.690625 0.0421875 0.07187500000000001
0 0.8125 0.7601562500000001 0.046875 0.07968750000000001
0 0.6335937500000001 0.47578125000000004 0.035937500000000004 0.060937500000000006
0 0.06640625 0.6703125000000001 0.060937500000000006 0.109375
0 0.19765625 0.58828125 0.051562500000000004 0.0734375
0 0.521875 0.56796875 0.05 0.1015625
0 0.48828125 0.54921875 0.0546875 0.1046875
