0 0.146875 0.21250000000000002 0.22812500000000002 0.30000000000000004
0 0.80234375 0.22578125000000002 0.2390625 0.3203125
0 0.52578125 0.08125 0.23593750000000002 0.1625
0 0.34140625 0.0390625 0.2109375 0.078125
0 0.3296875 0.09375 0.23125 0.16875
0 0.3203125 0.35859375000000004 0.25 0.3359375
0 0.60078125 0.25 0.2265625 0.31875000000000003
0 0.66328125 0.43828125 0.2421875 0.2828125
0 0.11093750000000001 0.48750000000000004 0.1875 0.29375
0 0.26796875000000003 0.5007812500000001 0.16718750000000002 0.18906250000000002
0 0.1453125 0.7835937500000001 0.171875 0.2546875
0 0.3203125 0.7781250000000001 0.140625 0.209375
0 0.52265625 0.7156250000000001 0.15781250000000002 0.278125
0 0.46796875000000004 0.7125 0.1390625 0.21875
0 0.63046875 0.6000000000000001 0.1609375 0.184375
0 0.7421875 0.6234375000000001 0.153125 0.21250000000000002
0 0.7468750000000001 0.8390625 0.17500000000000002 0.10625000000000001
0 0.6101562500000001 0.83125 0.1296875 0.134375
