0 0.8601562500000001 0.33437500000000003 0.09843750000000001 0.19062500000000002
0 0.7875000000000001 0.40937500000000004 0.10625000000000001 0.20625000000000002
0 0.7093750000000001 0.31093750000000003 0.096875 0.18125000000000002
0 0.71875 0.48359375000000004 0.09062500000000001 0.18281250000000002
0 0.4703125 0.4 0.08750000000000001 0.16875
0 0.32734375000000004 0.28359375000000003 0.0859375 0.1453125
0 0.55234375 0.40234375 0.08281250000000001 0.17343750000000002
0 0.6257812500000001 0.47421875 0.0671875 0.1453125
0 0.42265625 0.47578125000000004 0.0890625 0.17343750000000002
0 0.15859375 0.23515625 0.11093750000000001 0.18906250000000002
0 0.22265625 0.371875 0.1015625 0.16875
0 0.096875 0.3203125 0.09062500000000001 0.203125
0 0.30781250000000004 0.41250000000000003 0.084375 0.16875
0 0.12109375 0.61875 0.0578125 0.1125
0 0.17421875 0.6078125000000001 0.0546875 0.1125
0 0.92109375 0.41484375 0.0734375 0.15781250000000002
0 0.9640625 0.40703125 0.059375000000000004 0.1609375
0 0.8484375000000001 0.4921875 0.0625 0.12812500000000002
0 0.8382812500000001 0.66015625 0.0671875 0.1234375
0 0.15078125 0.4421875 0.0765625 0.140625
0 0.47187500000000004 0.7078125000000001 0.059375000000000004 0.10625000000000001
0 0.63828125 0.5625 0.0671875 0.109375
0 0.5515625000000001 0.5734375 0.07187500000000001 0.12812500000000002
0 0.3125 0.51328125 0.078125 0.1171875
