0 0.36171875000000003 0.7039062500000001 0.2109375 0.32343750000000004
0 0.24296875 0.31562500000000004 0.1390625 0.22812500000000002
0 0.1125 0.55 0.12812500000000002 0.19375
0 0.6218750000000001 0.3328125 0.09375 0.15937500000000002
0 0.353125 0.25234375000000003 0.115625 0.1953125
0 0.434375 0.2734375 0.125 0.209375
0 0.6820312500000001 0.78125 0.1859375 0.30312500000000003
0 0.8718750000000001 0.7375 0.25 0.3875
0 0.80078125 0.3953125 0.0921875 0.1375
0 0.6843750000000001 0.3015625 0.10312500000000001 0.1625
0 0.25625000000000003 0.5164062500000001 0.15625 0.2328125
0 0.88984375 0.2546875 0.0859375 0.13125
0 0.6937500000000001 0.15000000000000002 0.06875 0.10625000000000001
0 0.16328125000000002 0.296875 0.0546875 0.096875
0 0.115625 0.27968750000000003 0.05 0.07500000000000001
0 0.039843750000000004 0.534375 0.0765625 0.178125
0 0.76953125 0.45156250000000003 0.06406250000000001 0.115625
0 0.571875 0.31875000000000003 0.078125 0.15000000000000002
0 0.53515625 0.29921875000000003 0.08281250000000001 0.1296875
0 0.2625 0.6804687500000001 0.12812500000000002 0.22031250000000002
0 0.19375 0.47187500000000004 0.12187500000000001 0.18125000000000002
