0 0.58359375 0.728125 0.17343750000000002 0.23125
0 0.2015625 0.784375 0.11875000000000001 0.20625000000000002
0 0.2921875 0.7515625 0.125 0.1875
0 0.48828125 0.5953125 0.1484375 0.22187500000000002
0 0.6195312500000001 0.5984375000000001 0.1390625 0.215625
0 0.43984375000000003 0.8953125000000001 0.1265625 0.140625
0 0.34453125 0.465625 0.1296875 0.2
0 0.49375 0.26328125 0.146875 0.26406250000000003
0 0.37031250000000004 0.27890625 0.1375 0.2265625
0 0.29921875000000003 0.11875000000000001 0.1609375 0.234375
0 0.5859375 0.91953125 0.14375000000000002 0.11406250000000001
