0 0.7640625000000001 0.81953125 0.203125 0.2171875
0 0.7734375 0.61640625 0.22187500000000002 0.2109375
0 0.7273437500000001 0.3765625 0.24531250000000002 0.21875
0 0.775 0.17890625000000002 0.22812500000000002 0.2390625
0 0.49843750000000003 0.15859375 0.22812500000000002 0.2109375
0 0.49140625000000004 0.33515625000000004 0.24531250000000002 0.1953125
0 0.50546875 0.525 0.2484375 0.22187500000000002
0 0.46953125 0.71015625 0.22968750000000002 0.2171875
0 0.48203125 0.89453125 0.2765625 0.1921875
0 0.24375000000000002 0.915625 0.23750000000000002 0.16562500000000002
0 0.23828125 0.6742187500000001 0.2609375 0.2015625
0 0.2515625 0.48046875 0.275 0.2171875
0 0.29375 0.1875 0.246875 0.25625000000000003
0 0.9015625 0.4921875 0.19375 0.275
0 0.146875 0.32343750000000004 0.225 0.1875
0 0.1171875 0.9031250000000001 0.184375 0.19062500000000002
0 0.11953125 0.7250000000000001 0.17343750000000002 0.19375
0 0.8773437500000001 0.846875 0.2171875 0.18125000000000002
