0 0.5007812500000001 0.9125000000000001 0.4703125 0.171875
0 0.6671875 0.671875 0.40937500000000004 0.390625
0 0.8226562500000001 0.35078125000000004 0.3359375 0.3515625
0 0.65 0.19296875000000002 0.36250000000000004 0.3296875
0 0.33359375 0.7093750000000001 0.3796875 0.359375
0 0.15937500000000002 0.91171875 0.31875000000000003 0.17343750000000002
0 0.51953125 0.4578125 0.3515625 0.29375
0 0.22812500000000002 0.50390625 0.3125 0.2921875
0 0.37265625 0.2921875 0.3046875 0.278125
0 0.27187500000000003 0.15625 0.259375 0.215625
0 0.13125 0.34921875 0.23125 0.2171875
0 0.10859375 0.759375 0.2171875 0.28750000000000003
