0 0.47421875 0.57734375 0.1546875 0.13593750000000002
0 0.31484375000000003 0.6859375000000001 0.1265625 0.1125
0 0.54609375 0.6507812500000001 0.1765625 0.1453125
0 0.53046875 0.76328125 0.1640625 0.1640625
0 0.40078125000000003 0.67890625 0.1234375 0.1203125
0 0.44921875 0.640625 0.15781250000000002 0.1375
0 0.6195312500000001 0.34375 0.0921875 0.07500000000000001
0 0.67578125 0.16640625 0.11093750000000001 0.09531250000000001
0 0.28046875 0.26953125 0.1203125 0.08281250000000001
0 0.49609375 0.178125 0.1171875 0.09062500000000001
0 0.49062500000000003 0.2515625 0.1125 0.08750000000000001
0 0.35000000000000003 0.29453125 0.109375 0.0890625
0 0.7875000000000001 0.47187500000000004 0.078125 0.065625
0 0.846875 0.446875 0.078125 0.065625
