0 0.4890625 0.6546875000000001 0.41250000000000003 0.55625
0 0.56015625 0.22109375 0.41718750000000004 0.4390625
0 0.22265625 0.13046875 0.3203125 0.2578125
0 0.1234375 0.36171875000000003 0.24375000000000002 0.32656250000000003
0 0.10078125 0.6546875000000001 0.19843750000000002 0.321875
0 0.8453125 0.7828125 0.259375 0.321875
0 0.3125 0.390625 0.16875 0.27187500000000003
0 0.6976562500000001 0.9171875 0.2578125 0.15000000000000002
0 0.42890625000000004 0.9171875 0.2078125 0.11875000000000001
0 0.20625000000000002 0.8640625000000001 0.22812500000000002 0.15937500000000002
