0 0.8031250000000001 0.32734375000000004 0.3375 0.26406250000000003
0 0.5242187500000001 0.4265625 0.33906250000000004 0.34375
0 0.8234375 0.7664062500000001 0.35000000000000003 0.3484375
0 0.55625 0.8484375000000001 0.4375 0.265625
0 0.2484375 0.8125 0.353125 0.34375
0 0.509375 0.6882812500000001 0.390625 0.3203125
0 0.775 0.56953125 0.38125000000000003 0.3046875
0 0.9140625 0.44609375 0.16875 0.2328125
0 0.309375 0.55078125 0.3125 0.2765625
0 0.13125 0.47500000000000003 0.225 0.23750000000000002
0 0.12734375 0.6203125 0.1859375 0.209375
0 0.49609375 0.16640625 0.2703125 0.2265625
0 0.29375 0.253125 0.253125 0.22812500000000002
0 0.11406250000000001 0.33515625000000004 0.203125 0.2078125
0 0.31796875 0.38515625000000003 0.24531250000000002 0.2171875
0 0.53515625 0.28515625 0.2703125 0.2234375
