0 0.35000000000000003 0.5765625 0.1375 0.225
0 0.8757812500000001 0.6265625 0.1546875 0.253125
0 0.5296875 0.50625 0.15000000000000002 0.253125
0 0.13593750000000002 0.921875 0.1375 0.153125
0 0.65625 0.4703125 0.12812500000000002 0.26875
0 0.690625 0.44375000000000003 0.125 0.23125
0 0.4296875 0.48281250000000003 0.146875 0.296875
0 0.75703125 0.7734375 0.1484375 0.209375
0 0.20078125000000002 0.86484375 0.1203125 0.2390625
0 0.57578125 0.44296875 0.1640625 0.2984375
0 0.32421875 0.49296875 0.16718750000000002 0.26406250000000003
