0 0.6664062500000001 0.6742187500000001 0.2328125 0.3046875
0 0.50390625 0.7171875000000001 0.22031250000000002 0.2625
0 0.45078125 0.540625 0.2578125 0.31562500000000004
0 0.64609375 0.33671875 0.2546875 0.33906250000000004
0 0.35234375 0.6609375000000001 0.22031250000000002 0.225
0 0.065625 0.5984375000000001 0.10625000000000001 0.325
0 0.1234375 0.6742187500000001 0.22812500000000002 0.3328125
0 0.36953125000000003 0.22578125000000002 0.26406250000000003 0.30781250000000004
0 0.29609375 0.09375 0.22031250000000002 0.184375
0 0.446875 0.1375 0.21250000000000002 0.27187500000000003
0 0.25703125 0.42734375 0.24531250000000002 0.3171875
