0 0.25078125 0.1765625 0.16718750000000002 0.24375000000000002
0 0.375 0.2015625 0.16562500000000002 0.253125
0 0.496875 0.23125 0.16562500000000002 0.234375
0 0.6203125 0.25859375 0.1625 0.2390625
0 0.7375 0.27968750000000003 0.15937500000000002 0.24375000000000002
0 0.8578125000000001 0.30312500000000003 0.15625 0.22187500000000002
0 0.946875 0.32578125 0.10312500000000001 0.24531250000000002
0 0.12265625000000001 0.14453125 0.1703125 0.2609375
0 0.1421875 0.36171875000000003 0.171875 0.2515625
0 0.2734375 0.390625 0.171875 0.246875
0 0.40468750000000003 0.40859375000000003 0.1625 0.2390625
0 0.52734375 0.43359375 0.1609375 0.2484375
0 0.65390625 0.45859375 0.15156250000000002 0.23593750000000002
0 0.77734375 0.478125 0.1546875 0.23750000000000002
0 0.89609375 0.5015625 0.1703125 0.240625
0 0.06328125 0.55859375 0.1265625 0.27968750000000003
0 0.16718750000000002 0.5765625 0.178125 0.2625
0 0.30859375 0.6015625 0.1703125 0.25625000000000003
0 0.4375 0.6195312500000001 0.171875 0.2515625
0 0.56640625 0.6421875 0.1703125 0.25625000000000003
0 0.6898437500000001 0.6625000000000001 0.17343750000000002 0.25625000000000003
0 0.8148437500000001 0.68125 0.1703125 0.25625000000000003
0 0.9234375 0.7000000000000001 0.134375 0.24375000000000002
0 0.07500000000000001 0.7796875000000001 0.15000000000000002 0.284375
0 0.1953125 0.80390625 0.184375 0.2984375
0 0.3328125 0.81640625 0.178125 0.2859375
0 0.465625 0.83984375 0.178125 0.2828125
0 0.6046875 0.8578125000000001 0.17500000000000002 0.2625
0 0.734375 0.878125 0.16562500000000002 0.240625
0 0.8578125000000001 0.88203125 0.178125 0.2328125
