0 0.9617187500000001 0.19296875000000002 0.0734375 0.2015625
0 0.9328125 0.38203125000000004 0.13125 0.2546875
0 0.790625 0.36015625 0.140625 0.2109375
0 0.84375 0.5046875000000001 0.1625 0.23125
0 0.7578125 0.44765625000000003 0.15625 0.19843750000000002
0 0.8132812500000001 0.625 0.1171875 0.153125
0 0.7109375 0.6625000000000001 0.12187500000000001 0.20625000000000002
0 0.5140625 0.6515625 0.146875 0.22187500000000002
0 0.61640625 0.6828125 0.15156250000000002 0.22187500000000002
0 0.33671875 0.74921875 0.1546875 0.2234375
0 0.53515625 0.8359375 0.1390625 0.2
0 0.4625 0.70625 0.13125 0.18125000000000002
0 0.41875 0.82734375 0.125 0.1953125
0 0.321875 0.5921875 0.10625000000000001 0.14375000000000002
0 0.25 0.5015625 0.12187500000000001 0.153125
0 0.14140625 0.6218750000000001 0.1546875 0.1875
0 0.1796875 0.7601562500000001 0.140625 0.1796875
0 0.1453125 0.89453125 0.11875000000000001 0.1640625
0 0.09062500000000001 0.81953125 0.10312500000000001 0.20468750000000002
0 0.08203125 0.665625 0.1015625 0.18125000000000002
0 0.06953125 0.9343750000000001 0.045312500000000006 0.12812500000000002
