0 0.2109375 0.1765625 0.22812500000000002 0.35000000000000003
0 0.37578125 0.19453125000000002 0.2234375 0.38593750000000004
0 0.52734375 0.24296875 0.20468750000000002 0.40468750000000003
0 0.6937500000000001 0.25390625 0.240625 0.4390625
0 0.11093750000000001 0.72265625 0.19375 0.3609375
0 0.4890625 0.7609375 0.171875 0.33125000000000004
0 0.40078125000000003 0.6195312500000001 0.1421875 0.2734375
0 0.7781250000000001 0.44609375 0.17500000000000002 0.2984375
0 0.87421875 0.23671875 0.2484375 0.37343750000000003
0 0.65 0.565625 0.10625000000000001 0.184375
0 0.14453125 0.4265625 0.060937500000000006 0.1
0 0.09609375 0.359375 0.060937500000000006 0.109375
0 0.055468750000000004 0.353125 0.051562500000000004 0.10625000000000001
0 0.25390625 0.52578125 0.0734375 0.1203125
0 0.4296875 0.42890625000000004 0.0625 0.1015625
0 0.584375 0.640625 0.059375000000000004 0.1125
0 0.7132812500000001 0.59765625 0.0921875 0.17343750000000002
0 0.7117187500000001 0.76328125 0.1078125 0.1765625
0 0.93359375 0.44453125000000004 0.1296875 0.30781250000000004
0 0.98203125 0.6921875000000001 0.0328125 0.246875
