0 0.40546875000000004 0.09843750000000001 0.1203125 0.19687500000000002
0 0.7156250000000001 0.0203125 0.11875000000000001 0.040625
0 0.63984375 0.06328125 0.1203125 0.1265625
0 0.7312500000000001 0.08750000000000001 0.109375 0.17500000000000002
0 0.81796875 0.07500000000000001 0.1265625 0.15000000000000002
0 0.74375 0.115625 0.1 0.21250000000000002
0 0.8453125 0.084375 0.09375 0.16875
0 0.45390625 0.02421875 0.1015625 0.0484375
0 0.35546875 0.015625 0.0734375 0.03125
0 0.22578125000000002 0.1171875 0.11406250000000001 0.21250000000000002
0 0.26484375 0.415625 0.0921875 0.178125
0 0.22421875000000002 0.540625 0.1046875 0.203125
0 0.18828125 0.3796875 0.0921875 0.178125
0 0.11406250000000001 0.3921875 0.09062500000000001 0.146875
0 0.09375 0.51953125 0.08750000000000001 0.1609375
0 0.05859375 0.6234375000000001 0.0859375 0.16562500000000002
0 0.030468750000000003 0.47265625 0.060937500000000006 0.1421875
0 0.05078125 0.2171875 0.1015625 0.21250000000000002
0 0.45078125 0.52734375 0.07968750000000001 0.1265625
0 0.515625 0.51328125 0.084375 0.15781250000000002
0 0.58828125 0.53515625 0.1015625 0.15156250000000002
0 0.65390625 0.43593750000000003 0.0890625 0.153125
0 0.7265625 0.38359375 0.078125 0.1203125
0 0.6570312500000001 0.0921875 0.09531250000000001 0.146875
0 0.8625 0.41640625000000003 0.07500000000000001 0.1265625
0 0.921875 0.45703125 0.096875 0.15781250000000002
0 0.9609375 0.5375 0.0625 0.12187500000000001
0 0.7468750000000001 0.5453125 0.07500000000000001 0.15000000000000002
0 0.7039062500000001 0.50390625 0.0890625 0.1703125
0 0.6781250000000001 0.5890625 0.07500000000000001 0.15000000000000002
0 0.7578125 0.6640625 0.0625 0.109375
0 0.7015625000000001 0.71015625 0.07187500000000001 0.13593750000000002
0 0.875 0.6937500000000001 0.05 0.09375
0 0.92734375 0.8328125000000001 0.0390625 0.065625
0 0.9476562500000001 0.8382812500000001 0.0390625 0.08281250000000001
0 0.96875 0.8343750000000001 0.040625 0.08125
0 0.53046875 0.7289062500000001 0.0734375 0.1390625
0 0.47187500000000004 0.6335937500000001 0.078125 0.1234375
0 0.43515625 0.578125 0.0671875 0.12187500000000001
0 0.5632812500000001 0.596875 0.0734375 0.14375000000000002
0 0.55703125 0.890625 0.0578125 0.109375
0 0.39296875000000003 0.9242187500000001 0.060937500000000006 0.1015625
0 0.32734375000000004 0.8070312500000001 0.0734375 0.13593750000000002
0 0.3796875 0.8125 0.08125 0.134375
0 0.27968750000000003 0.83984375 0.07187500000000001 0.1328125
0 0.2859375 0.74765625 0.0625 0.0890625
0 0.34765625 0.73359375 0.0546875 0.09843750000000001
0 0.37734375000000003 0.7312500000000001 0.0671875 0.09062500000000001
0 0.140625 0.49375 0.08125 0.140625
0 0.03828125 0.52109375 0.0765625 0.1796875
0 0.34609375000000003 0.9281250000000001 0.0671875 0.1
