0 0.40546875000000004 0.58125 0.2484375 0.209375
0 0.61484375 0.48046875 0.27968750000000003 0.2109375
0 0.38359375 0.37265625 0.2390625 0.1546875
0 0.51796875 0.23515625 0.23593750000000002 0.18906250000000002
0 0.77109375 0.26406250000000003 0.23593750000000002 0.19687500000000002
0 0.90390625 0.44765625000000003 0.18906250000000002 0.18281250000000002
0 0.6765625000000001 0.77265625 0.26875 0.2265625
0 0.26015625000000003 0.2015625 0.2671875 0.20625000000000002
0 0.15937500000000002 0.36328125 0.22812500000000002 0.0546875
0 0.134375 0.7117187500000001 0.20625000000000002 0.1953125
0 0.9007812500000001 0.815625 0.1953125 0.240625
0 0.57421875 0.9234375 0.32656250000000003 0.15000000000000002
0 0.28671875 0.8921875 0.2390625 0.21250000000000002
