0 0.496875 0.34687500000000004 0.45625000000000004 0.571875
0 0.38515625000000003 0.75390625 0.4734375 0.4890625
0 0.71796875 0.86328125 0.3359375 0.2703125
0 0.8367187500000001 0.6421875 0.2734375 0.359375
0 0.62421875 0.62265625 0.2671875 0.35781250000000003
0 0.8656250000000001 0.340625 0.253125 0.34687500000000004
0 0.7835937500000001 0.1625 0.26406250000000003 0.215625
0 0.15156250000000002 0.23125 0.30312500000000003 0.353125
0 0.31562500000000004 0.1015625 0.275 0.184375
0 0.56015625 0.1078125 0.27968750000000003 0.17500000000000002
0 0.1078125 0.53828125 0.215625 0.32656250000000003
0 0.6937500000000001 0.30312500000000003 0.259375 0.340625
