0 0.76484375 0.6875 0.3328125 0.27187500000000003
0 0.6468750000000001 0.50390625 0.26875 0.24531250000000002
0 0.56015625 0.32578125 0.2828125 0.2671875
0 0.47421875 0.8382812500000001 0.2859375 0.2765625
0 0.40468750000000003 0.6335937500000001 0.284375 0.2484375
0 0.3203125 0.47968750000000004 0.23750000000000002 0.23750000000000002
0 0.2234375 0.3359375 0.23750000000000002 0.234375
0 0.2484375 0.9085937500000001 0.23125 0.1640625
0 0.1765625 0.6796875 0.23750000000000002 0.203125
0 0.8765625 0.41250000000000003 0.24375000000000002 0.296875
0 0.8304687500000001 0.2421875 0.3359375 0.275
0 0.696875 0.10859375 0.31875000000000003 0.21406250000000002
0 0.13046875 0.5265625 0.21406250000000002 0.215625
