0 0.68359375 0.246875 0.2703125 0.321875
0 0.49921875000000004 0.3671875 0.24531250000000002 0.259375
0 0.32109375 0.45703125 0.2671875 0.2703125
0 0.8343750000000001 0.5359375000000001 0.278125 0.275
0 0.6265625 0.60859375 0.246875 0.2734375
0 0.47187500000000004 0.6953125 0.23750000000000002 0.22812500000000002
0 0.32734375000000004 0.7937500000000001 0.2328125 0.22812500000000002
0 0.9046875000000001 0.76171875 0.16875 0.2234375
0 0.6734375 0.8367187500000001 0.203125 0.22968750000000002
0 0.4078125 0.12812500000000002 0.296875 0.253125
0 0.2390625 0.1875 0.275 0.328125
0 0.10625000000000001 0.32265625000000003 0.209375 0.30781250000000004
0 0.51875 0.8851562500000001 0.215625 0.20468750000000002
