0 0.5125000000000001 0.22031250000000002 0.096875 0.13125
0 0.878125 0.35078125000000004 0.10625000000000001 0.1453125
0 0.9109375000000001 0.27265625 0.1 0.1484375
0 0.340625 0.07500000000000001 0.109375 0.15000000000000002
0 0.58046875 0.27968750000000003 0.0859375 0.12812500000000002
0 0.13828125 0.65234375 0.1265625 0.1921875
0 0.44375000000000003 0.43984375000000003 0.1 0.1484375
0 0.38203125000000004 0.17109375000000002 0.09843750000000001 0.1390625
0 0.5015625 0.7562500000000001 0.08125 0.134375
0 0.4296875 0.609375 0.09375 0.146875
