0 0.7234375000000001 0.675 0.47187500000000004 0.278125
0 0.4765625 0.31015625 0.45 0.2765625
0 0.29375 0.3921875 0.49062500000000003 0.29375
0 0.41171875 0.546875 0.44843750000000004 0.309375
0 0.78046875 0.6296875000000001 0.3921875 0.240625
0 0.62109375 0.7664062500000001 0.46406250000000004 0.2703125
0 0.1328125 0.8421875000000001 0.23125 0.15937500000000002
0 0.12578125 0.7828125 0.2234375 0.16562500000000002
0 0.26171875 0.7921875 0.2421875 0.1625
0 0.3375 0.20078125000000002 0.453125 0.26406250000000003
0 0.3515625 0.07734375 0.28750000000000003 0.1546875
0 0.5242187500000001 0.1625 0.3203125 0.19687500000000002
