0 0.5296875 0.33203125 0.23750000000000002 0.1390625
0 0.5242187500000001 0.46796875000000004 0.2171875 0.1390625
0 0.5078125 0.6828125 0.203125 0.14375000000000002
0 0.415625 0.8289062500000001 0.21250000000000002 0.1390625
0 0.5796875 0.81796875 0.203125 0.13593750000000002
0 0.5171875 0.9453125 0.17500000000000002 0.10312500000000001
0 0.6507812500000001 0.6781250000000001 0.1796875 0.16875
0 0.4296875 0.67890625 0.184375 0.13593750000000002
0 0.49843750000000003 0.55625 0.19375 0.09375
0 0.6000000000000001 0.209375 0.203125 0.13125
0 0.596875 0.0765625 0.1875 0.11875000000000001
0 0.46171875 0.16171875000000002 0.18906250000000002 0.13593750000000002
