0 0.13046875 0.20625000000000002 0.1953125 0.12812500000000002
0 0.115625 0.39140625 0.215625 0.1453125
0 0.43671875000000004 0.22890625 0.1703125 0.11406250000000001
0 0.553125 0.18203125 0.21250000000000002 0.1265625
0 0.39609375 0.15390625000000002 0.1703125 0.11093750000000001
0 0.4 0.08203125 0.134375 0.1046875
0 0.52734375 0.053125000000000006 0.1640625 0.10625000000000001
0 0.6265625 0.03125 0.16875 0.0625
0 0.8250000000000001 0.26640625 0.1375 0.0859375
0 0.8640625000000001 0.215625 0.125 0.08125
0 0.765625 0.23125 0.10312500000000001 0.08125
0 0.7585937500000001 0.29375 0.09531250000000001 0.06875
0 0.8382812500000001 0.31640625 0.1234375 0.09843750000000001
0 0.5593750000000001 0.40859375000000003 0.115625 0.0890625
0 0.5398437500000001 0.4703125 0.1453125 0.1
0 0.5640625 0.54453125 0.15937500000000002 0.1203125
0 0.47734375 0.61640625 0.1390625 0.09531250000000001
0 0.54140625 0.66015625 0.1640625 0.1078125
0 0.6179687500000001 0.63203125 0.1390625 0.0890625
0 0.74375 0.64609375 0.13125 0.08281250000000001
0 0.70234375 0.7093750000000001 0.1078125 0.07500000000000001
0 0.58203125 0.7000000000000001 0.15156250000000002 0.096875
0 0.7507812500000001 0.47578125000000004 0.1390625 0.0890625
0 0.634375 0.45703125 0.140625 0.09843750000000001
0 0.6335937500000001 0.5171875 0.1328125 0.09062500000000001
0 0.6507812500000001 0.41796875 0.1265625 0.0859375
0 0.59765625 0.39296875000000003 0.1265625 0.0890625
0 0.07890625000000001 0.62421875 0.15781250000000002 0.1296875
0 0.11015625000000001 0.71796875 0.18906250000000002 0.1203125
0 0.08750000000000001 0.7976562500000001 0.17500000000000002 0.13593750000000002
0 0.1484375 0.72265625 0.21875 0.1296875
0 0.028125 0.7046875 0.05625 0.115625
0 0.11640625 0.82734375 0.1765625 0.1203125
0 0.509375 0.8828125 0.146875 0.1125
0 0.46171875 0.8265625000000001 0.11406250000000001 0.07500000000000001
0 0.415625 0.6882812500000001 0.134375 0.1015625
0 0.58125 0.9164062500000001 0.12187500000000001 0.0734375
