0 0.37578125 0.5140625 0.08281250000000001 0.09375
0 0.5609375 0.56953125 0.09375 0.1078125
0 0.6390625000000001 0.54140625 0.09375 0.1046875
0 0.3765625 0.5921875 0.078125 0.096875
0 0.9796875 0.41484375 0.037500000000000006 0.1015625
0 0.971875 0.47500000000000003 0.053125000000000006 0.10312500000000001
0 0.4578125 0.6078125000000001 0.0625 0.078125
0 0.6515625 0.23984375000000002 0.10625000000000001 0.1234375
0 0.4390625 0.27109375 0.109375 0.11406250000000001
0 0.10312500000000001 0.22812500000000002 0.1125 0.115625
0 0.55 0.24609375 0.09375 0.1015625
0 0.721875 0.23125 0.1 0.11875000000000001
