0 0.15390625000000002 0.375 0.1046875 0.09062500000000001
0 0.09296875 0.50234375 0.0703125 0.06406250000000001
0 0.09296875 0.43203125000000003 0.08281250000000001 0.0703125
0 0.27890625 0.67578125 0.0859375 0.0765625
0 0.30859375 0.5867187500000001 0.0921875 0.08281250000000001
0 0.26875 0.6156250000000001 0.0625 0.05625
0 0.23203125000000002 0.45 0.0890625 0.08125
0 0.2546875 0.5046875000000001 0.084375 0.08125
0 0.40156250000000004 0.40937500000000004 0.065625 0.06875
0 0.3953125 0.29921875000000003 0.06875 0.0703125
0 0.41953125 0.3484375 0.0671875 0.0625
