0 0.21328125 0.11484375000000001 0.1265625 0.2109375
0 0.39921875 0.10078125 0.1453125 0.2015625
0 0.3515625 0.01640625 0.078125 0.0328125
0 0.45156250000000003 0.017968750000000002 0.10625000000000001 0.035937500000000004
0 0.0421875 0.2078125 0.084375 0.2
0 0.08671875000000001 0.38671875 0.1015625 0.1390625
0 0.16015625 0.3765625 0.1078125 0.178125
0 0.23593750000000002 0.41171875 0.10625000000000001 0.1796875
0 0.24921875000000002 0.47187500000000004 0.11406250000000001 0.19375
0 0.18671875000000002 0.5375 0.1203125 0.19687500000000002
0 0.1625 0.4578125 0.09062500000000001 0.1
0 0.09765625 0.48281250000000003 0.09843750000000001 0.140625
0 0.0578125 0.51015625 0.10625000000000001 0.17343750000000002
0 0.03359375 0.6101562500000001 0.0671875 0.1953125
0 0.021875000000000002 0.52890625 0.043750000000000004 0.1546875
0 0.015625 0.47187500000000004 0.03125 0.140625
0 0.046875 0.54453125 0.084375 0.1484375
0 0.6359375 0.059375000000000004 0.1375 0.11875000000000001
0 0.7140625 0.0171875 0.125 0.034375
0 0.8015625000000001 0.06875 0.15000000000000002 0.1375
0 0.721875 0.08046875 0.12187500000000001 0.1609375
0 0.6515625 0.07734375 0.12187500000000001 0.1546875
0 0.7312500000000001 0.10703125000000001 0.12187500000000001 0.21406250000000002
0 0.83359375 0.08046875 0.1171875 0.1609375
0 0.77734375 0.08671875000000001 0.09531250000000001 0.1640625
0 0.8968750000000001 0.03828125 0.109375 0.0765625
0 0.88046875 0.44375000000000003 0.1203125 0.1625
0 0.91796875 0.51875 0.0765625 0.13125
0 0.8671875 0.5046875000000001 0.07500000000000001 0.10312500000000001
0 0.8289062500000001 0.39765625000000004 0.0890625 0.1484375
0 0.8148437500000001 0.46640625 0.0921875 0.1328125
0 0.70234375 0.5320312500000001 0.09843750000000001 0.16718750000000002
0 0.6953125 0.35859375000000004 0.096875 0.1609375
0 0.61875 0.42109375000000004 0.1 0.1703125
0 0.6640625 0.4921875 0.109375 0.178125
0 0.7117187500000001 0.6484375 0.0765625 0.12187500000000001
0 0.64765625 0.69921875 0.0859375 0.1421875
0 0.6335937500000001 0.5703125 0.0921875 0.1625
0 0.5984375000000001 0.478125 0.08125 0.1375
0 0.5476562500000001 0.521875 0.11093750000000001 0.15937500000000002
0 0.4765625 0.50234375 0.096875 0.15781250000000002
0 0.41328125000000004 0.51796875 0.0890625 0.1234375
0 0.39765625000000004 0.5625 0.09843750000000001 0.140625
0 0.42265625 0.6234375000000001 0.0890625 0.134375
0 0.4578125 0.5875 0.096875 0.153125
0 0.5171875 0.58828125 0.09062500000000001 0.1484375
0 0.48750000000000004 0.6078125000000001 0.08125 0.153125
0 0.4765625 0.7078125000000001 0.09062500000000001 0.16562500000000002
0 0.8226562500000001 0.66171875 0.0734375 0.1328125
0 0.26875 0.7992187500000001 0.08125 0.1421875
0 0.296875 0.7289062500000001 0.0625 0.09531250000000001
0 0.31875000000000003 0.72578125 0.08125 0.1015625
0 0.3171875 0.7976562500000001 0.1 0.1421875
0 0.2328125 0.7445312500000001 0.07500000000000001 0.1046875
0 0.21484375 0.83125 0.0890625 0.134375
0 0.27421875 0.9242187500000001 0.0765625 0.1015625
0 0.32265625000000003 0.9171875 0.0734375 0.10625000000000001
0 0.5890625 0.7046875 0.10312500000000001 0.146875
0 0.58828125 0.7578125 0.08281250000000001 0.12812500000000002
0 0.49375 0.8812500000000001 0.06875 0.115625
0 0.5265625 0.8734375000000001 0.0625 0.10625000000000001
0 0.48984375 0.925 0.0546875 0.059375000000000004
0 0.8656250000000001 0.81015625 0.053125000000000006 0.0734375
0 0.8796875000000001 0.821875 0.053125000000000006 0.078125
0 0.90390625 0.8203125 0.051562500000000004 0.08750000000000001
