0 0.8875000000000001 0.80859375 0.22187500000000002 0.3796875
0 0.7367187500000001 0.79453125 0.2484375 0.4078125
0 0.578125 0.7453125 0.22812500000000002 0.403125
0 0.41171875 0.74375 0.2671875 0.44062500000000004
0 0.89765625 0.24375000000000002 0.2015625 0.36250000000000004
0 0.5265625 0.2265625 0.19062500000000002 0.33125000000000004
0 0.63828125 0.36328125 0.15781250000000002 0.2734375
0 0.29609375 0.55703125 0.1921875 0.2984375
0 0.21640625000000002 0.7742187500000001 0.31093750000000003 0.37343750000000003
0 0.40156250000000004 0.4296875 0.115625 0.184375
0 0.9226562500000001 0.540625 0.0671875 0.1
0 0.971875 0.603125 0.053125000000000006 0.109375
0 0.99609375 0.60703125 0.004687500000000001 0.1078125
0 0.7976562500000001 0.44765625000000003 0.07968750000000001 0.1203125
0 0.6414062500000001 0.5554687500000001 0.0671875 0.1015625
0 0.453125 0.353125 0.065625 0.1125
0 0.33359375 0.40390625 0.1015625 0.17343750000000002
0 0.30859375 0.23828125 0.1171875 0.1765625
0 0.12578125 0.56953125 0.18281250000000002 0.30781250000000004
0 0.047656250000000004 0.325 0.060937500000000006 0.246875
