0 0.7328125000000001 0.884375 0.19687500000000002 0.125
0 0.33046875000000003 0.22812500000000002 0.19843750000000002 0.125
0 0.15781250000000002 0.49843750000000003 0.19375 0.11875000000000001
0 0.1125 0.5625 0.17500000000000002 0.115625
0 0.6625000000000001 0.6390625000000001 0.290625 0.1875
0 0.85859375 0.56796875 0.2328125 0.1953125
0 0.43046875 0.86875 0.15781250000000002 0.1
0 0.5710937500000001 0.5281250000000001 0.2671875 0.16562500000000002
0 0.41484375 0.49062500000000003 0.1953125 0.15625
0 0.35546875 0.11796875000000001 0.1765625 0.11093750000000001
0 0.18906250000000002 0.23984375000000002 0.18125000000000002 0.11406250000000001
0 0.7976562500000001 0.603125 0.2859375 0.18125000000000002
0 0.29296875 0.37421875000000004 0.1765625 0.1171875
0 0.6828125 0.9695312500000001 0.20625000000000002 0.0578125
0 0.5867187500000001 0.9437500000000001 0.2015625 0.109375
0 0.415625 0.7132812500000001 0.18125000000000002 0.1171875
