0 0.63203125 0.84765625 0.1046875 0.11406250000000001
0 0.70703125 0.8109375000000001 0.1046875 0.115625
0 0.7210937500000001 0.8757812500000001 0.09843750000000001 0.11406250000000001
0 0.63828125 0.8875000000000001 0.0921875 0.1
0 0.55 0.53515625 0.096875 0.1046875
0 0.59609375 0.47265625 0.0859375 0.0890625
0 0.625 0.5421875 0.096875 0.109375
0 0.49453125000000003 0.5328125 0.07968750000000001 0.08750000000000001
0 0.51015625 0.34687500000000004 0.0921875 0.1
0 0.44765625000000003 0.20234375000000002 0.0921875 0.0921875
0 0.47265625 0.23984375000000002 0.1078125 0.11093750000000001
0 0.38828125 0.23359375000000002 0.0890625 0.09843750000000001
0 0.05 0.3640625 0.1 0.109375
0 0.11093750000000001 0.40859375000000003 0.08750000000000001 0.1015625
0 0.109375 0.45937500000000003 0.08750000000000001 0.10625000000000001
0 0.03359375 0.47421875 0.0671875 0.0921875
0 0.078125 0.596875 0.096875 0.10625000000000001
0 0.026562500000000003 0.5765625 0.053125000000000006 0.109375
0 0.029687500000000002 0.62421875 0.059375000000000004 0.1078125
