0 0.6109375 0.57421875 0.42812500000000003 0.43593750000000003
0 0.21640625000000002 0.5875 0.4296875 0.415625
0 0.28984375 0.8851562500000001 0.2921875 0.2265625
0 0.43828125 0.15859375 0.2421875 0.2484375
0 0.63671875 0.15859375 0.2328125 0.26406250000000003
0 0.7914062500000001 0.30703125000000003 0.2109375 0.2015625
0 0.525 0.91953125 0.25 0.15781250000000002
0 0.8046875 0.7203125 0.203125 0.24375000000000002
0 0.7117187500000001 0.9460937500000001 0.1703125 0.035937500000000004
0 0.86640625 0.5203125000000001 0.1546875 0.23750000000000002
