0 0.6375000000000001 0.16875 0.309375 0.3375
0 0.30625 0.23515625 0.25625000000000003 0.35781250000000003
0 0.48515625 0.35546875 0.2578125 0.3828125
0 0.7132812500000001 0.36640625000000004 0.2515625 0.32656250000000003
0 0.11328125 0.6171875 0.1390625 0.19062500000000002
0 0.32109375 0.5328125 0.1390625 0.240625
0 0.43828125 0.553125 0.1859375 0.234375
0 0.5945312500000001 0.8078125 0.11406250000000001 0.15625
0 0.4609375 0.78828125 0.11875000000000001 0.18906250000000002
0 0.24765625000000002 0.7578125 0.1171875 0.171875
0 0.31171875000000004 0.8390625 0.0890625 0.125
0 0.15625 0.759375 0.11875000000000001 0.184375
