0 0.09531250000000001 0.525 0.19062500000000002 0.146875
0 0.08203125 0.6171875 0.1640625 0.153125
0 0.38515625000000003 0.8359375 0.19843750000000002 0.146875
0 0.446875 0.9187500000000001 0.16562500000000002 0.1125
0 0.87265625 0.50234375 0.18281250000000002 0.1171875
0 0.546875 0.23125 0.203125 0.146875
0 0.8578125000000001 0.42578125 0.18125000000000002 0.1265625
0 0.19765625 0.60703125 0.2078125 0.15156250000000002
0 0.4734375 0.8289062500000001 0.146875 0.11406250000000001
0 0.7718750000000001 0.2078125 0.23750000000000002 0.1625
0 0.7976562500000001 0.12109375 0.2328125 0.1640625
0 0.6195312500000001 0.19140625 0.2234375 0.1484375
