0 0.278125 0.09609375 0.2625 0.18281250000000002
0 0.5609375 0.29921875000000003 0.25 0.1609375
0 0.6023437500000001 0.44062500000000004 0.2265625 0.16562500000000002
0 0.26015625000000003 0.32109375 0.24531250000000002 0.1609375
0 0.21875 0.20859375000000002 0.240625 0.1296875
0 0.26953125 0.46718750000000003 0.24531250000000002 0.17500000000000002
0 0.47968750000000004 0.55859375 0.25 0.1609375
0 0.5984375000000001 0.6742187500000001 0.21875 0.1796875
0 0.67109375 0.83984375 0.21406250000000002 0.1609375
0 0.7054687500000001 0.971875 0.2265625 0.05
0 0.48046875 0.884375 0.07968750000000001 0.08125
0 0.4421875 0.69921875 0.15625 0.1296875
0 0.34218750000000003 0.83125 0.10625000000000001 0.08125
0 0.4078125 0.7742187500000001 0.146875 0.0859375
0 0.36640625000000004 0.6859375000000001 0.1640625 0.10312500000000001
