0 0.63203125 0.6257812500000001 0.2078125 0.2484375
0 0.859375 0.60078125 0.25 0.1953125
0 0.765625 0.08046875 0.059375000000000004 0.0765625
0 0.8226562500000001 0.0859375 0.051562500000000004 0.07187500000000001
0 0.80234375 0.11484375000000001 0.0484375 0.060937500000000006
0 0.7609375 0.15078125 0.040625 0.0546875
0 0.8078125 0.290625 0.05 0.053125000000000006
0 0.7585937500000001 0.29921875000000003 0.0484375 0.060937500000000006
0 0.71015625 0.2625 0.0390625 0.05
0 0.890625 0.40156250000000004 0.040625 0.046875
0 0.9554687500000001 0.42890625000000004 0.0421875 0.0546875
0 0.91953125 0.41250000000000003 0.035937500000000004 0.046875
0 0.59921875 0.10234375000000001 0.0484375 0.0546875
0 0.6578125 0.08828125 0.05 0.0703125
0 0.7171875000000001 0.10703125000000001 0.0625 0.08281250000000001
0 0.66328125 0.1328125 0.0484375 0.065625
0 0.70234375 0.290625 0.035937500000000004 0.053125000000000006
0 0.6882812500000001 0.3296875 0.0203125 0.028125
0 0.81015625 0.44609375 0.0234375 0.035937500000000004
0 0.8367187500000001 0.43984375000000003 0.026562500000000003 0.029687500000000002
0 0.83984375 0.38125000000000003 0.026562500000000003 0.040625
0 0.853125 0.390625 0.028125 0.034375
0 0.77109375 0.4 0.0390625 0.043750000000000004
