0 0.22109375 0.22187500000000002 0.21406250000000002 0.20625000000000002
0 0.42265625 0.23984375000000002 0.2078125 0.2234375
0 0.66015625 0.3203125 0.21406250000000002 0.246875
0 0.85859375 0.30078125 0.23593750000000002 0.22968750000000002
0 0.87265625 0.58046875 0.2078125 0.22968750000000002
0 0.69453125 0.5640625 0.1921875 0.246875
0 0.50625 0.521875 0.21875 0.25
0 0.32265625000000003 0.5328125 0.21406250000000002 0.23125
0 0.13984375000000002 0.49375 0.18906250000000002 0.278125
0 0.09765625 0.7265625 0.1953125 0.240625
0 0.35390625000000003 0.77109375 0.19843750000000002 0.2609375
0 0.5453125 0.7835937500000001 0.21250000000000002 0.2765625
0 0.8382812500000001 0.7820312500000001 0.2515625 0.2484375
0 0.54921875 0.11406250000000001 0.2703125 0.22187500000000002
0 0.7000000000000001 0.89765625 0.1875 0.2015625
0 0.10703125000000001 0.8578125000000001 0.21406250000000002 0.1875
0 0.30000000000000004 0.88203125 0.19062500000000002 0.1765625
0 0.1953125 0.1078125 0.178125 0.215625
