0 0.21875 0.6898437500000001 0.275 0.33906250000000004
0 0.43671875000000004 0.6156250000000001 0.2484375 0.275
0 0.6390625000000001 0.5703125 0.26875 0.28750000000000003
0 0.15078125 0.3796875 0.2828125 0.290625
0 0.38125000000000003 0.35859375000000004 0.25 0.2890625
0 0.55859375 0.31015625 0.2390625 0.2421875
0 0.7289062500000001 0.25 0.23593750000000002 0.240625
0 0.134375 0.14921875 0.19687500000000002 0.23593750000000002
0 0.40078125000000003 0.13359375 0.20468750000000002 0.2421875
0 0.45234375000000004 0.8625 0.2984375 0.27187500000000003
0 0.6421875 0.83515625 0.28125 0.32656250000000003
0 0.8421875000000001 0.7523437500000001 0.27187500000000003 0.32343750000000004
0 0.56640625 0.12265625000000001 0.2171875 0.2171875
