0 0.19609375 0.77109375 0.18906250000000002 0.2890625
0 0.2671875 0.6625000000000001 0.17500000000000002 0.284375
0 0.44140625 0.7351562500000001 0.18906250000000002 0.32656250000000003
0 0.51875 0.51875 0.2 0.2625
0 0.59921875 0.321875 0.1703125 0.25
0 0.73046875 0.41953125 0.1796875 0.26406250000000003
0 0.6960937500000001 0.5375 0.16718750000000002 0.22187500000000002
0 0.57734375 0.64453125 0.15156250000000002 0.2671875
0 0.6976562500000001 0.84921875 0.1203125 0.1921875
0 0.7546875000000001 0.66328125 0.14375000000000002 0.1484375
0 0.7734375 0.7421875 0.146875 0.178125
0 0.77890625 0.1453125 0.11093750000000001 0.1875
0 0.8859375 0.08125 0.134375 0.1625
