0 0.7195312500000001 0.2484375 0.1171875 0.22812500000000002
0 0.94140625 0.15781250000000002 0.1046875 0.30312500000000003
0 0.4703125 0.1171875 0.12187500000000001 0.184375
0 0.790625 0.33671875 0.05 0.1171875
0 0.7406250000000001 0.371875 0.043750000000000004 0.078125
0 0.81640625 0.45 0.051562500000000004 0.09062500000000001
0 0.9140625 0.48281250000000003 0.05 0.09375
0 0.8140625 0.5265625 0.037500000000000006 0.08750000000000001
0 0.86875 0.53125 0.043750000000000004 0.06875
0 0.7210937500000001 0.50390625 0.035937500000000004 0.0765625
0 0.6742187500000001 0.6039062500000001 0.035937500000000004 0.0859375
0 0.5984375000000001 0.56796875 0.034375 0.0734375
0 0.56484375 0.58515625 0.0328125 0.0765625
0 0.47734375 0.50546875 0.035937500000000004 0.0734375
0 0.50234375 0.52109375 0.035937500000000004 0.08281250000000001
0 0.46640625 0.5398437500000001 0.035937500000000004 0.0734375
0 0.40546875000000004 0.53125 0.0328125 0.059375000000000004
0 0.5125000000000001 0.32421875 0.115625 0.2171875
0 0.6257812500000001 0.39375000000000004 0.11406250000000001 0.25
0 0.32656250000000003 0.20078125000000002 0.115625 0.2265625
0 0.3328125 0.34218750000000003 0.12187500000000001 0.23125
0 0.22812500000000002 0.25078125 0.109375 0.24531250000000002
0 0.06796875000000001 0.35234375 0.0859375 0.1546875
0 0.14296875 0.33437500000000003 0.060937500000000006 0.15000000000000002
0 0.2015625 0.38671875 0.078125 0.1859375
0 0.23671875 0.47968750000000004 0.0390625 0.09062500000000001
0 0.2765625 0.46796875000000004 0.043750000000000004 0.08281250000000001
0 0.34218750000000003 0.48203125 0.037500000000000006 0.0765625
