0 0.6039062500000001 0.27187500000000003 0.07968750000000001 0.07187500000000001
0 0.70625 0.2765625 0.078125 0.078125
0 0.77734375 0.28203125 0.0859375 0.0734375
0 0.6976562500000001 0.13984375000000002 0.09843750000000001 0.0890625
0 0.784375 0.140625 0.096875 0.09375
0 0.8328125000000001 0.14453125 0.084375 0.0859375
0 0.7664062500000001 0.17421875 0.0859375 0.08281250000000001
0 0.8015625000000001 0.29765625 0.0625 0.0578125
0 0.8562500000000001 0.296875 0.065625 0.059375000000000004
0 0.77734375 0.34921875 0.0671875 0.060937500000000006
0 0.8539062500000001 0.37578125 0.0765625 0.060937500000000006
0 0.51015625 0.40390625 0.060937500000000006 0.06406250000000001
0 0.5859375 0.40156250000000004 0.065625 0.065625
0 0.64375 0.415625 0.07187500000000001 0.0625
0 0.8210937500000001 0.42890625000000004 0.060937500000000006 0.0546875
0 0.8046875 0.36562500000000003 0.059375000000000004 0.05625
0 0.35078125000000004 0.51953125 0.0546875 0.0546875
0 0.44140625 0.4921875 0.0578125 0.053125000000000006
0 0.49062500000000003 0.5007812500000001 0.0625 0.0578125
0 0.56875 0.5242187500000001 0.046875 0.045312500000000006
0 0.6023437500000001 0.53046875 0.051562500000000004 0.0484375
0 0.63046875 0.534375 0.0578125 0.053125000000000006
0 0.6742187500000001 0.5109375 0.060937500000000006 0.05625
0 0.7140625 0.48203125 0.0625 0.0578125
0 0.76171875 0.4765625 0.060937500000000006 0.0625
0 0.81015625 0.46875 0.06406250000000001 0.05625
0 0.8578125000000001 0.45390625 0.05625 0.051562500000000004
0 0.86640625 0.48984375 0.0546875 0.0328125
0 0.7250000000000001 0.509375 0.053125000000000006 0.05625
0 0.7664062500000001 0.50546875 0.0578125 0.0546875
0 0.8132812500000001 0.4921875 0.051562500000000004 0.046875
0 0.8460937500000001 0.5140625 0.0484375 0.043750000000000004
0 0.58125 0.571875 0.043750000000000004 0.043750000000000004
0 0.62265625 0.6179687500000001 0.0390625 0.035937500000000004
0 0.6109375 0.5828125000000001 0.037500000000000006 0.040625
0 0.56640625 0.565625 0.0421875 0.040625
0 0.78046875 0.5453125 0.0421875 0.037500000000000006
0 0.7375 0.53828125 0.046875 0.0421875
0 0.7125 0.546875 0.043750000000000004 0.046875
0 0.5 0.60859375 0.043750000000000004 0.045312500000000006
0 0.3984375 0.025781250000000002 0.10312500000000001 0.0484375
0 0.47968750000000004 0.055468750000000004 0.12812500000000002 0.11093750000000001
0 0.4453125 0.11640625 0.096875 0.11093750000000001
0 0.38515625000000003 0.134375 0.1015625 0.096875
0 0.2984375 0.16171875000000002 0.109375 0.0921875
0 0.40390625 0.2078125 0.0890625 0.09375
0 0.36250000000000004 0.17734375000000002 0.096875 0.09843750000000001
0 0.325 0.2265625 0.096875 0.109375
0 0.290625 0.23203125000000002 0.084375 0.0921875
0 0.34375 0.3015625 0.08125 0.07500000000000001
0 0.30000000000000004 0.34296875000000004 0.09062500000000001 0.07968750000000001
0 0.3921875 0.3609375 0.07500000000000001 0.065625
0 0.32656250000000003 0.38359375 0.07500000000000001 0.0734375
0 0.384375 0.39765625000000004 0.078125 0.0765625
0 0.35468750000000004 0.41484375 0.059375000000000004 0.0546875
0 0.33359375 0.628125 0.0421875 0.040625
0 0.37109375 0.6218750000000001 0.045312500000000006 0.040625
0 0.390625 0.6429687500000001 0.046875 0.045312500000000006
0 0.42734375 0.6468750000000001 0.0421875 0.043750000000000004
0 0.45859375 0.6328125 0.045312500000000006 0.043750000000000004
0 0.5265625 0.64375 0.034375 0.037500000000000006
0 0.5554687500000001 0.6335937500000001 0.0328125 0.035937500000000004
0 0.584375 0.6359375 0.040625 0.034375
0 0.35234375 0.66796875 0.0421875 0.035937500000000004
0 0.321875 0.66171875 0.034375 0.035937500000000004
0 0.4546875 0.6828125 0.03125 0.034375
0 0.4765625 0.6765625000000001 0.037500000000000006 0.037500000000000006
0 0.5015625 0.67578125 0.03125 0.0328125
0 0.52109375 0.6734375 0.035937500000000004 0.037500000000000006
0 0.5921875 0.6625000000000001 0.028125 0.028125
0 0.578125 0.66953125 0.03125 0.029687500000000002
0 0.5671875000000001 0.6859375000000001 0.03125 0.028125
0 0.34921875 0.7132812500000001 0.0328125 0.029687500000000002
0 0.30078125 0.70703125 0.0390625 0.035937500000000004
0 0.26484375 0.7171875000000001 0.0421875 0.037500000000000006
0 0.375 0.7156250000000001 0.03125 0.03125
0 0.353125 0.6984375 0.028125 0.021875000000000002
0 0.390625 0.73984375 0.03125 0.029687500000000002
0 0.40546875000000004 0.72421875 0.026562500000000003 0.026562500000000003
0 0.4296875 0.71875 0.028125 0.028125
0 0.42812500000000003 0.703125 0.028125 0.021875000000000002
0 0.4625 0.7109375 0.034375 0.034375
0 0.48750000000000004 0.7195312500000001 0.034375 0.035937500000000004
0 0.5328125 0.7125 0.028125 0.028125
0 0.55625 0.7093750000000001 0.028125 0.028125
0 0.5796875 0.7015625000000001 0.028125 0.028125
0 0.39140625 0.7757812500000001 0.0328125 0.029687500000000002
0 0.41718750000000004 0.7828125 0.028125 0.03125
0 0.390625 0.7937500000000001 0.028125 0.028125
0 0.34609375000000003 0.7601562500000001 0.0328125 0.029687500000000002
0 0.30703125000000003 0.7523437500000001 0.0328125 0.029687500000000002
0 0.28046875 0.759375 0.0328125 0.03125
0 0.51171875 0.7296875 0.026562500000000003 0.025
0 0.55234375 0.7515625 0.029687500000000002 0.028125
0 0.52890625 0.7507812500000001 0.026562500000000003 0.029687500000000002
0 0.6101562500000001 0.7507812500000001 0.026562500000000003 0.026562500000000003
0 0.5015625 0.7734375 0.025 0.021875000000000002
0 0.640625 0.72421875 0.025 0.0171875
0 0.6195312500000001 0.7429687500000001 0.029687500000000002 0.0234375
0 0.6328125 0.7507812500000001 0.025 0.026562500000000003
0 0.64609375 0.7421875 0.026562500000000003 0.025
0 0.56953125 0.7507812500000001 0.029687500000000002 0.029687500000000002
0 0.58515625 0.74375 0.0203125 0.025
0 0.58203125 0.7742187500000001 0.0203125 0.0203125
0 0.6062500000000001 0.7898437500000001 0.025 0.0234375
0 0.578125 0.8187500000000001 0.021875000000000002 0.021875000000000002
0 0.5867187500000001 0.8078125 0.0234375 0.018750000000000003
0 0.48125 0.7453125 0.03125 0.025
0 0.45234375000000004 0.7468750000000001 0.0328125 0.03125
0 0.19140625 0.7406250000000001 0.0421875 0.037500000000000006
0 0.22734375 0.7375 0.035937500000000004 0.037500000000000006
0 0.25 0.75546875 0.034375 0.0328125
0 0.15000000000000002 0.7421875 0.040625 0.037500000000000006
0 0.11640625 0.6828125 0.051562500000000004 0.046875
0 0.2015625 0.6421875 0.05 0.046875
0 0.16171875000000002 0.6257812500000001 0.0546875 0.0484375
0 0.20390625 0.65546875 0.0484375 0.0484375
0 0.13671875 0.6429687500000001 0.0484375 0.045312500000000006
0 0.03671875 0.16562500000000002 0.0671875 0.096875
0 0.1171875 0.17500000000000002 0.10625000000000001 0.078125
0 0.14609375 0.20390625 0.0890625 0.0890625
0 0.0703125 0.21640625000000002 0.096875 0.0921875
0 0.037500000000000006 0.296875 0.059375000000000004 0.078125
0 0.045312500000000006 0.31796875 0.07500000000000001 0.0859375
0 0.10625000000000001 0.35000000000000003 0.08125 0.07187500000000001
0 0.1421875 0.3609375 0.08125 0.078125
0 0.09921875000000001 0.38203125000000004 0.07968750000000001 0.0765625
0 0.13671875 0.3953125 0.0671875 0.065625
0 0.11875000000000001 0.46015625000000004 0.06875 0.060937500000000006
0 0.08046875 0.47109375000000003 0.0671875 0.06406250000000001
0 0.146875 0.47500000000000003 0.06875 0.065625
0 0.049218750000000006 0.5242187500000001 0.0671875 0.06406250000000001
0 0.07265625 0.5476562500000001 0.060937500000000006 0.0578125
0 0.039843750000000004 0.5593750000000001 0.045312500000000006 0.053125000000000006
0 0.05390625 0.64765625 0.051562500000000004 0.0390625
0 0.06640625 0.675 0.0484375 0.043750000000000004
0 0.06875 0.83515625 0.028125 0.035937500000000004
0 0.1125 0.78671875 0.037500000000000006 0.0328125
0 0.08984375 0.7523437500000001 0.0390625 0.035937500000000004
0 0.1203125 0.75 0.034375 0.040625
0 0.309375 0.765625 0.028125 0.021875000000000002
0 0.28125 0.7781250000000001 0.03125 0.028125
0 0.7132812500000001 0.63828125 0.035937500000000004 0.035937500000000004
0 0.69140625 0.5796875 0.045312500000000006 0.040625
0 0.63828125 0.5828125000000001 0.035937500000000004 0.037500000000000006
0 0.73359375 0.6046875 0.035937500000000004 0.040625
0 0.8367187500000001 0.6015625 0.045312500000000006 0.037500000000000006
0 0.7992187500000001 0.6062500000000001 0.0421875 0.03125
0 0.76484375 0.6335937500000001 0.045312500000000006 0.035937500000000004
0 0.7351562500000001 0.640625 0.0328125 0.037500000000000006
0 0.81796875 0.6203125 0.045312500000000006 0.040625
0 0.8640625000000001 0.63984375 0.03125 0.0328125
0 0.8367187500000001 0.68515625 0.026562500000000003 0.026562500000000003
0 0.72421875 0.6687500000000001 0.029687500000000002 0.034375
0 0.6742187500000001 0.6726562500000001 0.0390625 0.0328125
0 0.68125 0.6515625 0.037500000000000006 0.037500000000000006
0 0.69453125 0.640625 0.0328125 0.037500000000000006
0 0.68359375 0.75703125 0.0234375 0.026562500000000003
0 0.696875 0.7406250000000001 0.025 0.025
0 0.7125 0.73203125 0.021875000000000002 0.026562500000000003
0 0.7312500000000001 0.72578125 0.025 0.0234375
0 0.89765625 0.2421875 0.0734375 0.065625
0 0.91796875 0.34687500000000004 0.0671875 0.059375000000000004
0 0.9656250000000001 0.27578125000000003 0.05625 0.0671875
0 0.9164062500000001 0.39296875000000003 0.06406250000000001 0.0578125
0 0.9625 0.36562500000000003 0.07187500000000001 0.059375000000000004
0 0.9070312500000001 0.5546875 0.0421875 0.040625
0 0.9015625 0.584375 0.040625 0.037500000000000006
0 0.9320312500000001 0.578125 0.0484375 0.040625
0 0.9304687500000001 0.5945312500000001 0.0421875 0.035937500000000004
0 0.8929687500000001 0.6390625000000001 0.0328125 0.028125
0 0.9375 0.625 0.03125 0.028125
0 0.9671875000000001 0.6234375000000001 0.034375 0.03125
0 0.9906250000000001 0.625 0.015625 0.034375
0 0.99609375 0.5632812500000001 0.004687500000000001 0.045312500000000006
0 0.97578125 0.45390625 0.045312500000000006 0.051562500000000004
0 0.940625 0.4546875 0.043750000000000004 0.043750000000000004
0 0.97265625 0.48046875 0.0421875 0.0328125
0 0.96796875 0.48828125 0.045312500000000006 0.0390625
0 0.9796875 0.5453125 0.03125 0.021875000000000002
0 0.68359375 0.78046875 0.0203125 0.0203125
0 0.6976562500000001 0.77734375 0.0203125 0.0203125
0 0.6984375 0.7992187500000001 0.021875000000000002 0.0234375
0 0.8656250000000001 0.7195312500000001 0.021875000000000002 0.026562500000000003
0 0.88203125 0.71640625 0.0234375 0.026562500000000003
0 0.89453125 0.70234375 0.026562500000000003 0.026562500000000003
0 0.859375 0.6734375 0.025 0.025
0 0.9187500000000001 0.6453125000000001 0.025 0.028125
0 0.9375 0.63984375 0.028125 0.0203125
0 0.9453125 0.64453125 0.025 0.0234375
0 0.9695312500000001 0.6468750000000001 0.026562500000000003 0.025
0 0.98828125 0.65390625 0.0203125 0.029687500000000002
0 0.9929687500000001 0.6546875000000001 0.010937500000000001 0.03125
0 0.9953125 0.6421875 0.00625 0.025
0 0.7992187500000001 0.7234375000000001 0.0203125 0.025
0 0.8109375000000001 0.7265625 0.021875000000000002 0.025
0 0.9578125000000001 0.7679687500000001 0.015625 0.0171875
0 0.9750000000000001 0.7585937500000001 0.018750000000000003 0.0171875
0 0.9945312500000001 0.7000000000000001 0.0078125 0.021875000000000002
0 0.9929687500000001 0.68359375 0.010937500000000001 0.0203125
0 0.96875 0.6960937500000001 0.015625 0.0203125
0 0.9281250000000001 0.6843750000000001 0.021875000000000002 0.021875000000000002
0 0.94921875 0.6625000000000001 0.0234375 0.021875000000000002
0 0.9484375 0.6781250000000001 0.021875000000000002 0.018750000000000003
0 0.8984375 0.73046875 0.015625 0.0171875
0 0.90390625 0.73984375 0.0234375 0.0203125
0 0.91796875 0.72265625 0.0203125 0.0171875
0 0.9695312500000001 0.78125 0.0171875 0.018750000000000003
0 0.9 0.7609375 0.0125 0.015625
0 0.7078125000000001 0.6953125 0.03125 0.03125
0 0.74921875 0.6703125000000001 0.029687500000000002 0.03125
0 0.75390625 0.7140625 0.026562500000000003 0.028125
0 0.77109375 0.69921875 0.026562500000000003 0.026562500000000003
0 0.7835937500000001 0.671875 0.026562500000000003 0.025
0 0.7859375000000001 0.66015625 0.025 0.029687500000000002
0 0.8203125 0.6414062500000001 0.037500000000000006 0.0328125
0 0.5710937500000001 0.8375 0.0234375 0.025
0 0.47734375 0.78046875 0.0203125 0.0234375
0 0.50625 0.75 0.034375 0.028125
0 0.6765625000000001 0.6921875000000001 0.028125 0.028125
0 0.80859375 0.02109375 0.1171875 0.0421875
0 0.89765625 0.03359375 0.1171875 0.0671875
