0 0.5828125000000001 0.8187500000000001 0.078125 0.12812500000000002
0 0.571875 0.7359375 0.06875 0.10625000000000001
0 0.46171875 0.64765625 0.0734375 0.1265625
0 0.14375000000000002 0.46171875 0.078125 0.1171875
0 0.0890625 0.5164062500000001 0.078125 0.11406250000000001
0 0.025781250000000002 0.49140625000000004 0.0421875 0.1453125
0 0.38593750000000004 0.890625 0.053125000000000006 0.115625
0 0.43593750000000003 0.8875000000000001 0.053125000000000006 0.10625000000000001
0 0.9328125 0.42734375 0.096875 0.1546875
0 0.6531250000000001 0.38906250000000003 0.0625 0.10625000000000001
0 0.57734375 0.10546875 0.0421875 0.07968750000000001
0 0.61640625 0.25625000000000003 0.0578125 0.1125
0 0.45937500000000003 0.22187500000000002 0.0625 0.12187500000000001
0 0.49843750000000003 0.4421875 0.0625 0.10625000000000001
0 0.40937500000000004 0.6000000000000001 0.0625 0.1
0 0.5828125000000001 0.5140625 0.06875 0.115625
0 0.728125 0.35468750000000004 0.065625 0.1125
0 0.61640625 0.13203125000000002 0.0421875 0.07968750000000001
0 0.8671875 0.4078125 0.065625 0.12187500000000001
0 0.85703125 0.039843750000000004 0.0703125 0.0765625
0 0.9226562500000001 0.046875 0.0703125 0.09062500000000001
0 0.884375 0.31562500000000004 0.06875 0.1
