0 0.72265625 0.7390625000000001 0.2390625 0.25625000000000003
0 0.8078125 0.64375 0.246875 0.23750000000000002
0 0.38906250000000003 0.45234375000000004 0.109375 0.1171875
0 0.35781250000000003 0.36250000000000004 0.115625 0.1125
0 0.340625 0.45390625 0.1 0.11406250000000001
0 0.421875 0.4421875 0.109375 0.12187500000000001
0 0.33437500000000003 0.8148437500000001 0.09375 0.1265625
0 0.4078125 0.8031250000000001 0.115625 0.125
0 0.42265625 0.7156250000000001 0.11406250000000001 0.15000000000000002
0 0.38984375000000004 0.8953125000000001 0.09843750000000001 0.12812500000000002
0 0.309375 0.88828125 0.10625000000000001 0.1484375
0 0.40234375 0.9320312500000001 0.1171875 0.1328125
0 0.21406250000000002 0.7140625 0.1 0.115625
0 0.31171875000000004 0.6234375000000001 0.09531250000000001 0.11875000000000001
0 0.28515625 0.7046875 0.09531250000000001 0.11875000000000001
0 0.2578125 0.7992187500000001 0.1 0.1328125
0 0.29140625000000003 0.9304687500000001 0.09843750000000001 0.11406250000000001
0 0.4421875 0.94453125 0.08750000000000001 0.1078125
0 0.44375000000000003 0.87890625 0.08750000000000001 0.11406250000000001
0 0.45703125 0.7250000000000001 0.09843750000000001 0.13125
0 0.23359375000000002 0.63203125 0.0890625 0.11093750000000001
0 0.17734375000000002 0.64609375 0.08281250000000001 0.09531250000000001
