0 0.8460937500000001 0.4 0.2734375 0.35625
0 0.6390625000000001 0.35468750000000004 0.290625 0.353125
0 0.5328125 0.38828125 0.25 0.3515625
0 0.35078125000000004 0.6335937500000001 0.2703125 0.3203125
0 0.59296875 0.6507812500000001 0.2578125 0.2671875
0 0.24375000000000002 0.5984375000000001 0.246875 0.31562500000000004
0 0.2765625 0.7742187500000001 0.225 0.31093750000000003
0 0.12109375 0.73828125 0.1640625 0.2734375
0 0.07109375 0.7140625 0.1421875 0.22812500000000002
0 0.30859375 0.84765625 0.2078125 0.2703125
