0 0.15390625000000002 0.36953125000000003 0.11406250000000001 0.1046875
0 0.19062500000000002 0.29296875 0.115625 0.1046875
0 0.12578125 0.27890625 0.11406250000000001 0.09843750000000001
0 0.11406250000000001 0.36328125 0.1 0.0921875
0 0.46484375 0.45156250000000003 0.1046875 0.096875
0 0.52890625 0.40390625 0.0890625 0.0859375
0 0.45937500000000003 0.375 0.109375 0.096875
0 0.46875 0.50703125 0.08750000000000001 0.07968750000000001
0 0.6546875000000001 0.48984375 0.1 0.0921875
0 0.7976562500000001 0.55234375 0.0921875 0.0921875
0 0.7601562500000001 0.52734375 0.11093750000000001 0.1078125
0 0.7679687500000001 0.61328125 0.09843750000000001 0.0890625
0 0.6359375 0.94921875 0.109375 0.09843750000000001
0 0.59296875 0.8890625000000001 0.1015625 0.08750000000000001
0 0.540625 0.890625 0.10625000000000001 0.08750000000000001
0 0.52578125 0.9656250000000001 0.0921875 0.065625
0 0.403125 0.921875 0.10625000000000001 0.096875
0 0.4234375 0.97265625 0.109375 0.051562500000000004
0 0.37578125 0.9695312500000001 0.1078125 0.0578125
