0 0.62890625 0.640625 0.2234375 0.184375
0 0.509375 0.5296875 0.22187500000000002 0.178125
0 0.32343750000000004 0.6359375 0.21875 0.178125
0 0.32656250000000003 0.509375 0.21875 0.15937500000000002
0 0.40078125000000003 0.39609375 0.2421875 0.1859375
0 0.53671875 0.14921875 0.2171875 0.1546875
0 0.58125 0.05390625 0.184375 0.1046875
0 0.42421875000000003 0.23515625 0.0859375 0.0734375
0 0.35234375 0.09843750000000001 0.09531250000000001 0.065625
0 0.4265625 0.94921875 0.15000000000000002 0.0734375
