0 0.8070312500000001 0.79296875 0.3828125 0.3140625
0 0.48984375 0.8601562500000001 0.3984375 0.2484375
0 0.5085937500000001 0.1625 0.2171875 0.1875
0 0.30859375 0.23828125 0.2328125 0.1921875
0 0.10546875 0.31640625 0.2015625 0.2015625
0 0.53125 0.28671875 0.209375 0.08281250000000001
0 0.53046875 0.28984375 0.2546875 0.19843750000000002
0 0.115625 0.446875 0.21875 0.21250000000000002
0 0.7984375 0.34609375000000003 0.29375 0.2171875
0 0.50546875 0.42578125 0.32343750000000004 0.3203125
0 0.29609375 0.51875 0.29531250000000003 0.246875
0 0.09062500000000001 0.5859375 0.1625 0.1875
0 0.73828125 0.58984375 0.30781250000000004 0.2765625
0 0.4625 0.6796875 0.3375 0.265625
0 0.19140625 0.775 0.3171875 0.278125
