0 0.23125 0.48359375000000004 0.19062500000000002 0.2765625
0 0.125 0.7328125000000001 0.22812500000000002 0.321875
0 0.27187500000000003 0.8773437500000001 0.209375 0.2421875
0 0.6414062500000001 0.7609375 0.2078125 0.30312500000000003
0 0.6234375000000001 0.55078125 0.203125 0.2578125
0 0.7625000000000001 0.70234375 0.20625000000000002 0.2921875
0 0.76953125 0.5750000000000001 0.1640625 0.1875
0 0.465625 0.45625000000000004 0.171875 0.234375
0 0.35703125 0.29375 0.1859375 0.265625
0 0.7515625 0.23359375000000002 0.19062500000000002 0.24531250000000002
0 0.68515625 0.13593750000000002 0.1796875 0.25
0 0.8296875 0.1640625 0.184375 0.27187500000000003
