0 0.26328125 0.38046875 0.2765625 0.3796875
0 0.4609375 0.359375 0.29375 0.359375
0 0.7890625 0.43671875000000004 0.31562500000000004 0.3640625
0 0.5875 0.55703125 0.290625 0.40156250000000004
0 0.940625 0.35625 0.096875 0.309375
0 0.77734375 0.64609375 0.21406250000000002 0.24531250000000002
0 0.21406250000000002 0.78515625 0.290625 0.38906250000000003
0 0.41250000000000003 0.8109375000000001 0.30000000000000004 0.375
0 0.037500000000000006 0.7093750000000001 0.07500000000000001 0.37812500000000004
0 0.09062500000000001 0.7976562500000001 0.18125000000000002 0.3484375
0 0.734375 0.7328125000000001 0.2 0.275
0 0.8718750000000001 0.7046875 0.17500000000000002 0.275
0 0.7507812500000001 0.9109375000000001 0.15156250000000002 0.17500000000000002
0 0.84765625 0.8992187500000001 0.1296875 0.15781250000000002
