0 0.52578125 0.115625 0.11093750000000001 0.146875
0 0.41875 0.1375 0.1125 0.1625
0 0.55625 0.16328125000000002 0.10625000000000001 0.15781250000000002
0 0.43203125000000003 0.20468750000000002 0.11093750000000001 0.17500000000000002
0 0.33984375 0.1265625 0.1296875 0.18125000000000002
0 0.2703125 0.09140625000000001 0.12812500000000002 0.1640625
0 0.2015625 0.11406250000000001 0.12187500000000001 0.171875
0 0.08750000000000001 0.16953125000000002 0.1125 0.1640625
0 0.03671875 0.35000000000000003 0.0734375 0.13125
0 0.08281250000000001 0.34375 0.09062500000000001 0.125
0 0.13046875 0.37109375 0.09531250000000001 0.1328125
0 0.35859375000000004 0.30546875 0.09531250000000001 0.1234375
0 0.30000000000000004 0.353125 0.09375 0.13125
0 0.7117187500000001 0.14296875 0.1296875 0.1921875
0 0.7984375 0.07578125000000001 0.140625 0.15156250000000002
0 0.8828125 0.1546875 0.11875000000000001 0.16562500000000002
0 0.7976562500000001 0.16640625 0.1171875 0.1609375
0 0.93515625 0.20625000000000002 0.1015625 0.153125
0 0.9343750000000001 0.26171875 0.096875 0.1640625
0 0.36875 0.359375 0.09062500000000001 0.13125
0 0.265625 0.33203125 0.08750000000000001 0.1265625
0 0.42812500000000003 0.434375 0.07187500000000001 0.10312500000000001
0 0.47187500000000004 0.44375000000000003 0.07187500000000001 0.096875
0 0.49531250000000004 0.30000000000000004 0.09062500000000001 0.125
0 0.5625 0.278125 0.084375 0.12187500000000001
0 0.60546875 0.2890625 0.0765625 0.109375
0 0.6648437500000001 0.309375 0.1015625 0.14375000000000002
0 0.6703125000000001 0.23125 0.09375 0.11875000000000001
0 0.72421875 0.27734375 0.0921875 0.11406250000000001
0 0.76875 0.415625 0.09062500000000001 0.115625
0 0.8546875 0.44140625 0.078125 0.1046875
0 0.9031250000000001 0.45078125 0.08125 0.1078125
0 0.20390625 0.465625 0.08281250000000001 0.1125
0 0.26015625000000003 0.46171875 0.060937500000000006 0.0859375
0 0.33203125 0.4734375 0.0734375 0.1
0 0.6171875 0.45546875000000003 0.06875 0.09843750000000001
0 0.8328125000000001 0.553125 0.065625 0.09062500000000001
