0 0.35625 0.6531250000000001 0.16875 0.30312500000000003
0 0.634375 0.81640625 0.14375000000000002 0.2734375
0 0.83125 0.815625 0.203125 0.328125
0 0.8734375000000001 0.45859375 0.078125 0.1296875
0 0.790625 0.33515625000000004 0.08125 0.1453125
0 0.7210937500000001 0.3609375 0.0765625 0.15000000000000002
0 0.6875 0.33359375 0.07500000000000001 0.1453125
0 0.56484375 0.2578125 0.0921875 0.17500000000000002
0 0.49296875 0.22187500000000002 0.0921875 0.16875
0 0.37031250000000004 0.25390625 0.1125 0.20468750000000002
0 0.09062500000000001 0.41171875 0.1 0.1703125
0 0.171875 0.45078125 0.09375 0.17343750000000002
0 0.27421875 0.39296875000000003 0.1078125 0.18281250000000002
0 0.82734375 0.5140625 0.06406250000000001 0.12187500000000001
0 0.9812500000000001 0.3453125 0.034375 0.12187500000000001
0 0.8484375000000001 0.2 0.05 0.08750000000000001
0 0.43593750000000003 0.36953125000000003 0.053125000000000006 0.09843750000000001
0 0.2984375 0.2171875 0.046875 0.078125
0 0.259375 0.1875 0.040625 0.084375
0 0.21796875000000002 0.19843750000000002 0.0484375 0.08125
0 0.12421875 0.2421875 0.0421875 0.06875
0 0.31171875000000004 0.465625 0.1296875 0.22187500000000002
0 0.8640625000000001 0.2859375 0.06875 0.1125
0 0.64609375 0.30859375 0.045312500000000006 0.09531250000000001
