0 0.29453125 0.47890625000000003 0.40468750000000003 0.3984375
0 0.6507812500000001 0.41328125000000004 0.4421875 0.3953125
0 0.8773437500000001 0.434375 0.1953125 0.246875
0 0.4296875 0.7210937500000001 0.546875 0.3765625
0 0.8445312500000001 0.63984375 0.2328125 0.2828125
0 0.6359375 0.7039062500000001 0.30000000000000004 0.30781250000000004
0 0.16484375 0.12812500000000002 0.21406250000000002 0.19687500000000002
0 0.35468750000000004 0.09453125000000001 0.19375 0.18906250000000002
0 0.703125 0.0578125 0.2 0.115625
0 0.81640625 0.8289062500000001 0.2609375 0.2109375
0 0.5375 0.07890625000000001 0.209375 0.15781250000000002
0 0.5625 0.8890625000000001 0.30312500000000003 0.19062500000000002
0 0.28125 0.23515625 0.22187500000000002 0.18281250000000002
0 0.47890625000000003 0.2015625 0.2171875 0.19375
0 0.66796875 0.16328125000000002 0.20468750000000002 0.19843750000000002
0 0.82734375 0.2609375 0.2515625 0.20625000000000002
