0 0.13359375 0.05859375 0.0328125 0.0578125
0 0.15937500000000002 0.047656250000000004 0.021875000000000002 0.0421875
0 0.07187500000000001 0.07968750000000001 0.034375 0.05625
0 0.36250000000000004 0.13984375000000002 0.043750000000000004 0.0765625
0 0.22109375 0.21875 0.029687500000000002 0.05
0 0.19765625 0.21875 0.026562500000000003 0.05
0 0.09062500000000001 0.28203125 0.028125 0.045312500000000006
0 0.1625 0.36796875 0.025 0.0421875
0 0.1859375 0.37109375 0.021875000000000002 0.0421875
0 0.20625000000000002 0.31640625 0.028125 0.051562500000000004
0 0.184375 0.30234375 0.025 0.045312500000000006
0 0.040625 0.07265625 0.037500000000000006 0.051562500000000004
0 0.0140625 0.11093750000000001 0.028125 0.053125000000000006
0 0.0125 0.1921875 0.025 0.05
0 0.059375000000000004 0.28750000000000003 0.021875000000000002 0.037500000000000006
0 0.1125 0.2765625 0.021875000000000002 0.037500000000000006
0 0.1375 0.38203125000000004 0.025 0.0421875
0 0.07421875 0.41484375 0.026562500000000003 0.0421875
0 0.03515625 0.40078125000000003 0.026562500000000003 0.035937500000000004
0 0.01015625 0.39765625000000004 0.0203125 0.0421875
0 0.09609375 0.4265625 0.0234375 0.037500000000000006
0 0.33359375 0.18046875 0.029687500000000002 0.0578125
0 0.31562500000000004 0.153125 0.03125 0.053125000000000006
0 0.42031250000000003 0.15859375 0.040625 0.0734375
0 0.39609375 0.17109375000000002 0.0390625 0.08281250000000001
0 0.25859375 0.43593750000000003 0.029687500000000002 0.05
0 0.32421875 0.45234375000000004 0.0234375 0.0421875
0 0.3015625 0.45546875000000003 0.025 0.0421875
0 0.27421875 0.44453125000000004 0.0234375 0.045312500000000006
0 0.23750000000000002 0.5265625 0.025 0.046875
0 0.037500000000000006 0.5320312500000001 0.025 0.035937500000000004
0 0.48828125 0.028125 0.060937500000000006 0.05625
0 0.53671875 0.014843750000000001 0.051562500000000004 0.029687500000000002
0 0.5171875 0.08671875000000001 0.043750000000000004 0.0765625
0 0.56171875 0.07968750000000001 0.0390625 0.084375
0 0.6078125000000001 0.10859375 0.046875 0.0890625
0 0.65390625 0.11640625 0.0484375 0.0890625
0 0.6726562500000001 0.06015625 0.045312500000000006 0.0765625
0 0.5515625000000001 0.2 0.046875 0.07187500000000001
0 0.47109375000000003 0.31015625 0.0328125 0.051562500000000004
0 0.48515625 0.29531250000000003 0.026562500000000003 0.053125000000000006
0 0.44296875 0.32578125 0.0234375 0.051562500000000004
0 0.13046875 0.6140625000000001 0.0203125 0.034375
0 0.14296875 0.62265625 0.0234375 0.0390625
0 0.1640625 0.6023437500000001 0.025 0.0390625
0 0.27109375 0.5703125 0.029687500000000002 0.05625
0 0.3015625 0.5890625 0.028125 0.053125000000000006
0 0.33828125000000003 0.6000000000000001 0.0234375 0.05
0 0.284375 0.6734375 0.028125 0.05
0 0.325 0.6671875 0.021875000000000002 0.040625
0 0.3015625 0.66328125 0.025 0.0421875
0 0.278125 0.7703125000000001 0.025 0.046875
0 0.30312500000000003 0.7640625000000001 0.021875000000000002 0.046875
0 0.43593750000000003 0.6257812500000001 0.025 0.0421875
0 0.19609375 0.71015625 0.0234375 0.0421875
0 0.20546875 0.69453125 0.0203125 0.0421875
0 0.1609375 0.7507812500000001 0.025 0.0390625
0 0.13671875 0.7664062500000001 0.0203125 0.0421875
0 0.47187500000000004 0.6429687500000001 0.021875000000000002 0.0421875
0 0.290625 0.74765625 0.021875000000000002 0.035937500000000004
0 0.42812500000000003 0.49296875 0.040625 0.060937500000000006
0 0.46171875 0.5078125 0.026562500000000003 0.05625
0 0.48828125 0.521875 0.026562500000000003 0.05625
0 0.509375 0.5375 0.028125 0.05625
0 0.49921875000000004 0.6296875000000001 0.0203125 0.037500000000000006
0 0.47578125000000004 0.62890625 0.0234375 0.035937500000000004
0 0.453125 0.6296875000000001 0.018750000000000003 0.05
0 0.44062500000000004 0.6359375 0.021875000000000002 0.043750000000000004
0 0.5710937500000001 0.15078125 0.0484375 0.07968750000000001
0 0.6015625 0.31093750000000003 0.043750000000000004 0.078125
0 0.96796875 0.032031250000000004 0.0546875 0.06406250000000001
0 0.98203125 0.0671875 0.0328125 0.084375
0 0.7445312500000001 0.26953125 0.035937500000000004 0.0703125
0 0.7093750000000001 0.24921875000000002 0.034375 0.0703125
0 0.68515625 0.25078125 0.0234375 0.0578125
0 0.7140625 0.041406250000000006 0.05 0.08281250000000001
0 0.6734375 0.35859375000000004 0.043750000000000004 0.0765625
0 0.70234375 0.36875 0.035937500000000004 0.078125
0 0.64609375 0.35703125 0.0390625 0.0734375
0 0.61640625 0.32734375000000004 0.035937500000000004 0.07968750000000001
0 0.62109375 0.38359375 0.035937500000000004 0.06406250000000001
0 0.6375000000000001 0.4078125 0.034375 0.0625
0 0.66953125 0.41171875 0.0390625 0.0703125
0 0.76328125 0.45546875000000003 0.0390625 0.06406250000000001
0 0.7976562500000001 0.45859375 0.0328125 0.060937500000000006
0 0.68359375 0.42421875000000003 0.029687500000000002 0.0578125
0 0.596875 0.48750000000000004 0.028125 0.05625
0 0.571875 0.47500000000000003 0.028125 0.05625
0 0.6351562500000001 0.56875 0.035937500000000004 0.059375000000000004
0 0.6296875000000001 0.53671875 0.028125 0.051562500000000004
0 0.7000000000000001 0.6218750000000001 0.028125 0.053125000000000006
0 0.6882812500000001 0.59375 0.026562500000000003 0.043750000000000004
0 0.8304687500000001 0.57265625 0.0328125 0.06406250000000001
0 0.85859375 0.60078125 0.045312500000000006 0.06406250000000001
0 0.821875 0.7296875 0.037500000000000006 0.0625
0 0.6265625 0.67109375 0.034375 0.051562500000000004
0 0.6414062500000001 0.6671875 0.029687500000000002 0.053125000000000006
0 0.80390625 0.7156250000000001 0.029687500000000002 0.043750000000000004
0 0.8343750000000001 0.86640625 0.040625 0.060937500000000006
0 0.8109375000000001 0.8984375 0.034375 0.0625
0 0.7765625 0.8851562500000001 0.034375 0.0671875
0 0.67109375 0.8421875000000001 0.029687500000000002 0.05
0 0.6585937500000001 0.8093750000000001 0.029687500000000002 0.05
0 0.6375000000000001 0.8390625 0.03125 0.05625
0 0.6125 0.8109375000000001 0.040625 0.05625
0 0.58515625 0.7406250000000001 0.035937500000000004 0.05
0 0.56484375 0.7375 0.029687500000000002 0.053125000000000006
0 0.546875 0.7484375000000001 0.028125 0.046875
0 0.43046875 0.7828125 0.026562500000000003 0.05
0 0.39296875000000003 0.9265625000000001 0.029687500000000002 0.05625
0 0.3796875 0.8929687500000001 0.028125 0.051562500000000004
0 0.46328125000000003 0.83984375 0.029687500000000002 0.0578125
0 0.44765625000000003 0.815625 0.026562500000000003 0.043750000000000004
0 0.4546875 0.7765625 0.025 0.046875
0 0.39609375 0.8578125000000001 0.029687500000000002 0.046875
0 0.41171875 0.8890625000000001 0.026562500000000003 0.053125000000000006
0 0.390625 0.77265625 0.028125 0.0421875
0 0.584375 0.19921875 0.034375 0.06406250000000001
0 0.775 0.47421875 0.034375 0.0578125
0 0.7515625 0.4765625 0.025 0.05
