0 0.86640625 0.553125 0.23593750000000002 0.296875
0 0.67734375 0.62421875 0.19843750000000002 0.24531250000000002
0 0.9281250000000001 0.7914062500000001 0.140625 0.21406250000000002
0 0.7625000000000001 0.30312500000000003 0.25 0.34375
0 0.55390625 0.40625 0.2171875 0.2625
0 0.37734375000000003 0.49062500000000003 0.22968750000000002 0.253125
0 0.49531250000000004 0.71796875 0.20625000000000002 0.2484375
0 0.6703125000000001 0.8562500000000001 0.00625 0.23125
0 0.20546875 0.603125 0.21406250000000002 0.25
0 0.3359375 0.80859375 0.203125 0.2078125
0 0.53671875 0.1375 0.2578125 0.265625
0 0.34375 0.2078125 0.253125 0.31562500000000004
0 0.15000000000000002 0.34375 0.225 0.3125
0 0.12812500000000002 0.1078125 0.203125 0.178125
0 0.50234375 0.9187500000000001 0.1796875 0.15937500000000002
