0 0.09843750000000001 0.73359375 0.19687500000000002 0.11093750000000001
0 0.4 0.69140625 0.16562500000000002 0.0921875
0 0.35625 0.7703125000000001 0.15937500000000002 0.09375
0 0.515625 0.73203125 0.178125 0.09843750000000001
0 0.35390625000000003 0.84296875 0.1328125 0.0890625
0 0.09921875000000001 0.55 0.19843750000000002 0.11875000000000001
0 0.5109375 0.44140625 0.153125 0.08281250000000001
0 0.525 0.50625 0.125 0.078125
0 0.546875 0.36640625000000004 0.15000000000000002 0.09531250000000001
0 0.57734375 0.51953125 0.11406250000000001 0.0703125
0 0.60703125 0.45078125 0.1296875 0.08281250000000001
0 0.45156250000000003 0.3015625 0.15625 0.084375
0 0.4109375 0.225 0.1375 0.078125
0 0.06875 0.31640625 0.1375 0.11093750000000001
0 0.11328125 0.22109375 0.18281250000000002 0.1046875
0 0.08984375 0.14609375 0.1796875 0.1265625
0 0.446875 0.0921875 0.1375 0.078125
0 0.50703125 0.041406250000000006 0.1484375 0.07968750000000001
0 0.5906250000000001 0.0125 0.115625 0.021875000000000002
0 0.53046875 0.24921875000000002 0.1765625 0.0890625
0 0.6062500000000001 0.27421875 0.15625 0.07968750000000001
0 0.5750000000000001 0.20703125 0.15000000000000002 0.07968750000000001
0 0.7015625000000001 0.19062500000000002 0.109375 0.0625
0 0.73984375 0.25078125 0.1265625 0.0703125
0 0.79609375 0.628125 0.1296875 0.06875
0 0.8070312500000001 0.578125 0.1296875 0.08125
0 0.7296875 0.6687500000000001 0.09375 0.059375000000000004
0 0.72578125 0.60859375 0.0890625 0.0578125
0 0.7203125 0.5789062500000001 0.1 0.06406250000000001
0 0.82421875 0.6796875 0.1265625 0.07500000000000001
0 0.9109375000000001 0.6078125000000001 0.10312500000000001 0.053125000000000006
0 0.925 0.56015625 0.115625 0.06406250000000001
0 0.9343750000000001 0.6117187500000001 0.10312500000000001 0.0671875
0 0.90625 0.3953125 0.1 0.053125000000000006
0 0.02109375 0.49765625 0.0421875 0.0921875
0 0.0125 0.60703125 0.025 0.0703125
0 0.1703125 0.91796875 0.18125000000000002 0.1015625
0 0.47500000000000003 0.86328125 0.171875 0.0921875
0 0.43281250000000004 0.9320312500000001 0.140625 0.0765625
0 0.5890625 0.8984375 0.153125 0.09062500000000001
0 0.4859375 0.92109375 0.15625 0.08281250000000001
0 0.4625 0.6742187500000001 0.19062500000000002 0.11093750000000001
0 0.90234375 0.36015625 0.0859375 0.045312500000000006
0 0.15625 0.21171875 0.2 0.09843750000000001
0 0.08984375 0.30312500000000003 0.1796875 0.096875
0 0.5085937500000001 0.31796875 0.1328125 0.0703125
0 0.45859375 0.8148437500000001 0.1296875 0.08281250000000001
0 0.51796875 0.10390625 0.1203125 0.0734375
0 0.72578125 0.08125 0.1203125 0.0625
