0 0.7515625 0.5078125 0.353125 0.29375
0 0.3765625 0.23750000000000002 0.446875 0.35000000000000003
0 0.53046875 0.39765625000000004 0.45156250000000003 0.3484375
0 0.584375 0.728125 0.30625 0.27187500000000003
0 0.40625 0.571875 0.49375 0.340625
0 0.328125 0.71796875 0.36875 0.2515625
0 0.15937500000000002 0.9421875000000001 0.215625 0.1125
0 0.1203125 0.88671875 0.209375 0.1859375
0 0.11953125 0.76484375 0.23593750000000002 0.2015625
0 0.16171875000000002 0.62890625 0.2515625 0.2234375
0 0.0625 0.6687500000000001 0.12187500000000001 0.15625
