0 0.06796875000000001 0.47890625000000003 0.1265625 0.2734375
0 0.51484375 0.35468750000000004 0.11406250000000001 0.225
0 0.953125 0.3953125 0.09062500000000001 0.22187500000000002
0 0.29296875 0.48359375000000004 0.1015625 0.22968750000000002
0 0.56171875 0.11953125 0.1453125 0.2390625
0 0.28828125 0.16875 0.1234375 0.25625000000000003
0 0.19687500000000002 0.15546875000000002 0.11875000000000001 0.26406250000000003
0 0.1484375 0.42031250000000003 0.10312500000000001 0.2
0 0.21171875 0.45625000000000004 0.11093750000000001 0.22812500000000002
0 0.3875 0.51328125 0.078125 0.1421875
0 0.42500000000000004 0.36328125 0.08125 0.1328125
0 0.44140625 0.478125 0.0734375 0.1375
0 0.52578125 0.6125 0.0671875 0.1625
0 0.4921875 0.66953125 0.065625 0.1484375
0 0.45078125 0.6484375 0.0328125 0.09062500000000001
0 0.42500000000000004 0.64765625 0.037500000000000006 0.0890625
0 0.60859375 0.6875 0.0390625 0.08750000000000001
0 0.6375000000000001 0.74921875 0.046875 0.0921875
0 0.6726562500000001 0.74921875 0.051562500000000004 0.1015625
0 0.6390625000000001 0.671875 0.046875 0.08125
0 0.53359375 0.50234375 0.060937500000000006 0.11406250000000001
0 0.35000000000000003 0.84765625 0.037500000000000006 0.0890625
0 0.52578125 0.8234375 0.0421875 0.084375
0 0.37343750000000003 0.6742187500000001 0.043750000000000004 0.09531250000000001
