0 0.19609375 0.22890625 0.18906250000000002 0.2890625
0 0.2671875 0.3375 0.17500000000000002 0.284375
0 0.44140625 0.26640625 0.18906250000000002 0.32656250000000003
0 0.51875 0.48281250000000003 0.2 0.2625
0 0.59921875 0.6781250000000001 0.1703125 0.25
0 0.73046875 0.58203125 0.1796875 0.26406250000000003
0 0.6960937500000001 0.4625 0.16718750000000002 0.22187500000000002
0 0.57734375 0.35546875 0.15156250000000002 0.2671875
0 0.6976562500000001 0.15078125 0.1203125 0.1921875
0 0.7546875000000001 0.33671875 0.14375000000000002 0.1484375
0 0.7734375 0.2578125 0.146875 0.178125
0 0.77890625 0.8562500000000001 0.11093750000000001 0.1875
0 0.8859375 0.91796875 0.134375 0.1609375
