0 0.69140625 0.5640625 0.1765625 0.27187500000000003
0 0.8695312500000001 0.34296875000000004 0.2109375 0.3171875
0 0.77734375 0.15234375 0.1921875 0.27968750000000003
0 0.38125000000000003 0.21406250000000002 0.19062500000000002 0.30000000000000004
0 0.33359375 0.42265625 0.18906250000000002 0.2546875
0 0.24609375 0.2484375 0.18906250000000002 0.290625
0 0.2 0.37031250000000004 0.153125 0.184375
0 0.45625000000000004 0.54453125 0.15937500000000002 0.22968750000000002
0 0.51015625 0.7250000000000001 0.1703125 0.2625
0 0.11093750000000001 0.7039062500000001 0.17500000000000002 0.2421875
0 0.14453125 0.8132812500000001 0.1640625 0.24531250000000002
0 0.049218750000000006 0.75546875 0.09843750000000001 0.2703125
