0 0.6820312500000001 0.309375 0.0859375 0.19062500000000002
0 0.56953125 0.27578125000000003 0.0859375 0.1796875
0 0.50234375 0.33984375 0.0859375 0.2078125
0 0.41718750000000004 0.36875 0.078125 0.17500000000000002
0 0.7265625 0.31562500000000004 0.059375000000000004 0.16875
0 0.321875 0.53359375 0.0625 0.1234375
0 0.26875 0.54296875 0.05 0.1296875
0 0.39765625000000004 0.8601562500000001 0.060937500000000006 0.1234375
0 0.33359375 0.6570312500000001 0.060937500000000006 0.1234375
0 0.33906250000000004 0.75390625 0.0625 0.13593750000000002
0 0.26640625 0.63828125 0.060937500000000006 0.1171875
