0 0.07109375 0.1203125 0.09843750000000001 0.18125000000000002
0 0.09453125000000001 0.30078125 0.1234375 0.2328125
0 0.26015625000000003 0.29765625 0.11093750000000001 0.18906250000000002
0 0.29609375 0.38203125000000004 0.0921875 0.1703125
0 0.19296875000000002 0.44062500000000004 0.1203125 0.203125
0 0.21640625000000002 0.5593750000000001 0.0921875 0.146875
0 0.30859375 0.60703125 0.09531250000000001 0.1765625
0 0.40390625 0.63828125 0.1078125 0.1921875
0 0.50234375 0.6171875 0.1046875 0.1875
0 0.55859375 0.675 0.09531250000000001 0.16875
0 0.46718750000000003 0.7937500000000001 0.10312500000000001 0.18125000000000002
0 0.6687500000000001 0.7210937500000001 0.1125 0.1921875
0 0.70234375 0.565625 0.08281250000000001 0.125
0 0.88046875 0.6109375 0.1203125 0.16875
0 0.82734375 0.7515625 0.11406250000000001 0.16562500000000002
0 0.9343750000000001 0.81171875 0.10312500000000001 0.1796875
0 0.9554687500000001 0.66328125 0.0859375 0.1609375
0 0.84921875 0.8796875000000001 0.0921875 0.16562500000000002
0 0.953125 0.9343750000000001 0.09062500000000001 0.125
0 0.78515625 0.48203125 0.09531250000000001 0.15781250000000002
