0 0.69296875 0.11171875 0.23593750000000002 0.22031250000000002
0 0.384375 0.82421875 0.140625 0.1640625
0 0.6335937500000001 0.8343750000000001 0.15781250000000002 0.146875
0 0.7828125 0.77109375 0.171875 0.1703125
0 0.23593750000000002 0.7390625000000001 0.153125 0.1625
0 0.515625 0.75 0.153125 0.1625
0 0.6515625 0.6921875000000001 0.15000000000000002 0.171875
0 0.80234375 0.6125 0.17343750000000002 0.18125000000000002
0 0.515625 0.59921875 0.1875 0.1796875
0 0.22187500000000002 0.584375 0.178125 0.17500000000000002
0 0.6585937500000001 0.52890625 0.17343750000000002 0.19843750000000002
0 0.36484375 0.5 0.17343750000000002 0.19375
0 0.5125000000000001 0.421875 0.18125000000000002 0.20625000000000002
0 0.84296875 0.43281250000000004 0.22968750000000002 0.2
0 0.19140625 0.39921875 0.2015625 0.2078125
0 0.6734375 0.32734375000000004 0.19062500000000002 0.21406250000000002
0 0.33437500000000003 0.30234375 0.19687500000000002 0.2234375
0 0.765625 0.9015625 0.15937500000000002 0.146875
0 0.515625 0.8921875 0.13125 0.146875
0 0.25859375 0.878125 0.15781250000000002 0.14375000000000002
0 0.86328125 0.21328125 0.2234375 0.2484375
0 0.5078125 0.1921875 0.19687500000000002 0.25625000000000003
0 0.14921875 0.17578125 0.22031250000000002 0.2265625
