0 0.15625 0.62421875 0.10625000000000001 0.1703125
0 0.2984375 0.6640625 0.08750000000000001 0.1125
0 0.19609375 0.6625000000000001 0.1046875 0.140625
0 0.26328125 0.5859375 0.08281250000000001 0.10312500000000001
0 0.23750000000000002 0.5328125 0.09062500000000001 0.140625
0 0.11406250000000001 0.540625 0.040625 0.065625
0 0.853125 0.5109375 0.040625 0.065625
0 0.8328125000000001 0.50625 0.040625 0.059375000000000004
0 0.8148437500000001 0.49062500000000003 0.035937500000000004 0.059375000000000004
0 0.6359375 0.50703125 0.037500000000000006 0.051562500000000004
0 0.66796875 0.5 0.026562500000000003 0.040625
0 0.6859375000000001 0.46953125 0.03125 0.0546875
0 0.6265625 0.478125 0.03125 0.046875
0 0.66796875 0.4609375 0.026562500000000003 0.040625
0 0.534375 0.48125 0.03125 0.046875
0 0.78828125 0.2578125 0.0390625 0.065625
0 0.571875 0.7671875 0.034375 0.05
0 0.4921875 0.80390625 0.034375 0.060937500000000006
0 0.51953125 0.8 0.0328125 0.05
0 0.5359375000000001 0.78671875 0.028125 0.0421875
0 0.39375000000000004 0.4296875 0.046875 0.05625
0 0.30078125 0.44453125000000004 0.0421875 0.0546875
0 0.184375 0.28125 0.043750000000000004 0.0625
0 0.2 0.30234375 0.040625 0.06406250000000001
0 0.30390625000000004 0.20390625 0.0421875 0.0671875
0 0.5828125000000001 0.29921875000000003 0.03125 0.0484375
0 0.55625 0.29765625 0.03125 0.0484375
0 0.56953125 0.25625000000000003 0.0328125 0.053125000000000006
0 0.58828125 0.21796875000000002 0.035937500000000004 0.06406250000000001
0 0.5789062500000001 0.1609375 0.0328125 0.037500000000000006
0 0.41328125000000004 0.41640625000000003 0.0390625 0.0671875
0 0.44609375 0.38203125000000004 0.035937500000000004 0.060937500000000006
0 0.40546875000000004 0.2234375 0.029687500000000002 0.046875
0 0.59296875 0.7406250000000001 0.0328125 0.046875
0 0.32109375 0.5046875000000001 0.0390625 0.059375000000000004
0 0.33359375 0.45156250000000003 0.029687500000000002 0.034375
0 0.7351562500000001 0.37031250000000004 0.029687500000000002 0.040625
