0 0.5671875000000001 0.50625 0.56875 0.390625
0 0.26875 0.1640625 0.06875 0.084375
0 0.32265625000000003 0.31171875000000004 0.07968750000000001 0.0703125
0 0.4765625 0.06328125 0.13125 0.0546875
0 0.61640625 0.09921875000000001 0.1640625 0.1609375
0 0.6507812500000001 0.703125 0.13593750000000002 0.13125
0 0.4921875 0.31328125 0.15625 0.1546875
0 0.625 0.31328125 0.146875 0.1453125
0 0.20078125000000002 0.82734375 0.1640625 0.1265625
0 0.33906250000000004 0.7937500000000001 0.07500000000000001 0.115625
