0 0.40156250000000004 0.7390625000000001 0.415625 0.290625
0 0.3640625 0.5328125 0.4625 0.328125
0 0.4390625 0.34921875 0.39375000000000004 0.2734375
0 0.24140625000000002 0.28750000000000003 0.2921875 0.21875
0 0.37812500000000004 0.14375000000000002 0.34687500000000004 0.25625000000000003
0 0.2328125 0.11640625 0.359375 0.2234375
0 0.184375 0.057031250000000006 0.22812500000000002 0.1046875
0 0.5015625 0.56640625 0.33125000000000004 0.2484375
0 0.5515625000000001 0.86640625 0.28125 0.2109375
0 0.58046875 0.94453125 0.2421875 0.1078125
