0 0.9750000000000001 0.45703125 0.046875 0.1265625
0 0.909375 0.43828125 0.07187500000000001 0.1078125
0 0.85703125 0.49062500000000003 0.07968750000000001 0.115625
0 0.38593750000000004 0.8546875 0.046875 0.065625
0 0.41484375 0.15781250000000002 0.07968750000000001 0.12187500000000001
0 0.06484375 0.5609375 0.08281250000000001 0.115625
0 0.1390625 0.953125 0.065625 0.09062500000000001
0 0.384375 0.72421875 0.0625 0.1046875
0 0.5421875 0.7507812500000001 0.0625 0.11406250000000001
0 0.421875 0.8757812500000001 0.040625 0.06406250000000001
0 0.4296875 0.23593750000000002 0.06875 0.096875
0 0.56484375 0.08515625 0.0546875 0.09843750000000001
0 0.61328125 0.078125 0.0546875 0.10312500000000001
0 0.5390625 0.325 0.07187500000000001 0.12187500000000001
0 0.5859375 0.37031250000000004 0.07187500000000001 0.1
0 0.415625 0.46406250000000004 0.07500000000000001 0.1125
0 0.1265625 0.5828125000000001 0.06875 0.12187500000000001
0 0.27187500000000003 0.6312500000000001 0.065625 0.09375
0 0.5109375 0.65234375 0.05625 0.1046875
0 0.35390625000000003 0.5945312500000001 0.0703125 0.1203125
0 0.49921875000000004 0.53515625 0.0578125 0.0859375
0 0.029687500000000002 0.90390625 0.05625 0.09843750000000001
0 0.1953125 0.9734375000000001 0.046875 0.05
0 0.11796875000000001 0.67578125 0.0765625 0.1171875
