0 0.47421875 0.8125 0.2078125 0.309375
0 0.66796875 0.7000000000000001 0.2078125 0.31562500000000004
0 0.31875000000000003 0.66171875 0.22187500000000002 0.3171875
0 0.51796875 0.5281250000000001 0.20468750000000002 0.29375
0 0.35546875 0.37578125 0.2015625 0.30781250000000004
0 0.72421875 0.40703125 0.2015625 0.3046875
0 0.56640625 0.2484375 0.2171875 0.309375
0 0.40859375000000003 0.12109375 0.2078125 0.2390625
0 0.78046875 0.13593750000000002 0.21406250000000002 0.26875
0 0.6062500000000001 0.0625 0.2 0.12187500000000001
