0 0.6640625 0.7914062500000001 0.328125 0.2421875
0 0.6296875000000001 0.8703125 0.26875 0.178125
0 0.38359375 0.7359375 0.2828125 0.21875
0 0.5671875000000001 0.46015625000000004 0.28750000000000003 0.23593750000000002
0 0.51796875 0.35078125000000004 0.2828125 0.2015625
0 0.521875 0.19687500000000002 0.140625 0.11875000000000001
0 0.28046875 0.58828125 0.1484375 0.11406250000000001
0 0.278125 0.6671875 0.153125 0.11875000000000001
0 0.60859375 0.6101562500000001 0.16718750000000002 0.1265625
0 0.45703125 0.6296875000000001 0.1796875 0.12812500000000002
0 0.4609375 0.50703125 0.25 0.19843750000000002
0 0.5109375 0.28671875 0.19062500000000002 0.1484375
0 0.1265625 0.24531250000000002 0.09375 0.065625
0 0.18125000000000002 0.19296875000000002 0.09062500000000001 0.0703125
0 0.2390625 0.18515625000000002 0.078125 0.0703125
0 0.38593750000000004 0.27968750000000003 0.084375 0.08125
0 0.38359375 0.3828125 0.1453125 0.11875000000000001
0 0.33437500000000003 0.4375 0.1125 0.08125
0 0.37031250000000004 0.51015625 0.16875 0.1328125
0 0.290625 0.48984375 0.10625000000000001 0.0890625
0 0.19765625 0.4625 0.08281250000000001 0.053125000000000006
0 0.140625 0.6882812500000001 0.08750000000000001 0.060937500000000006
0 0.24609375 0.73984375 0.1265625 0.0890625
0 0.284375 0.7835937500000001 0.109375 0.08281250000000001
0 0.16640625 0.6507812500000001 0.0890625 0.0671875
0 0.184375 0.61328125 0.08750000000000001 0.060937500000000006
0 0.20703125 0.5632812500000001 0.09531250000000001 0.0765625
0 0.1328125 0.75703125 0.07187500000000001 0.0578125
0 0.146875 0.7781250000000001 0.059375000000000004 0.046875
