0 0.8796875000000001 0.92890625 0.18125000000000002 0.09843750000000001
0 0.69921875 0.9070312500000001 0.2328125 0.1234375
0 0.7039062500000001 0.73984375 0.18906250000000002 0.11093750000000001
0 0.6195312500000001 0.7039062500000001 0.1703125 0.0921875
0 0.5609375 0.80859375 0.203125 0.1203125
0 0.4421875 0.7835937500000001 0.146875 0.0921875
0 0.39296875000000003 0.69296875 0.1765625 0.09531250000000001
0 0.36328125 0.59609375 0.1921875 0.1078125
0 0.384375 0.49765625 0.1875 0.1046875
0 0.325 0.44296875 0.16875 0.09531250000000001
0 0.2078125 0.534375 0.18125000000000002 0.10312500000000001
0 0.28046875 0.33125000000000004 0.1921875 0.1125
0 0.434375 0.29921875000000003 0.125 0.08281250000000001
0 0.38906250000000003 0.12109375 0.16875 0.1203125
0 0.2484375 0.17265625 0.16562500000000002 0.11406250000000001
0 0.18828125 0.0671875 0.1796875 0.10312500000000001
0 0.33671875 0.04609375 0.1609375 0.0859375
0 0.1203125 0.15234375 0.16562500000000002 0.0921875
0 0.065625 0.0484375 0.125 0.09062500000000001
0 0.51953125 0.21484375 0.15781250000000002 0.09531250000000001
