0 0.58203125 0.86484375 0.1046875 0.11406250000000001
0 0.44140625 0.9007812500000001 0.0734375 0.0765625
0 0.5109375 0.9140625 0.08125 0.09062500000000001
0 0.31562500000000004 0.6898437500000001 0.08750000000000001 0.0921875
0 0.41015625 0.6765625000000001 0.09531250000000001 0.1
0 0.37265625 0.71015625 0.06406250000000001 0.0671875
0 0.52734375 0.7757812500000001 0.0921875 0.09531250000000001
0 0.47968750000000004 0.7429687500000001 0.09062500000000001 0.0921875
0 0.609375 0.6179687500000001 0.078125 0.0734375
0 0.71796875 0.64375 0.07968750000000001 0.078125
0 0.675 0.6109375 0.07187500000000001 0.07500000000000001
