0 0.66796875 0.30625 0.0703125 0.12187500000000001
0 0.703125 0.3296875 0.059375000000000004 0.115625
0 0.9515625000000001 0.34375 0.09375 0.259375
0 0.8523437500000001 0.3484375 0.1265625 0.25
0 0.47187500000000004 0.41718750000000004 0.153125 0.30625
0 0.6046875 0.4609375 0.14375000000000002 0.278125
0 0.23593750000000002 0.50234375 0.15625 0.3140625
0 0.041406250000000006 0.5859375 0.07968750000000001 0.35625
0 0.4765625 0.58828125 0.13125 0.1046875
0 0.08203125 0.6218750000000001 0.1453125 0.30625
