0 0.33828125000000003 0.16328125000000002 0.3296875 0.22968750000000002
0 0.384375 0.54609375 0.421875 0.2734375
0 0.4296875 0.34218750000000003 0.39375000000000004 0.253125
0 0.478125 0.7203125 0.415625 0.259375
0 0.6648437500000001 0.7828125 0.2484375 0.171875
0 0.7093750000000001 0.89375 0.240625 0.15625
0 0.7796875000000001 0.5234375 0.125 0.09062500000000001
0 0.80390625 0.76875 0.1265625 0.10312500000000001
0 0.80625 0.6882812500000001 0.115625 0.1046875
0 0.8203125 0.56640625 0.11875000000000001 0.09531250000000001
0 0.18906250000000002 0.15234375 0.309375 0.2578125
0 0.22578125000000002 0.3484375 0.3046875 0.209375
