0 0.6078125000000001 0.5203125000000001 0.16875 0.240625
0 0.09921875000000001 0.36484375 0.1859375 0.2703125
0 0.41953125 0.5554687500000001 0.18281250000000002 0.2703125
0 0.8812500000000001 0.20390625 0.1625 0.2078125
0 0.28828125 0.5632812500000001 0.1640625 0.2828125
0 0.25078125 0.58359375 0.1546875 0.24531250000000002
0 0.5140625 0.596875 0.1875 0.3125
0 0.24140625000000002 0.24296875 0.1765625 0.2265625
0 0.8031250000000001 0.265625 0.153125 0.253125
0 0.36328125 0.6062500000000001 0.20468750000000002 0.31562500000000004
0 0.6203125 0.60859375 0.203125 0.2828125
