0 0.8265625000000001 0.0078125 0.16875 0.015625
0 0.8382812500000001 0.03359375 0.1765625 0.0671875
0 0.8265625000000001 0.203125 0.1125 0.17500000000000002
0 0.6734375 0.509375 0.47187500000000004 0.7125
0 0.75 0.40156250000000004 0.325 0.553125
0 0.43515625 0.1484375 0.1796875 0.27187500000000003
0 0.184375 0.571875 0.1375 0.209375
0 0.10703125000000001 0.6859375000000001 0.1234375 0.24375000000000002
0 0.20234375000000002 0.8890625000000001 0.09843750000000001 0.16562500000000002
0 0.28046875 0.46718750000000003 0.31093750000000003 0.46875
0 0.51796875 0.49062500000000003 0.32343750000000004 0.525
0 0.44062500000000004 0.54453125 0.25625000000000003 0.46718750000000003
0 0.45078125 0.0734375 0.1390625 0.146875
0 0.26015625000000003 0.73203125 0.08281250000000001 0.1328125
