0 0.8812500000000001 0.25078125 0.125 0.1921875
0 0.25078125 0.64765625 0.1265625 0.1921875
0 0.5320312500000001 0.8210937500000001 0.1171875 0.1859375
0 0.6000000000000001 0.86875 0.115625 0.16875
0 0.640625 0.31953125000000004 0.1875 0.27968750000000003
0 0.5578125 0.12265625000000001 0.19687500000000002 0.22031250000000002
0 0.8875000000000001 0.55234375 0.1 0.15156250000000002
0 0.53515625 0.41015625 0.16718750000000002 0.2578125
0 0.509375 0.565625 0.15625 0.1875
0 0.13828125 0.62265625 0.11093750000000001 0.1703125
0 0.27265625 0.790625 0.11406250000000001 0.17500000000000002
0 0.596875 0.18359375 0.18125000000000002 0.2765625
0 0.39921875 0.68671875 0.1171875 0.1703125
0 0.9710937500000001 0.29765625 0.0546875 0.2015625
0 0.9476562500000001 0.39609375 0.1015625 0.1953125
0 0.7312500000000001 0.56640625 0.115625 0.17343750000000002
