0 0.9695312500000001 0.09375 0.0484375 0.07187500000000001
0 0.8609375 0.13046875 0.046875 0.07968750000000001
0 0.8734375000000001 0.125 0.043750000000000004 0.07500000000000001
0 0.9476562500000001 0.17343750000000002 0.045312500000000006 0.06875
0 0.8031250000000001 0.11484375000000001 0.046875 0.0859375
0 0.7359375 0.12187500000000001 0.05 0.09375
0 0.76171875 0.1046875 0.0421875 0.08750000000000001
0 0.7093750000000001 0.16015625 0.05625 0.0921875
0 0.6578125 0.18359375 0.05 0.07968750000000001
0 0.60859375 0.18046875 0.045312500000000006 0.07968750000000001
0 0.62890625 0.15625 0.0390625 0.07187500000000001
0 0.76171875 0.25 0.0421875 0.06875
0 0.940625 0.2265625 0.046875 0.06875
0 0.83359375 0.31640625 0.035937500000000004 0.0703125
0 0.8265625000000001 0.353125 0.037500000000000006 0.0625
0 0.7734375 0.31640625 0.034375 0.060937500000000006
0 0.753125 0.275 0.046875 0.07187500000000001
0 0.70234375 0.28671875 0.0328125 0.060937500000000006
0 0.96484375 0.39375000000000004 0.0328125 0.053125000000000006
0 0.98828125 0.39296875000000003 0.0203125 0.0484375
0 0.8289062500000001 0.44140625 0.0234375 0.0390625
0 0.86640625 0.45390625 0.0234375 0.0390625
0 0.925 0.47578125000000004 0.021875000000000002 0.0390625
0 0.9398437500000001 0.521875 0.026562500000000003 0.037500000000000006
0 0.84140625 0.4765625 0.029687500000000002 0.043750000000000004
0 0.8125 0.45 0.018750000000000003 0.053125000000000006
0 0.7875000000000001 0.4375 0.025 0.046875
0 0.7515625 0.4265625 0.028125 0.043750000000000004
0 0.7171875000000001 0.41953125 0.025 0.0390625
0 0.7203125 0.4609375 0.021875000000000002 0.043750000000000004
0 0.7562500000000001 0.4578125 0.025 0.037500000000000006
0 0.6859375000000001 0.41875 0.028125 0.037500000000000006
0 0.6609375000000001 0.39609375 0.021875000000000002 0.0328125
0 0.9398437500000001 0.4140625 0.0203125 0.05
0 0.96484375 0.42031250000000003 0.026562500000000003 0.046875
0 0.98828125 0.41796875 0.0203125 0.0484375
0 0.95234375 0.47421875 0.026562500000000003 0.0390625
0 0.909375 0.56015625 0.025 0.0421875
0 0.6570312500000001 0.47734375 0.0203125 0.0421875
0 0.61328125 0.4453125 0.026562500000000003 0.05
0 0.5625 0.41171875 0.028125 0.0546875
0 0.5890625 0.415625 0.025 0.053125000000000006
0 0.6234375000000001 0.42031250000000003 0.025 0.043750000000000004
0 0.6390625000000001 0.42578125 0.021875000000000002 0.0390625
0 0.63828125 0.4921875 0.0203125 0.046875
0 0.675 0.5109375 0.015625 0.03125
0 0.6984375 0.5140625 0.0125 0.037500000000000006
0 0.7109375 0.5164062500000001 0.018750000000000003 0.035937500000000004
0 0.728125 0.51015625 0.015625 0.0328125
0 0.8929687500000001 0.56796875 0.0203125 0.0390625
0 0.9234375 0.5281250000000001 0.021875000000000002 0.03125
0 0.9578125000000001 0.5140625 0.015625 0.028125
0 0.44375000000000003 0.28750000000000003 0.040625 0.07187500000000001
0 0.37031250000000004 0.146875 0.043750000000000004 0.096875
0 0.34687500000000004 0.1078125 0.046875 0.09375
0 0.42734375 0.296875 0.0328125 0.06875
0 0.375 0.32421875 0.03125 0.06406250000000001
0 0.40234375 0.3328125 0.026562500000000003 0.053125000000000006
0 0.4453125 0.33203125 0.025 0.0484375
0 0.39296875000000003 0.37343750000000003 0.0234375 0.037500000000000006
0 0.509375 0.4296875 0.021875000000000002 0.046875
0 0.48984375 0.40937500000000004 0.0234375 0.05
0 0.48750000000000004 0.44609375 0.021875000000000002 0.0484375
0 0.45625000000000004 0.41796875 0.025 0.0390625
0 0.47500000000000003 0.43984375000000003 0.021875000000000002 0.0421875
0 0.5140625 0.48125 0.018750000000000003 0.03125
0 0.45703125 0.49453125000000003 0.0203125 0.0328125
0 0.44062500000000004 0.49296875 0.015625 0.0328125
0 0.43125 0.44843750000000004 0.018750000000000003 0.037500000000000006
0 0.44765625000000003 0.4390625 0.026562500000000003 0.043750000000000004
0 0.47500000000000003 0.553125 0.0125 0.021875000000000002
0 0.45937500000000003 0.5554687500000001 0.0125 0.0171875
0 0.45 0.55 0.015625 0.021875000000000002
0 0.4390625 0.5484375 0.015625 0.021875000000000002
0 0.36875 0.5171875 0.015625 0.03125
0 0.6468750000000001 0.55 0.015625 0.021875000000000002
0 0.34687500000000004 0.51796875 0.015625 0.026562500000000003
0 0.36015625 0.325 0.026562500000000003 0.059375000000000004
0 0.27265625 0.2828125 0.035937500000000004 0.065625
0 0.29609375 0.31015625 0.029687500000000002 0.0703125
0 0.31640625 0.31875000000000003 0.026562500000000003 0.0625
0 0.23046875 0.32421875 0.035937500000000004 0.0703125
0 0.2015625 0.3359375 0.034375 0.07187500000000001
0 0.23203125000000002 0.36015625 0.035937500000000004 0.0703125
0 0.26406250000000003 0.34296875000000004 0.040625 0.0703125
0 0.146875 0.2390625 0.046875 0.06875
0 0.12109375 0.23203125000000002 0.045312500000000006 0.0484375
0 0.060937500000000006 0.26406250000000003 0.040625 0.065625
0 0.10390625 0.24453125 0.0390625 0.060937500000000006
0 0.1078125 0.321875 0.043750000000000004 0.07187500000000001
0 0.13593750000000002 0.3515625 0.034375 0.065625
0 0.17890625000000002 0.3484375 0.035937500000000004 0.0625
0 0.12812500000000002 0.38671875 0.028125 0.0484375
0 0.09062500000000001 0.39375000000000004 0.028125 0.059375000000000004
0 0.06328125 0.38984375000000004 0.0234375 0.0421875
0 0.021875000000000002 0.42421875000000003 0.021875000000000002 0.035937500000000004
0 0.18203125 0.453125 0.029687500000000002 0.053125000000000006
0 0.16640625 0.4890625 0.029687500000000002 0.05
0 0.19296875000000002 0.49765625 0.026562500000000003 0.0484375
0 0.11640625 0.41171875 0.0328125 0.0546875
0 0.284375 0.43515625 0.025 0.0484375
0 0.309375 0.46484375 0.021875000000000002 0.0390625
0 0.290625 0.5320312500000001 0.0125 0.0328125
