0 0.5867187500000001 0.55234375 0.1328125 0.1859375
0 0.8093750000000001 0.47500000000000003 0.134375 0.178125
0 0.8046875 0.43593750000000003 0.12187500000000001 0.140625
0 0.63984375 0.5171875 0.13593750000000002 0.17500000000000002
0 0.6976562500000001 0.48750000000000004 0.09531250000000001 0.13125
0 0.728125 0.5328125 0.09375 0.11875000000000001
0 0.7289062500000001 0.6742187500000001 0.0671875 0.0890625
0 0.49375 0.61484375 0.0625 0.0765625
0 0.64375 0.6265625 0.0625 0.08125
0 0.6765625000000001 0.625 0.0625 0.084375
0 0.92734375 0.8078125 0.1203125 0.16562500000000002
0 0.87421875 0.77890625 0.1015625 0.13593750000000002
0 0.5734375 0.96484375 0.09375 0.0671875
0 0.5242187500000001 0.94296875 0.1015625 0.11093750000000001
0 0.209375 0.7609375 0.19687500000000002 0.25
0 0.31328125 0.85859375 0.18906250000000002 0.2265625
0 0.4296875 0.6234375000000001 0.053125000000000006 0.0625
0 0.6804687500000001 0.7078125000000001 0.045312500000000006 0.0625
0 0.796875 0.80390625 0.043750000000000004 0.0578125
0 0.14609375 0.5671875000000001 0.11406250000000001 0.146875
0 0.22265625 0.5437500000000001 0.1078125 0.15625
