0 0.7367187500000001 0.8875000000000001 0.4265625 0.22187500000000002
0 0.40703125 0.86484375 0.4265625 0.2671875
0 0.62109375 0.23671875 0.2390625 0.2015625
0 0.40859375000000003 0.22031250000000002 0.2546875 0.20625000000000002
0 0.1765625 0.20468750000000002 0.25625000000000003 0.215625
0 0.60859375 0.3609375 0.21406250000000002 0.096875
0 0.60546875 0.36250000000000004 0.2765625 0.215625
0 0.15781250000000002 0.33046875000000003 0.259375 0.2265625
0 0.8421875000000001 0.5265625 0.3125 0.23750000000000002
0 0.54609375 0.4765625 0.3609375 0.340625
0 0.3203125 0.47500000000000003 0.321875 0.265625
0 0.11093750000000001 0.45156250000000003 0.171875 0.19687500000000002
0 0.7210937500000001 0.7250000000000001 0.33906250000000004 0.296875
0 0.43359375 0.6937500000000001 0.3640625 0.28750000000000003
0 0.1796875 0.6703125000000001 0.28750000000000003 0.296875
