0 0.26953125 0.2921875 0.17343750000000002 0.3125
0 0.18671875000000002 0.30000000000000004 0.1203125 0.259375
0 0.25390625 0.58046875 0.1609375 0.2671875
0 0.5609375 0.4890625 0.178125 0.26875
0 0.65390625 0.571875 0.1421875 0.26875
0 0.80078125 0.6171875 0.0890625 0.13125
0 0.36875 0.728125 0.084375 0.140625
0 0.29140625000000003 0.7054687500000001 0.0890625 0.1453125
0 0.42890625000000004 0.40234375 0.0921875 0.15781250000000002
0 0.371875 0.5421875 0.09062500000000001 0.171875
0 0.49062500000000003 0.5789062500000001 0.146875 0.2328125
0 0.7132812500000001 0.6000000000000001 0.11093750000000001 0.178125
0 0.65625 0.9695312500000001 0.046875 0.0578125
0 0.7203125 0.9484375 0.053125000000000006 0.084375
0 0.74375 0.8953125000000001 0.05625 0.07187500000000001
0 0.6875 0.72265625 0.065625 0.0765625
0 0.58984375 0.69296875 0.0890625 0.13593750000000002
0 0.52578125 0.72265625 0.0578125 0.1078125
0 0.46484375 0.6648437500000001 0.09843750000000001 0.15781250000000002
0 0.46406250000000004 0.74765625 0.06875 0.09843750000000001
0 0.46796875000000004 0.8460937500000001 0.035937500000000004 0.07968750000000001
0 0.23828125 0.83203125 0.0421875 0.08281250000000001
0 0.215625 0.7140625 0.0625 0.12187500000000001
0 0.18359375 0.6625000000000001 0.060937500000000006 0.10312500000000001
0 0.27890625 0.81796875 0.0484375 0.08281250000000001
0 0.32109375 0.8132812500000001 0.0421875 0.08281250000000001
0 0.37421875000000004 0.80625 0.0578125 0.09062500000000001
0 0.16953125000000002 0.8171875000000001 0.045312500000000006 0.065625
0 0.1546875 0.796875 0.034375 0.05625
