0 0.45703125 0.025 0.1265625 0.046875
0 0.43828125 0.0921875 0.1078125 0.07187500000000001
0 0.49062500000000003 0.14296875 0.115625 0.07968750000000001
0 0.8546875 0.6140625000000001 0.065625 0.046875
0 0.15781250000000002 0.58515625 0.12187500000000001 0.07968750000000001
0 0.5609375 0.93671875 0.115625 0.08281250000000001
0 0.953125 0.8609375 0.09062500000000001 0.065625
0 0.72421875 0.6171875 0.1046875 0.0625
0 0.7507812500000001 0.4578125 0.11406250000000001 0.0625
0 0.8757812500000001 0.578125 0.06406250000000001 0.040625
0 0.23593750000000002 0.571875 0.096875 0.06875
0 0.08515625 0.43671875000000004 0.09843750000000001 0.0546875
0 0.078125 0.38671875 0.10312500000000001 0.0546875
0 0.325 0.4625 0.12187500000000001 0.07187500000000001
0 0.37031250000000004 0.4140625 0.1 0.07187500000000001
0 0.46406250000000004 0.584375 0.1125 0.07500000000000001
0 0.5828125000000001 0.875 0.12187500000000001 0.06875
0 0.6312500000000001 0.7296875 0.09375 0.065625
0 0.65234375 0.49062500000000003 0.1046875 0.05625
0 0.5945312500000001 0.64765625 0.1203125 0.0703125
0 0.53515625 0.5007812500000001 0.0859375 0.0578125
0 0.90390625 0.9710937500000001 0.09843750000000001 0.0546875
0 0.9734375000000001 0.8046875 0.05 0.046875
0 0.67578125 0.88203125 0.1171875 0.0765625
