0 0.44609375 0.3640625 0.22968750000000002 0.225
0 0.7046875 0.4609375 0.209375 0.234375
0 0.7757812500000001 0.5515625000000001 0.2265625 0.265625
0 0.36484375 0.2234375 0.2015625 0.22187500000000002
0 0.53515625 0.5265625 0.22031250000000002 0.278125
0 0.22968750000000002 0.28750000000000003 0.21250000000000002 0.240625
0 0.8304687500000001 0.7375 0.1546875 0.16875
0 0.721875 0.7921875 0.15000000000000002 0.19375
0 0.38203125000000004 0.47578125000000004 0.1765625 0.20468750000000002
0 0.28125 0.62265625 0.15000000000000002 0.1765625
0 0.48281250000000003 0.9046875000000001 0.14375000000000002 0.146875
0 0.3953125 0.9234375 0.10312500000000001 0.096875
0 0.21015625000000002 0.484375 0.1640625 0.134375
0 0.19453125000000002 0.55625 0.1609375 0.1375
0 0.18671875000000002 0.09765625 0.1390625 0.1453125
0 0.07500000000000001 0.0578125 0.14375000000000002 0.115625
