0 0.734375 0.66796875 0.44375000000000003 0.21406250000000002
0 0.44296875 0.37031250000000004 0.42031250000000003 0.215625
0 0.27421875 0.49921875000000004 0.4609375 0.2265625
0 0.4109375 0.6203125 0.415625 0.25
0 0.78515625 0.6078125000000001 0.37031250000000004 0.184375
0 0.64453125 0.7828125 0.4390625 0.20625000000000002
0 0.17578125 0.95703125 0.21406250000000002 0.08281250000000001
0 0.13593750000000002 0.9296875 0.259375 0.12812500000000002
0 0.296875 0.8992187500000001 0.225 0.1296875
0 0.29140625000000003 0.29921875000000003 0.4265625 0.2015625
0 0.28984375 0.16953125000000002 0.2703125 0.1234375
0 0.47109375000000003 0.21406250000000002 0.3015625 0.153125
