0 0.47265625 0.26328125 0.2078125 0.2609375
0 0.8671875 0.296875 0.15000000000000002 0.225
0 0.76953125 0.30625 0.1546875 0.209375
0 0.5359375000000001 0.40937500000000004 0.18125000000000002 0.246875
0 0.40468750000000003 0.3765625 0.171875 0.23750000000000002
0 0.6570312500000001 0.13593750000000002 0.1453125 0.1625
0 0.6468750000000001 0.565625 0.15937500000000002 0.22187500000000002
0 0.45 0.7234375000000001 0.1875 0.28750000000000003
0 0.57578125 0.7367187500000001 0.17343750000000002 0.2484375
0 0.6062500000000001 0.88671875 0.19687500000000002 0.2234375
0 0.51796875 0.09140625000000001 0.1609375 0.1203125
