0 0.29296875 0.09843750000000001 0.1078125 0.1875
0 0.4765625 0.115625 0.125 0.215625
0 0.4453125 0.026562500000000003 0.07500000000000001 0.037500000000000006
0 0.5421875 0.0421875 0.1 0.065625
0 0.09609375 0.13125 0.1015625 0.1875
0 0.041406250000000006 0.03515625 0.0484375 0.0671875
0 0.125 0.328125 0.08750000000000001 0.12812500000000002
0 0.19687500000000002 0.33828125000000003 0.09062500000000001 0.16718750000000002
0 0.26328125 0.39453125 0.0890625 0.1703125
0 0.26640625 0.45937500000000003 0.09531250000000001 0.18125000000000002
0 0.19453125000000002 0.50703125 0.1015625 0.1859375
0 0.18515625000000002 0.42031250000000003 0.08281250000000001 0.09062500000000001
0 0.11875000000000001 0.4265625 0.084375 0.13125
0 0.07578125000000001 0.44296875 0.0890625 0.1640625
0 0.029687500000000002 0.5296875 0.059375000000000004 0.184375
0 0.026562500000000003 0.44453125000000004 0.053125000000000006 0.1453125
0 0.025781250000000002 0.384375 0.051562500000000004 0.13125
0 0.06015625 0.47421875 0.0703125 0.1390625
0 0.7171875000000001 0.11328125 0.12187500000000001 0.1859375
0 0.80078125 0.0859375 0.1171875 0.11875000000000001
0 0.8640625000000001 0.06484375 0.084375 0.0671875
0 0.87421875 0.1640625 0.1296875 0.215625
0 0.7890625 0.18671875000000002 0.10312500000000001 0.1796875
0 0.7203125 0.17500000000000002 0.10625000000000001 0.146875
0 0.7914062500000001 0.23046875 0.1015625 0.20468750000000002
0 0.89609375 0.2171875 0.09843750000000001 0.18125000000000002
0 0.8382812500000001 0.22265625 0.07968750000000001 0.1546875
0 0.95703125 0.16796875 0.0734375 0.1453125
0 0.87265625 0.609375 0.1046875 0.15000000000000002
0 0.9007812500000001 0.696875 0.0703125 0.12187500000000001
0 0.8500000000000001 0.66796875 0.065625 0.09531250000000001
0 0.83203125 0.54921875 0.0765625 0.1390625
0 0.80625 0.61328125 0.078125 0.1234375
0 0.6882812500000001 0.6492187500000001 0.08281250000000001 0.15781250000000002
0 0.7109375 0.47265625 0.08125 0.15156250000000002
0 0.628125 0.51328125 0.084375 0.1609375
0 0.6585937500000001 0.59765625 0.0921875 0.16718750000000002
0 0.6765625000000001 0.765625 0.065625 0.115625
0 0.6062500000000001 0.8 0.07187500000000001 0.134375
0 0.61484375 0.6664062500000001 0.0765625 0.1546875
0 0.59921875 0.5640625 0.0671875 0.13125
0 0.5421875 0.59375 0.096875 0.146875
0 0.4765625 0.55234375 0.08125 0.1484375
0 0.4140625 0.55078125 0.078125 0.11406250000000001
0 0.3921875 0.5906250000000001 0.084375 0.13125
0 0.40468750000000003 0.6609375000000001 0.07500000000000001 0.125
0 0.44609375 0.6328125 0.08281250000000001 0.14375000000000002
0 0.5015625 0.6507812500000001 0.078125 0.1390625
0 0.4703125 0.6609375000000001 0.065625 0.146875
0 0.44062500000000004 0.7585937500000001 0.07500000000000001 0.15781250000000002
0 0.78125 0.8132812500000001 0.059375000000000004 0.1265625
0 0.225 0.79296875 0.06875 0.13593750000000002
0 0.265625 0.73046875 0.053125000000000006 0.0890625
0 0.28750000000000003 0.73203125 0.07187500000000001 0.0921875
0 0.27265625 0.8046875 0.0859375 0.13125
0 0.2015625 0.7273437500000001 0.065625 0.09843750000000001
0 0.1703125 0.8093750000000001 0.07500000000000001 0.125
0 0.20625000000000002 0.93125 0.065625 0.12187500000000001
0 0.25625000000000003 0.9359375000000001 0.0625 0.11875000000000001
0 0.55 0.7875000000000001 0.09062500000000001 0.1375
0 0.5390625 0.8406250000000001 0.07187500000000001 0.11875000000000001
0 0.42734375 0.9390625 0.0578125 0.109375
0 0.4609375 0.9390625 0.053125000000000006 0.1
0 0.415625 0.97578125 0.05 0.045312500000000006
0 0.79609375 0.96796875 0.0484375 0.060937500000000006
0 0.8078125 0.9750000000000001 0.046875 0.046875
0 0.83203125 0.9750000000000001 0.045312500000000006 0.046875
