0 0.42031250000000003 0.59609375 0.209375 0.2484375
0 0.51953125 0.38515625000000003 0.2109375 0.27968750000000003
0 0.62890625 0.61640625 0.1546875 0.2390625
0 0.7664062500000001 0.48203125 0.18906250000000002 0.23593750000000002
0 0.7375 0.22890625 0.19687500000000002 0.23593750000000002
0 0.55234375 0.09609375 0.18281250000000002 0.18906250000000002
0 0.22890625 0.325 0.2265625 0.26875
0 0.8 0.73984375 0.20625000000000002 0.2671875
0 0.63828125 0.8406250000000001 0.0546875 0.22812500000000002
0 0.28984375 0.8656250000000001 0.1953125 0.20625000000000002
0 0.184375 0.09921875000000001 0.240625 0.1953125
0 0.0765625 0.42578125 0.15000000000000002 0.32656250000000003
0 0.1078125 0.7132812500000001 0.21250000000000002 0.2390625
