0 0.35390625000000003 0.05390625 0.11093750000000001 0.1078125
0 0.446875 0.07968750000000001 0.13125 0.15937500000000002
0 0.11875000000000001 0.3828125 0.10312500000000001 0.046875
0 0.7289062500000001 0.5359375000000001 0.1078125 0.15937500000000002
0 0.35859375000000004 0.20234375000000002 0.1328125 0.1421875
0 0.5203125000000001 0.8515625 0.109375 0.05
0 0.74140625 0.7703125000000001 0.1296875 0.19375
0 0.7585937500000001 0.6140625000000001 0.13593750000000002 0.15937500000000002
0 0.83984375 0.7828125 0.1171875 0.1875
0 0.44062500000000004 0.8523437500000001 0.10312500000000001 0.18281250000000002
0 0.04453125 0.44843750000000004 0.0890625 0.1625
