0 0.6875 0.23515625 0.27187500000000003 0.3328125
0 0.50390625 0.353125 0.24531250000000002 0.26875
0 0.32578125 0.43984375000000003 0.2671875 0.2828125
0 0.8382812500000001 0.52578125 0.2765625 0.2859375
0 0.6335937500000001 0.596875 0.2484375 0.284375
0 0.47968750000000004 0.68125 0.23750000000000002 0.23750000000000002
0 0.3359375 0.7765625 0.234375 0.23750000000000002
0 0.9085937500000001 0.7515625 0.1640625 0.23125
0 0.6796875 0.8234375 0.203125 0.23750000000000002
0 0.41250000000000003 0.1234375 0.296875 0.24375000000000002
0 0.2421875 0.1703125 0.275 0.3375
0 0.10859375 0.30312500000000003 0.21406250000000002 0.31875000000000003
0 0.5265625 0.8695312500000001 0.215625 0.21406250000000002
