0 0.25 0.24296875 0.253125 0.4390625
0 0.62265625 0.36640625000000004 0.2828125 0.5046875000000001
0 0.49921875000000004 0.28125 0.2578125 0.41250000000000003
0 0.384375 0.3296875 0.21875 0.35000000000000003
0 0.2390625 0.5320312500000001 0.20625000000000002 0.3359375
0 0.2828125 0.68515625 0.215625 0.3015625
0 0.5203125000000001 0.63828125 0.184375 0.2828125
0 0.71640625 0.74609375 0.22031250000000002 0.3203125
0 0.76875 0.44843750000000004 0.25625000000000003 0.403125
0 0.9265625000000001 0.71015625 0.1375 0.3140625
0 0.64609375 0.8015625000000001 0.17343750000000002 0.284375
