0 0.60546875 0.5945312500000001 0.3453125 0.2671875
0 0.34765625 0.6492187500000001 0.3296875 0.2421875
0 0.6414062500000001 0.359375 0.2765625 0.22812500000000002
0 0.515625 0.20468750000000002 0.31562500000000004 0.22812500000000002
0 0.6203125 0.096875 0.33437500000000003 0.19375
0 0.16562500000000002 0.3046875 0.259375 0.1875
0 0.22812500000000002 0.18906250000000002 0.24375000000000002 0.171875
0 0.265625 0.8046875 0.309375 0.21875
0 0.39296875000000003 0.87890625 0.31093750000000003 0.20468750000000002
0 0.375 0.9546875 0.28125 0.05
0 0.4421875 0.43359375 0.309375 0.2546875
0 0.3765625 0.49453125000000003 0.24375000000000002 0.1765625
0 0.11875000000000001 0.42734375 0.13125 0.1015625
