0 0.19687500000000002 0.17109375000000002 0.33125000000000004 0.1765625
0 0.20234375000000002 0.3671875 0.27968750000000003 0.12187500000000001
0 0.34687500000000004 0.6609375000000001 0.29375 0.140625
0 0.54609375 0.71875 0.22968750000000002 0.11875000000000001
0 0.4 0.7453125 0.209375 0.1
0 0.55078125 0.16171875000000002 0.1265625 0.06406250000000001
0 0.6804687500000001 0.25625000000000003 0.15156250000000002 0.07187500000000001
0 0.6492187500000001 0.321875 0.15156250000000002 0.065625
0 0.75546875 0.6859375000000001 0.19843750000000002 0.09375
0 0.78671875 0.5640625 0.1796875 0.08125
0 0.7445312500000001 0.48828125 0.1921875 0.0765625
0 0.7914062500000001 0.7601562500000001 0.07968750000000001 0.0390625
0 0.55859375 0.86484375 0.1796875 0.0859375
0 0.6195312500000001 0.765625 0.18906250000000002 0.096875
0 0.59375 0.95078125 0.16875 0.0859375
0 0.49453125000000003 0.2078125 0.11406250000000001 0.05
0 0.6781250000000001 0.04609375 0.134375 0.060937500000000006
0 0.734375 0.184375 0.12187500000000001 0.053125000000000006
0 0.6765625000000001 0.359375 0.153125 0.065625
0 0.6421875 0.6078125000000001 0.1 0.040625
0 0.6078125000000001 0.584375 0.09375 0.053125000000000006
0 0.8210937500000001 0.80078125 0.07968750000000001 0.0390625
0 0.8054687500000001 0.8406250000000001 0.08281250000000001 0.040625
0 0.815625 0.209375 0.09375 0.046875
