0 0.2015625 0.70859375 0.403125 0.5390625
0 0.48203125 0.74921875 0.4578125 0.49843750000000003
0 0.7703125000000001 0.6960937500000001 0.39687500000000003 0.6046875
0 0.878125 0.32578125 0.21875 0.37031250000000004
0 0.13828125 0.296875 0.2765625 0.403125
0 0.171875 0.059375000000000004 0.225 0.11875000000000001
0 0.3765625 0.06328125 0.25 0.1265625
0 0.5867187500000001 0.0921875 0.2703125 0.184375
0 0.7953125000000001 0.12734375 0.25625000000000003 0.1859375
0 0.94140625 0.15000000000000002 0.1015625 0.14375000000000002
0 0.03671875 0.67109375 0.0734375 0.49531250000000004
