0 0.16796875 0.53359375 0.19843750000000002 0.13593750000000002
0 0.12812500000000002 0.62421875 0.19375 0.1421875
0 0.40703125 0.85859375 0.19843750000000002 0.13593750000000002
0 0.4546875 0.9437500000000001 0.16562500000000002 0.10312500000000001
0 0.9242187500000001 0.5554687500000001 0.1484375 0.1078125
0 0.665625 0.2671875 0.203125 0.134375
0 0.9242187500000001 0.47734375 0.1484375 0.1171875
0 0.25859375 0.62109375 0.2078125 0.1390625
0 0.49531250000000004 0.8578125000000001 0.146875 0.10625000000000001
0 0.8859375 0.25546875 0.225 0.15156250000000002
0 0.90625 0.17109375000000002 0.184375 0.15156250000000002
0 0.7445312500000001 0.23203125000000002 0.2234375 0.13593750000000002
