0 0.77265625 0.021875000000000002 0.18281250000000002 0.043750000000000004
0 0.609375 0.21953125 0.29375 0.4390625
0 0.32890625 0.546875 0.2859375 0.45937500000000003
0 0.9398437500000001 0.66015625 0.1171875 0.2765625
0 0.7421875 0.2671875 0.275 0.503125
0 0.5953125 0.521875 0.33437500000000003 0.48125
0 0.53828125 0.19765625 0.26406250000000003 0.3953125
0 0.47734375 0.6687500000000001 0.30781250000000004 0.5125000000000001
0 0.26953125 0.6882812500000001 0.2890625 0.49843750000000003
0 0.15937500000000002 0.54296875 0.22187500000000002 0.34218750000000003
0 0.13125 0.7132812500000001 0.19687500000000002 0.33906250000000004
0 0.89609375 0.55625 0.17343750000000002 0.24375000000000002
0 0.925 0.7117187500000001 0.146875 0.2984375
