0 0.23593750000000002 0.06796875000000001 0.059375000000000004 0.051562500000000004
0 0.2984375 0.7453125 0.08750000000000001 0.037500000000000006
0 0.31093750000000003 0.9171875 0.1 0.040625
0 0.33125000000000004 0.7796875000000001 0.1 0.059375000000000004
0 0.375 0.9015625 0.096875 0.05625
0 0.3765625 0.8546875 0.1 0.053125000000000006
0 0.37812500000000004 0.1296875 0.08125 0.034375
0 0.38906250000000003 0.3640625 0.05625 0.028125
0 0.3921875 0.284375 0.09062500000000001 0.037500000000000006
0 0.4 0.5750000000000001 0.096875 0.053125000000000006
0 0.4078125 0.9234375 0.05 0.040625
0 0.41796875 0.45703125 0.06406250000000001 0.051562500000000004
0 0.421875 0.2171875 0.05 0.05
0 0.421875 0.13828125 0.05625 0.045312500000000006
0 0.43281250000000004 0.6117187500000001 0.08750000000000001 0.0546875
0 0.434375 0.40546875000000004 0.096875 0.051562500000000004
0 0.4421875 0.8773437500000001 0.065625 0.0328125
0 0.4421875 0.2015625 0.059375000000000004 0.043750000000000004
0 0.4546875 0.253125 0.10312500000000001 0.065625
0 0.45546875000000003 0.7937500000000001 0.045312500000000006 0.037500000000000006
0 0.45625000000000004 0.09375 0.05 0.053125000000000006
0 0.47265625 0.8515625 0.0734375 0.040625
0 0.47890625000000003 0.584375 0.045312500000000006 0.040625
0 0.4859375 0.78125 0.05 0.05
0 0.49062500000000003 0.9171875 0.05 0.046875
0 0.5007812500000001 0.55390625 0.0734375 0.0328125
0 0.5109375 0.07265625 0.040625 0.0390625
0 0.51484375 0.034375 0.045312500000000006 0.040625
0 0.53125 0.1296875 0.07500000000000001 0.040625
0 0.5765625 0.55234375 0.078125 0.0421875
0 0.6078125000000001 0.52578125 0.084375 0.045312500000000006
0 0.6125 0.4859375 0.053125000000000006 0.037500000000000006
0 0.61875 0.8992187500000001 0.040625 0.029687500000000002
0 0.71875 0.43359375 0.065625 0.035937500000000004
