0 0.30390625000000004 0.16953125000000002 0.1421875 0.1953125
0 0.20859375000000002 0.18359375 0.1484375 0.1921875
0 0.11796875000000001 0.56015625 0.1421875 0.1953125
0 0.059375000000000004 0.6515625 0.11875000000000001 0.1625
0 0.6039062500000001 0.8703125 0.11406250000000001 0.18125000000000002
0 0.7421875 0.465625 0.140625 0.2
0 0.671875 0.8265625000000001 0.12187500000000001 0.178125
0 0.26484375 0.2984375 0.1453125 0.20625000000000002
0 0.15703125 0.63828125 0.11093750000000001 0.1453125
0 0.8445312500000001 0.66015625 0.15781250000000002 0.2328125
0 0.921875 0.6492187500000001 0.134375 0.22968750000000002
0 0.8054687500000001 0.5164062500000001 0.1421875 0.22031250000000002
