0 0.49453125000000003 0.48203125 0.3015625 0.2421875
0 0.6781250000000001 0.37421875000000004 0.296875 0.21406250000000002
0 0.56796875 0.25859375 0.30781250000000004 0.2234375
0 0.38984375000000004 0.7515625 0.30781250000000004 0.22812500000000002
0 0.28515625 0.8382812500000001 0.3359375 0.2390625
0 0.29531250000000003 0.58828125 0.359375 0.2328125
0 0.13828125 0.35703125 0.20468750000000002 0.1453125
0 0.31875000000000003 0.26406250000000003 0.178125 0.1625
0 0.23750000000000002 0.25625000000000003 0.19062500000000002 0.15000000000000002
0 0.36250000000000004 0.43281250000000004 0.290625 0.18125000000000002
0 0.82578125 0.17421875 0.18906250000000002 0.1390625
0 0.87890625 0.0671875 0.1796875 0.134375
0 0.16171875000000002 0.20078125000000002 0.1390625 0.0859375
0 0.22187500000000002 0.1609375 0.1125 0.06875
