0 0.478125 0.27968750000000003 0.309375 0.31562500000000004
0 0.7265625 0.15781250000000002 0.325 0.309375
0 0.55234375 0.6898437500000001 0.29531250000000003 0.3203125
0 0.7609375 0.48984375 0.30312500000000003 0.3140625
0 0.2765625 0.659375 0.296875 0.31562500000000004
0 0.23984375000000002 0.42031250000000003 0.2515625 0.28125
0 0.35234375 0.11406250000000001 0.2859375 0.22812500000000002
0 0.08828125 0.32890625 0.1765625 0.2828125
0 0.81796875 0.765625 0.3453125 0.278125
0 0.6804687500000001 0.057031250000000006 0.3953125 0.11406250000000001
0 0.27968750000000003 0.91796875 0.375 0.1484375
0 0.15000000000000002 0.79296875 0.240625 0.31093750000000003
0 0.08671875000000001 0.565625 0.17343750000000002 0.275
