0 0.32343750000000004 0.52109375 0.209375 0.29531250000000003
0 0.7265625 0.2578125 0.215625 0.23750000000000002
0 0.77890625 0.4703125 0.18281250000000002 0.25625000000000003
0 0.6625000000000001 0.565625 0.153125 0.25
0 0.51015625 0.5476562500000001 0.18906250000000002 0.2765625
0 0.35078125000000004 0.6648437500000001 0.17343750000000002 0.2265625
0 0.5015625 0.68125 0.19375 0.259375
0 0.0765625 0.7828125 0.065625 0.09375
0 0.1921875 0.42890625000000004 0.059375000000000004 0.09531250000000001
0 0.11953125 0.790625 0.0546875 0.08750000000000001
0 0.19687500000000002 0.7484375000000001 0.040625 0.06875
