0 0.0859375 0.39296875000000003 0.1375 0.2734375
0 0.55078125 0.3484375 0.1171875 0.225
0 0.9625 0.465625 0.07187500000000001 0.22187500000000002
0 0.31093750000000003 0.4375 0.10312500000000001 0.22812500000000002
0 0.6351562500000001 0.12265625000000001 0.1484375 0.24531250000000002
0 0.35703125 0.12734375 0.1265625 0.2546875
0 0.26875 0.11406250000000001 0.12187500000000001 0.22812500000000002
0 0.1796875 0.35000000000000003 0.10625000000000001 0.2
0 0.23515625 0.39687500000000003 0.11406250000000001 0.22812500000000002
0 0.3984375 0.48281250000000003 0.08125 0.14375000000000002
0 0.45937500000000003 0.34140625 0.08125 0.1328125
0 0.4578125 0.4578125 0.07500000000000001 0.1375
0 0.51875 0.6046875 0.06875 0.1625
0 0.47734375 0.6570312500000001 0.0671875 0.1484375
0 0.43984375000000003 0.628125 0.0328125 0.09062500000000001
0 0.4140625 0.6234375000000001 0.037500000000000006 0.08750000000000001
0 0.5867187500000001 0.6937500000000001 0.0390625 0.08750000000000001
0 0.6062500000000001 0.7609375 0.046875 0.09375
0 0.640625 0.7671875 0.053125000000000006 0.10312500000000001
0 0.6203125 0.68515625 0.046875 0.08281250000000001
0 0.5437500000000001 0.49765625 0.0625 0.11406250000000001
0 0.30781250000000004 0.8078125 0.037500000000000006 0.08750000000000001
0 0.48515625 0.815625 0.0421875 0.084375
0 0.359375 0.640625 0.043750000000000004 0.096875
