0 0.8203125 0.67890625 0.215625 0.1609375
0 0.6257812500000001 0.665625 0.2171875 0.17500000000000002
0 0.69140625 0.515625 0.2109375 0.15625
0 0.57421875 0.3828125 0.22968750000000002 0.17500000000000002
0 0.59921875 0.19609375 0.2078125 0.1390625
0 0.56640625 0.096875 0.1796875 0.12812500000000002
0 0.43593750000000003 0.025 0.2 0.05
0 0.44140625 0.08281250000000001 0.18906250000000002 0.12812500000000002
0 0.42812500000000003 0.16953125000000002 0.1875 0.11406250000000001
0 0.54921875 0.23359375000000002 0.2015625 0.1546875
0 0.2890625 0.31484375000000003 0.14375000000000002 0.1078125
0 0.30859375 0.38828125 0.1296875 0.1015625
0 0.47500000000000003 0.4109375 0.19375 0.171875
