0 0.8359375 0.40546875000000004 0.325 0.2515625
0 0.54609375 0.41796875 0.32656250000000003 0.3328125
0 0.7757812500000001 0.8203125 0.4234375 0.28125
0 0.44765625000000003 0.84765625 0.43281250000000004 0.2765625
0 0.19062500000000002 0.7078125000000001 0.30312500000000003 0.33125000000000004
0 0.4546875 0.665625 0.38125000000000003 0.30625
0 0.7445312500000001 0.62890625 0.37343750000000003 0.2890625
0 0.9148437500000001 0.55859375 0.16718750000000002 0.2265625
0 0.3046875 0.47578125000000004 0.30312500000000003 0.26406250000000003
0 0.1453125 0.34609375000000003 0.23750000000000002 0.22968750000000002
0 0.11406250000000001 0.4890625 0.171875 0.203125
0 0.5953125 0.1609375 0.265625 0.215625
0 0.37578125 0.1859375 0.24531250000000002 0.21875
0 0.15859375 0.20468750000000002 0.2421875 0.2
0 0.36171875000000003 0.31796875 0.2390625 0.2078125
0 0.59921875 0.28750000000000003 0.26406250000000003 0.21250000000000002
