0 0.525 0.90390625 0.146875 0.18906250000000002
0 0.6171875 0.9171875 0.153125 0.1625
0 0.8359375 0.61640625 0.146875 0.19843750000000002
0 0.9187500000000001 0.553125 0.1125 0.16562500000000002
0 0.50234375 0.12734375 0.1171875 0.18281250000000002
0 0.23125 0.453125 0.146875 0.203125
0 0.42578125 0.1421875 0.1265625 0.18125000000000002
0 0.60703125 0.80234375 0.15156250000000002 0.2078125
0 0.8289062500000001 0.5265625 0.11406250000000001 0.146875
0 0.2078125 0.22812500000000002 0.1625 0.23750000000000002
0 0.12109375 0.20390625 0.1640625 0.2328125
0 0.19140625 0.38203125000000004 0.1484375 0.2234375
