0 0.525 0.30078125 0.48750000000000004 0.6015625
0 0.38203125000000004 0.71796875 0.49843750000000003 0.5453125
0 0.7039062500000001 0.8234375 0.3515625 0.30000000000000004
0 0.83984375 0.6023437500000001 0.2921875 0.3765625
0 0.6312500000000001 0.5765625 0.28750000000000003 0.375
0 0.87421875 0.30000000000000004 0.2390625 0.36562500000000003
0 0.8234375 0.1203125 0.27187500000000003 0.23750000000000002
0 0.1875 0.18359375 0.328125 0.3671875
0 0.3640625 0.078125 0.284375 0.15625
0 0.6062500000000001 0.08125 0.284375 0.1625
0 0.1203125 0.48671875000000003 0.240625 0.34218750000000003
0 0.7234375000000001 0.26015625000000003 0.278125 0.35781250000000003
