0 0.70625 0.70703125 0.09375 0.0546875
0 0.69140625 0.65 0.1265625 0.065625
0 0.60859375 0.3796875 0.11406250000000001 0.05625
0 0.5859375 0.43359375 0.125 0.0703125
0 0.57578125 0.8203125 0.1390625 0.065625
0 0.53671875 0.45625000000000004 0.1234375 0.0625
0 0.50546875 0.90390625 0.0765625 0.0484375
0 0.5046875000000001 0.53671875 0.10312500000000001 0.0546875
0 0.47421875 0.8539062500000001 0.1046875 0.060937500000000006
0 0.434375 0.41250000000000003 0.084375 0.05
0 0.3984375 0.609375 0.084375 0.05
0 0.38906250000000003 0.36875 0.09062500000000001 0.05
0 0.37265625 0.14375000000000002 0.0734375 0.05
0 0.32343750000000004 0.6156250000000001 0.08750000000000001 0.046875
0 0.309375 0.3765625 0.09375 0.05
0 0.29921875000000003 0.22187500000000002 0.1265625 0.07187500000000001
0 0.290625 0.1625 0.11875000000000001 0.06875
0 0.2609375 0.56875 0.07500000000000001 0.037500000000000006
0 0.253125 0.6000000000000001 0.08125 0.040625
0 0.2484375 0.7718750000000001 0.07187500000000001 0.037500000000000006
0 0.15703125 0.8851562500000001 0.07968750000000001 0.045312500000000006
0 0.13203125000000002 0.3765625 0.07968750000000001 0.05
0 0.10859375 0.8500000000000001 0.09843750000000001 0.05
0 0.09765625 0.8734375000000001 0.0734375 0.059375000000000004
0 0.08203125 0.8375 0.045312500000000006 0.046875
