0 0.76328125 0.59140625 0.16718750000000002 0.2671875
0 0.8914062500000001 0.3640625 0.2015625 0.309375
0 0.7601562500000001 0.17734375000000002 0.18281250000000002 0.2734375
0 0.3796875 0.2546875 0.18125000000000002 0.29375
0 0.37812500000000004 0.46171875 0.18125000000000002 0.2484375
0 0.25234375000000003 0.2921875 0.1796875 0.284375
0 0.234375 0.4140625 0.146875 0.178125
0 0.52578125 0.5796875 0.15156250000000002 0.225
0 0.6203125 0.7578125 0.1625 0.25625000000000003
0 0.21875 0.7515625 0.16875 0.23750000000000002
0 0.2765625 0.8578125000000001 0.15625 0.240625
0 0.134375 0.8078125 0.15937500000000002 0.2625
