0 0.5859375 0.55703125 0.096875 0.1765625
0 0.7765625 0.42890625000000004 0.1 0.16718750000000002
0 0.76171875 0.39296875000000003 0.09531250000000001 0.1296875
0 0.6265625 0.51015625 0.10312500000000001 0.1640625
0 0.6742187500000001 0.46796875000000004 0.0703125 0.1234375
0 0.71484375 0.50390625 0.0703125 0.11093750000000001
0 0.7523437500000001 0.64609375 0.051562500000000004 0.08281250000000001
0 0.51328125 0.6429687500000001 0.0484375 0.0703125
0 0.659375 0.6171875 0.046875 0.07500000000000001
0 0.6890625 0.60859375 0.046875 0.07968750000000001
0 0.96484375 0.7289062500000001 0.0671875 0.15781250000000002
0 0.9171875 0.7140625 0.07500000000000001 0.12812500000000002
0 0.68515625 0.9695312500000001 0.0734375 0.0578125
0 0.6312500000000001 0.953125 0.07500000000000001 0.09062500000000001
0 0.28125 0.8539062500000001 0.15000000000000002 0.2328125
0 0.40546875000000004 0.909375 0.15156250000000002 0.178125
0 0.45703125 0.6648437500000001 0.0421875 0.0578125
0 0.71484375 0.6898437500000001 0.0328125 0.060937500000000006
0 0.8500000000000001 0.7578125 0.03125 0.05625
0 0.17265625 0.67578125 0.0859375 0.1390625
0 0.2390625 0.63671875 0.078125 0.1484375
