0 0.9296875 0.11640625 0.12187500000000001 0.2328125
0 0.846875 0.37343750000000003 0.28125 0.35000000000000003
0 0.6335937500000001 0.34921875 0.2828125 0.33906250000000004
0 0.53125 0.3875 0.253125 0.309375
0 0.6023437500000001 0.6015625 0.2734375 0.284375
0 0.36171875000000003 0.61328125 0.2703125 0.3046875
0 0.25078125 0.6000000000000001 0.2328125 0.278125
0 0.084375 0.71484375 0.16875 0.22968750000000002
0 0.14609375 0.7109375 0.18906250000000002 0.26875
0 0.3015625 0.76875 0.23125 0.24375000000000002
0 0.03671875 0.88671875 0.0734375 0.2234375
