0 0.5984375000000001 0.057031250000000006 0.15000000000000002 0.11406250000000001
0 0.59609375 0.06015625 0.1390625 0.1203125
0 0.82578125 0.021875000000000002 0.1078125 0.043750000000000004
0 0.7515625 0.0578125 0.134375 0.115625
0 0.08281250000000001 0.31015625 0.134375 0.22968750000000002
0 0.5437500000000001 0.17500000000000002 0.15000000000000002 0.1625
0 0.209375 0.28671875 0.23750000000000002 0.2515625
0 0.3828125 0.25390625 0.22187500000000002 0.22968750000000002
0 0.6828125 0.178125 0.109375 0.125
0 0.7921875 0.16718750000000002 0.140625 0.12812500000000002
0 0.578125 0.29296875 0.134375 0.1265625
0 0.66015625 0.37265625 0.0859375 0.09843750000000001
0 0.5554687500000001 0.415625 0.0921875 0.1
0 0.446875 0.055468750000000004 0.14375000000000002 0.11093750000000001
0 0.7562500000000001 0.66171875 0.36875 0.3484375
