0 0.5125000000000001 0.34687500000000004 0.41250000000000003 0.55625
0 0.43984375000000003 0.77890625 0.41718750000000004 0.4390625
0 0.77734375 0.8695312500000001 0.3203125 0.2578125
0 0.8765625 0.63828125 0.24375000000000002 0.32656250000000003
0 0.8992187500000001 0.3453125 0.19843750000000002 0.321875
0 0.15625 0.21875 0.259375 0.321875
0 0.6890625 0.6109375 0.16875 0.27187500000000003
0 0.30234375 0.084375 0.2578125 0.15000000000000002
0 0.5710937500000001 0.084375 0.2078125 0.11875000000000001
0 0.7953125000000001 0.1375 0.22812500000000002 0.15937500000000002
