0 0.7210937500000001 0.59609375 0.2328125 0.3484375
0 0.5375 0.66171875 0.253125 0.32343750000000004
0 0.2015625 0.659375 0.275 0.325
0 0.36328125 0.49609375 0.2421875 0.3671875
0 0.0546875 0.77734375 0.10625000000000001 0.2984375
0 0.15546875000000002 0.45390625 0.18906250000000002 0.2171875
0 0.659375 0.18984375 0.246875 0.35468750000000004
0 0.46015625000000004 0.2078125 0.2546875 0.34687500000000004
0 0.90625 0.21484375 0.140625 0.3609375
0 0.8125 0.15234375 0.225 0.3015625
0 0.17343750000000002 0.359375 0.16875 0.253125
0 0.060937500000000006 0.41640625000000003 0.11875000000000001 0.2578125
0 0.11015625000000001 0.18906250000000002 0.1296875 0.15625
0 0.0390625 0.22265625 0.07500000000000001 0.1453125
