0 0.69921875 0.7046875 0.3140625 0.21250000000000002
0 0.38906250000000003 0.7609375 0.325 0.215625
0 0.225 0.93515625 0.36562500000000003 0.1234375
0 0.48984375 0.18984375 0.2484375 0.1703125
0 0.2625 0.284375 0.278125 0.18125000000000002
0 0.13125 0.44843750000000004 0.253125 0.2
0 0.240625 0.59765625 0.325 0.20468750000000002
0 0.54140625 0.55859375 0.2984375 0.18906250000000002
0 0.7507812500000001 0.4390625 0.2734375 0.18125000000000002
0 0.87890625 0.57734375 0.2328125 0.20468750000000002
0 0.81953125 0.0625 0.2578125 0.115625
0 0.721875 0.17343750000000002 0.23750000000000002 0.146875
0 0.9148437500000001 0.1546875 0.1609375 0.1625
0 0.1234375 0.81953125 0.23750000000000002 0.2546875
0 0.3953125 0.41953125 0.284375 0.17343750000000002
0 0.60546875 0.31953125000000004 0.2734375 0.18906250000000002
0 0.84765625 0.2921875 0.2328125 0.15000000000000002
0 0.9359375000000001 0.40703125 0.11875000000000001 0.15156250000000002
