0 0.5609375 0.8 0.05625 0.153125
0 0.434375 0.7703125000000001 0.065625 0.140625
0 0.37812500000000004 0.76171875 0.065625 0.11093750000000001
0 0.7718750000000001 0.74375 0.065625 0.140625
0 0.48046875 0.7390625000000001 0.0421875 0.08750000000000001
0 0.80859375 0.73828125 0.026562500000000003 0.0671875
0 0.7171875000000001 0.7328125000000001 0.05 0.09062500000000001
0 0.6609375000000001 0.72421875 0.06875 0.1265625
0 0.265625 0.7125 0.1 0.096875
0 0.45 0.6828125 0.05 0.05625
0 0.7328125000000001 0.67578125 0.05 0.08281250000000001
0 0.384375 0.67109375 0.059375000000000004 0.1203125
0 0.6890625 0.6609375000000001 0.043750000000000004 0.10312500000000001
0 0.8187500000000001 0.659375 0.05 0.125
0 0.4625 0.6570312500000001 0.03125 0.051562500000000004
0 0.7781250000000001 0.65 0.065625 0.12187500000000001
0 0.018750000000000003 0.6421875 0.037500000000000006 0.078125
0 0.65390625 0.63203125 0.0390625 0.09843750000000001
0 0.94296875 0.61640625 0.0421875 0.0734375
0 0.9750000000000001 0.6125 0.034375 0.07187500000000001
0 0.8765625 0.6039062500000001 0.028125 0.07968750000000001
0 0.37812500000000004 0.5921875 0.018750000000000003 0.05625
0 0.90625 0.59296875 0.037500000000000006 0.0890625
0 0.6468750000000001 0.5867187500000001 0.040625 0.0671875
0 0.40625 0.5828125000000001 0.05 0.09062500000000001
0 0.7125 0.57421875 0.03125 0.0671875
0 0.9421875000000001 0.56875 0.034375 0.037500000000000006
0 0.8625 0.55703125 0.03125 0.06406250000000001
0 0.65625 0.553125 0.037500000000000006 0.078125
0 0.42265625 0.55078125 0.0390625 0.0890625
0 0.384375 0.9546875 0.08750000000000001 0.08125
0 0.4859375 0.5359375000000001 0.015625 0.040625
0 0.06484375 0.534375 0.0390625 0.096875
0 0.7640625000000001 0.5320312500000001 0.03125 0.0671875
0 0.1390625 0.53125 0.03125 0.053125000000000006
0 0.0234375 0.53125 0.040625 0.1
0 0.09375 0.52734375 0.037500000000000006 0.1046875
0 0.9890625000000001 0.52578125 0.018750000000000003 0.0671875
0 0.46718750000000003 0.5234375 0.028125 0.065625
0 0.8562500000000001 0.521875 0.025 0.037500000000000006
0 0.21406250000000002 0.521875 0.03125 0.06875
0 0.6796875 0.515625 0.03125 0.07500000000000001
0 0.27187500000000003 0.5046875000000001 0.034375 0.059375000000000004
0 0.5281250000000001 0.503125 0.03125 0.06875
0 0.5085937500000001 0.49375 0.0234375 0.0625
0 0.1953125 0.4859375 0.03125 0.06875
0 0.55703125 0.48281250000000003 0.029687500000000002 0.065625
0 0.7406250000000001 0.47734375 0.03125 0.060937500000000006
0 0.2515625 0.4734375 0.025 0.06875
0 0.2265625 0.47265625 0.025 0.0671875
0 0.88984375 0.46718750000000003 0.026562500000000003 0.053125000000000006
0 0.29375 0.4625 0.03125 0.065625
0 0.1453125 0.46015625000000004 0.037500000000000006 0.0578125
0 0.1875 0.45937500000000003 0.028125 0.05625
0 0.043750000000000004 0.45625000000000004 0.034375 0.07500000000000001
0 0.521875 0.4546875 0.021875000000000002 0.037500000000000006
0 0.01640625 0.4546875 0.0328125 0.078125
0 0.540625 0.45234375000000004 0.018750000000000003 0.045312500000000006
0 0.9875 0.44843750000000004 0.021875000000000002 0.053125000000000006
0 0.17109375000000002 0.44765625000000003 0.026562500000000003 0.0734375
0 0.55078125 0.43593750000000003 0.0203125 0.040625
0 0.1171875 0.434375 0.028125 0.06875
0 0.46640625 0.4296875 0.026562500000000003 0.053125000000000006
0 0.40937500000000004 0.42890625000000004 0.018750000000000003 0.051562500000000004
0 0.31093750000000003 0.4265625 0.021875000000000002 0.065625
0 0.0734375 0.42500000000000004 0.025 0.05625
0 0.290625 0.42031250000000003 0.028125 0.05625
0 0.45 0.41875 0.021875000000000002 0.053125000000000006
0 0.33437500000000003 0.41875 0.03125 0.05625
0 0.98359375 0.4078125 0.029687500000000002 0.040625
0 0.8953125000000001 0.4078125 0.025 0.05
0 0.92109375 0.9398437500000001 0.1546875 0.1171875
0 0.5593750000000001 0.40625 0.021875000000000002 0.05
0 0.578125 0.40625 0.021875000000000002 0.046875
0 0.48046875 0.40468750000000003 0.0234375 0.053125000000000006
0 0.2765625 0.403125 0.018750000000000003 0.05625
0 0.9203125000000001 0.3984375 0.025 0.040625
0 0.64375 0.3921875 0.021875000000000002 0.046875
0 0.41640625000000003 0.38906250000000003 0.0234375 0.040625
0 0.46484375 0.38828125 0.0140625 0.045312500000000006
0 0.6578125 0.3875 0.018750000000000003 0.046875
0 0.9390625 0.38671875 0.018750000000000003 0.029687500000000002
0 0.3765625 0.38203125000000004 0.028125 0.060937500000000006
0 0.5734375 0.37734375000000003 0.025 0.035937500000000004
0 0.21875 0.3765625 0.028125 0.046875
0 0.43671875000000004 0.375 0.0140625 0.040625
0 0.0890625 0.37343750000000003 0.021875000000000002 0.053125000000000006
0 0.55 0.37031250000000004 0.0125 0.040625
0 0.73046875 0.36953125000000003 0.0234375 0.051562500000000004
0 0.45078125 0.36875 0.0234375 0.046875
0 0.296875 0.3671875 0.028125 0.05625
0 0.19843750000000002 0.3671875 0.021875000000000002 0.05
0 0.35468750000000004 0.36640625000000004 0.028125 0.0671875
0 0.7046875 0.36562500000000003 0.018750000000000003 0.053125000000000006
0 0.775 0.3640625 0.021875000000000002 0.040625
0 0.9625 0.36250000000000004 0.025 0.046875
0 0.584375 0.36250000000000004 0.018750000000000003 0.046875
0 0.8578125000000001 0.3609375 0.018750000000000003 0.05
0 0.7507812500000001 0.36015625 0.026562500000000003 0.051562500000000004
0 0.56875 0.359375 0.025 0.03125
0 0.1078125 0.36015625 0.028125 0.051562500000000004
0 0.40156250000000004 0.359375 0.015625 0.025
0 0.940625 0.35625 0.028125 0.046875
0 0.178125 0.35390625000000003 0.021875000000000002 0.051562500000000004
0 0.3953125 0.353125 0.015625 0.037500000000000006
0 0.83125 0.3484375 0.025 0.05
0 0.875 0.3484375 0.018750000000000003 0.046875
0 0.8500000000000001 0.34765625 0.018750000000000003 0.045312500000000006
0 0.15859375 0.3453125 0.0234375 0.053125000000000006
0 0.609375 0.34375 0.015625 0.043750000000000004
0 0.40937500000000004 0.34453125 0.015625 0.035937500000000004
0 0.32890625 0.33828125000000003 0.0203125 0.035937500000000004
0 0.5593750000000001 0.33671875 0.015625 0.035937500000000004
0 0.5750000000000001 0.3359375 0.018750000000000003 0.037500000000000006
0 0.89375 0.3359375 0.025 0.053125000000000006
0 0.63984375 0.33437500000000003 0.0203125 0.018750000000000003
0 0.48750000000000004 0.33437500000000003 0.018750000000000003 0.03125
0 0.42265625 0.328125 0.010937500000000001 0.028125
0 0.1390625 0.32265625000000003 0.018750000000000003 0.035937500000000004
0 0.6859375000000001 0.321875 0.015625 0.025
0 0.19296875000000002 0.32109375 0.026562500000000003 0.051562500000000004
0 0.31796875 0.3203125 0.0203125 0.040625
0 0.359375 0.31796875 0.018750000000000003 0.035937500000000004
0 0.21640625000000002 0.31875000000000003 0.0203125 0.043750000000000004
0 0.37421875000000004 0.3171875 0.0203125 0.037500000000000006
0 0.546875 0.3140625 0.009375000000000001 0.021875000000000002
0 0.7609375 0.3125 0.015625 0.040625
0 0.70625 0.31093750000000003 0.015625 0.034375
0 0.584375 0.30625 0.0125 0.03125
0 0.16875 0.3046875 0.018750000000000003 0.028125
0 0.15156250000000002 0.30546875 0.018750000000000003 0.035937500000000004
0 0.56171875 0.2984375 0.0140625 0.037500000000000006
0 0.5453125 0.29375 0.0125 0.025
0 0.35000000000000003 0.2921875 0.018750000000000003 0.037500000000000006
0 0.2859375 0.2921875 0.018750000000000003 0.040625
0 0.37812500000000004 0.28750000000000003 0.0125 0.018750000000000003
0 0.703125 0.284375 0.015625 0.03125
0 0.3671875 0.28125 0.015625 0.034375
0 0.22187500000000002 0.28125 0.015625 0.037500000000000006
0 0.34687500000000004 0.2765625 0.015625 0.040625
0 0.2734375 0.2734375 0.021875000000000002 0.037500000000000006
0 0.434375 0.27265625 0.0125 0.035937500000000004
0 0.5078125 0.27187500000000003 0.018750000000000003 0.040625
0 0.4453125 0.2703125 0.0125 0.037500000000000006
0 0.51796875 0.9265625000000001 0.07968750000000001 0.14375000000000002
0 0.30781250000000004 0.26796875000000003 0.021875000000000002 0.045312500000000006
0 0.4078125 0.2671875 0.0125 0.03125
0 0.609375 0.26640625 0.0125 0.029687500000000002
0 0.4921875 0.26015625000000003 0.018750000000000003 0.045312500000000006
0 0.40390625 0.25078125 0.010937500000000001 0.0234375
0 0.16640625 0.24765625000000002 0.0140625 0.029687500000000002
0 0.51796875 0.23593750000000002 0.0140625 0.034375
0 0.6171875 0.2234375 0.009375000000000001 0.03125
0 0.596875 0.22187500000000002 0.009375000000000001 0.040625
0 0.7210937500000001 0.215625 0.0140625 0.028125
0 0.171875 0.21328125 0.0125 0.029687500000000002
0 0.5015625 0.21171875 0.018750000000000003 0.035937500000000004
0 0.5867187500000001 0.2109375 0.0140625 0.037500000000000006
0 0.7296875 0.2 0.015625 0.03125
0 0.7039062500000001 0.91796875 0.08281250000000001 0.1609375
0 0.696875 0.1875 0.015625 0.03125
0 0.415625 0.9171875 0.040625 0.09375
0 0.8187500000000001 0.9109375000000001 0.07500000000000001 0.14375000000000002
0 0.04609375 0.90390625 0.0921875 0.18906250000000002
0 0.3046875 0.89765625 0.08750000000000001 0.2015625
0 0.3640625 0.88203125 0.07187500000000001 0.2015625
0 0.8851562500000001 0.8765625 0.0578125 0.096875
0 0.4296875 0.8546875 0.06875 0.096875
0 0.42734375 0.84375 0.0578125 0.096875
0 0.9734375000000001 0.8328125000000001 0.05 0.309375
0 0.6648437500000001 0.83125 0.060937500000000006 0.15625
0 0.73359375 0.828125 0.0765625 0.153125
0 0.24609375 0.82421875 0.1171875 0.2671875
0 0.5320312500000001 0.8132812500000001 0.0671875 0.1421875
