0 0.17109375000000002 0.8031250000000001 0.1765625 0.33125000000000004
0 0.3671875 0.7976562500000001 0.12187500000000001 0.27968750000000003
0 0.6609375000000001 0.6531250000000001 0.140625 0.29375
0 0.71875 0.45546875000000003 0.11875000000000001 0.22968750000000002
0 0.7453125 0.6000000000000001 0.1 0.209375
0 0.16171875000000002 0.45078125 0.06406250000000001 0.1265625
0 0.25625000000000003 0.32109375 0.07187500000000001 0.15156250000000002
0 0.321875 0.35078125000000004 0.065625 0.15156250000000002
0 0.6859375000000001 0.24609375 0.09375 0.19843750000000002
0 0.5640625 0.21484375 0.08125 0.1796875
0 0.48828125 0.25546875 0.0765625 0.1921875
0 0.7601562500000001 0.20859375000000002 0.0390625 0.07968750000000001
0 0.86484375 0.44140625 0.0859375 0.1796875
0 0.765625 0.38203125000000004 0.096875 0.18906250000000002
0 0.95078125 0.4078125 0.0859375 0.16875
0 0.2078125 0.50546875 0.05 0.11406250000000001
0 0.04609375 0.321875 0.060937500000000006 0.134375
0 0.184375 0.265625 0.053125000000000006 0.12187500000000001
0 0.359375 0.32343750000000004 0.065625 0.153125
0 0.6078125000000001 0.359375 0.040625 0.1
0 0.584375 0.39375000000000004 0.053125000000000006 0.09375
0 0.80078125 0.18046875 0.0390625 0.07968750000000001
0 0.8406250000000001 0.19453125000000002 0.040625 0.08281250000000001
0 0.209375 0.184375 0.046875 0.09375
