0 0.37265625 0.5921875 0.2765625 0.234375
0 0.5703125 0.45078125 0.30625 0.2390625
0 0.33125000000000004 0.3875 0.259375 0.18125000000000002
0 0.45078125 0.22421875000000002 0.2609375 0.21406250000000002
0 0.7039062500000001 0.20468750000000002 0.26406250000000003 0.22187500000000002
0 0.8601562500000001 0.359375 0.2234375 0.2
0 0.6585937500000001 0.728125 0.2984375 0.253125
0 0.19296875000000002 0.2421875 0.29531250000000003 0.234375
0 0.1125 0.42265625 0.225 0.07968750000000001
0 0.115625 0.7742187500000001 0.23125 0.2171875
0 0.8718750000000001 0.72421875 0.2 0.2609375
0 0.5734375 0.90234375 0.34687500000000004 0.1921875
0 0.2859375 0.9015625 0.26875 0.19375
