0 0.48359375000000004 0.50546875 0.15781250000000002 0.09843750000000001
0 0.43203125000000003 0.56484375 0.16718750000000002 0.11406250000000001
0 0.50703125 0.6570312500000001 0.1640625 0.1015625
0 0.6664062500000001 0.30703125000000003 0.18281250000000002 0.1078125
0 0.55859375 0.23046875 0.20468750000000002 0.1171875
0 0.9234375 0.36640625000000004 0.15000000000000002 0.1265625
0 0.59140625 0.3015625 0.2015625 0.11875000000000001
0 0.7273437500000001 0.24765625000000002 0.1859375 0.1046875
0 0.48671875000000003 0.4390625 0.1296875 0.084375
0 0.421875 0.6820312500000001 0.19375 0.1078125
0 0.36875 0.7054687500000001 0.171875 0.09843750000000001
0 0.35859375000000004 0.6312500000000001 0.16718750000000002 0.09062500000000001
0 0.9007812500000001 0.5453125 0.1953125 0.14375000000000002
0 0.26484375 0.2328125 0.1390625 0.078125
0 0.26015625000000003 0.17734375000000002 0.16718750000000002 0.0921875
0 0.2421875 0.27734375 0.14375000000000002 0.09531250000000001
0 0.27109375 0.44843750000000004 0.1609375 0.08750000000000001
0 0.2234375 0.6109375 0.1375 0.084375
0 0.246875 0.68125 0.12812500000000002 0.078125
0 0.8953125000000001 0.78515625 0.20625000000000002 0.1390625
0 0.8289062500000001 0.8523437500000001 0.20468750000000002 0.1234375
0 0.83515625 0.92109375 0.24531250000000002 0.1546875
0 0.3984375 0.88984375 0.16875 0.1203125
0 0.13203125000000002 0.19843750000000002 0.1421875 0.08750000000000001
0 0.12187500000000001 0.2515625 0.134375 0.07187500000000001
