0 0.5625 0.53515625 0.18125000000000002 0.18281250000000002
0 0.56796875 0.3640625 0.1546875 0.146875
0 0.59296875 0.1953125 0.1546875 0.14375000000000002
0 0.8367187500000001 0.54609375 0.0328125 0.060937500000000006
0 0.828125 0.71640625 0.15625 0.15781250000000002
0 0.81640625 0.88984375 0.1046875 0.18281250000000002
0 0.67734375 0.8031250000000001 0.045312500000000006 0.1875
0 0.6976562500000001 0.628125 0.1328125 0.03125
0 0.70859375 0.4546875 0.1328125 0.03125
0 0.85703125 0.38671875 0.1484375 0.1796875
0 0.71640625 0.28828125 0.15156250000000002 0.1046875
0 0.859375 0.21328125 0.13125 0.0671875
0 0.7265625 0.11406250000000001 0.19062500000000002 0.17500000000000002
0 0.44843750000000004 0.0890625 0.19062500000000002 0.17500000000000002
0 0.44765625000000003 0.25703125 0.1859375 0.1859375
0 0.421875 0.43046875 0.1625 0.17343750000000002
0 0.41328125000000004 0.6257812500000001 0.0421875 0.17343750000000002
0 0.5515625000000001 0.703125 0.10312500000000001 0.16875
0 0.55 0.8921875 0.15937500000000002 0.184375
0 0.4 0.80625 0.15937500000000002 0.184375
0 0.26171875 0.8929687500000001 0.1640625 0.16718750000000002
0 0.2609375 0.7132812500000001 0.16562500000000002 0.1953125
0 0.290625 0.5265625 0.15937500000000002 0.184375
0 0.3015625 0.33359375 0.040625 0.1484375
0 0.3046875 0.16640625 0.18125000000000002 0.18281250000000002
