0 0.50546875 0.5164062500000001 0.09843750000000001 0.15781250000000002
0 0.56484375 0.56796875 0.11406250000000001 0.16718750000000002
0 0.6570312500000001 0.49296875 0.1015625 0.1640625
0 0.30703125000000003 0.33515625000000004 0.1078125 0.18281250000000002
0 0.23046875 0.44140625 0.1171875 0.20468750000000002
0 0.36640625000000004 0.07578125000000001 0.1265625 0.15156250000000002
0 0.3015625 0.41015625 0.11875000000000001 0.2015625
0 0.24765625000000002 0.27265625 0.1046875 0.1859375
0 0.4390625 0.51484375 0.084375 0.1296875
0 0.6820312500000001 0.578125 0.1078125 0.19375
0 0.7054687500000001 0.6312500000000001 0.09843750000000001 0.171875
0 0.6312500000000001 0.6429687500000001 0.09062500000000001 0.16718750000000002
0 0.5453125 0.09843750000000001 0.14375000000000002 0.19687500000000002
0 0.2328125 0.7367187500000001 0.078125 0.1390625
0 0.17734375000000002 0.74140625 0.0921875 0.16718750000000002
0 0.27734375 0.7578125 0.09531250000000001 0.14375000000000002
0 0.44843750000000004 0.73046875 0.08750000000000001 0.1609375
0 0.6109375 0.7781250000000001 0.084375 0.1375
0 0.68125 0.753125 0.078125 0.12812500000000002
0 0.78515625 0.10390625 0.1390625 0.2078125
0 0.8523437500000001 0.17109375000000002 0.1234375 0.20468750000000002
0 0.92109375 0.16640625 0.1546875 0.24531250000000002
0 0.88984375 0.603125 0.1203125 0.16875
0 0.19843750000000002 0.8695312500000001 0.08750000000000001 0.1421875
0 0.2515625 0.8796875000000001 0.07187500000000001 0.134375
