0 0.23359375000000002 0.5164062500000001 0.22031250000000002 0.2390625
0 0.17343750000000002 0.6078125000000001 0.240625 0.26875
0 0.41015625 0.5453125 0.2328125 0.278125
0 0.48828125 0.3765625 0.2421875 0.225
0 0.5484375 0.22265625 0.215625 0.2234375
0 0.68515625 0.2625 0.2265625 0.234375
0 0.553125 0.465625 0.184375 0.23125
0 0.6664062500000001 0.375 0.19843750000000002 0.17500000000000002
0 0.6859375000000001 0.03359375 0.15937500000000002 0.0671875
0 0.8289062500000001 0.03515625 0.15156250000000002 0.0703125
0 0.7140625 0.06875 0.15000000000000002 0.1375
0 0.7195312500000001 0.44609375 0.18281250000000002 0.1390625
0 0.6765625000000001 0.59765625 0.153125 0.16718750000000002
0 0.75 0.48984375 0.16562500000000002 0.18906250000000002
