0 0.6664062500000001 0.32578125 0.2328125 0.3046875
0 0.50390625 0.2828125 0.22031250000000002 0.2625
0 0.45078125 0.4609375 0.2578125 0.31562500000000004
0 0.64609375 0.66328125 0.2546875 0.33906250000000004
0 0.35234375 0.340625 0.22031250000000002 0.225
0 0.065625 0.40156250000000004 0.10625000000000001 0.325
0 0.1234375 0.32578125 0.22812500000000002 0.3328125
0 0.36953125000000003 0.7742187500000001 0.26406250000000003 0.30781250000000004
0 0.29609375 0.90625 0.22031250000000002 0.184375
0 0.446875 0.8625 0.21250000000000002 0.27187500000000003
0 0.25703125 0.57265625 0.24531250000000002 0.3171875
