0 0.71796875 0.325 0.060937500000000006 0.096875
0 0.6585937500000001 0.3359375 0.0734375 0.12812500000000002
0 0.38515625000000003 0.39140625 0.06406250000000001 0.11406250000000001
0 0.4375 0.42109375000000004 0.078125 0.1265625
0 0.8210937500000001 0.46484375 0.0734375 0.1390625
0 0.45703125 0.47187500000000004 0.0703125 0.125
0 0.8984375 0.5437500000000001 0.053125000000000006 0.078125
0 0.53359375 0.51171875 0.060937500000000006 0.1046875
0 0.84765625 0.5703125 0.0671875 0.10625000000000001
0 0.40546875000000004 0.5703125 0.0546875 0.08750000000000001
0 0.59921875 0.625 0.0546875 0.08750000000000001
0 0.36015625 0.6109375 0.0546875 0.09375
0 0.134375 0.6078125000000001 0.053125000000000006 0.07500000000000001
0 0.60078125 0.70078125 0.051562500000000004 0.0890625
0 0.36171875000000003 0.690625 0.0546875 0.096875
0 0.20703125 0.6875 0.07968750000000001 0.12812500000000002
0 0.14765625000000002 0.6898437500000001 0.0765625 0.1203125
0 0.54921875 0.7578125 0.0421875 0.07500000000000001
0 0.58046875 0.76875 0.045312500000000006 0.08125
0 0.7507812500000001 0.7890625 0.0421875 0.07187500000000001
0 0.8546875 0.8914062500000001 0.05 0.07968750000000001
0 0.35078125000000004 0.86875 0.0546875 0.08125
0 0.8187500000000001 0.925 0.05625 0.07500000000000001
0 0.8390625 0.93671875 0.065625 0.0484375
0 0.80078125 0.95078125 0.051562500000000004 0.0234375
