0 0.54140625 0.8515625 0.4921875 0.25625000000000003
0 0.66796875 0.56484375 0.46406250000000004 0.4390625
0 0.7828125 0.2109375 0.3875 0.390625
0 0.58984375 0.1453125 0.4078125 0.290625
0 0.3453125 0.6898437500000001 0.43125 0.40468750000000003
0 0.20390625 0.91015625 0.3453125 0.16718750000000002
0 0.49531250000000004 0.39453125 0.39375000000000004 0.33906250000000004
0 0.21406250000000002 0.5164062500000001 0.35625 0.3296875
0 0.328125 0.27421875 0.34375 0.3140625
0 0.21171875 0.16796875 0.2890625 0.2484375
0 0.11406250000000001 0.39296875000000003 0.22812500000000002 0.24531250000000002
0 0.12890625 0.80078125 0.2578125 0.3140625
