0 0.465625 0.71484375 0.39375000000000004 0.5265625
0 0.40078125000000003 0.2484375 0.40156250000000004 0.453125
0 0.7406250000000001 0.21171875 0.309375 0.32656250000000003
0 0.8445312500000001 0.5109375 0.2484375 0.30625
0 0.87421875 0.8078125 0.22968750000000002 0.30312500000000003
0 0.115625 0.7601562500000001 0.23125 0.3015625
0 0.6468750000000001 0.49375 0.15937500000000002 0.259375
0 0.25078125 0.9304687500000001 0.2546875 0.13593750000000002
0 0.51875 0.96796875 0.203125 0.060937500000000006
0 0.74609375 0.95703125 0.2234375 0.08281250000000001
