0 0.46640625 0.4234375 0.3203125 0.5593750000000001
0 0.81953125 0.6796875 0.0765625 0.065625
0 0.6687500000000001 0.64453125 0.059375000000000004 0.0765625
0 0.91171875 0.46328125000000003 0.035937500000000004 0.1328125
0 0.8718750000000001 0.32734375000000004 0.14375000000000002 0.15781250000000002
0 0.26796875000000003 0.36328125 0.11406250000000001 0.1328125
0 0.6625000000000001 0.47421875 0.1375 0.15156250000000002
0 0.6578125 0.34218750000000003 0.12812500000000002 0.140625
0 0.15859375 0.82578125 0.1078125 0.1609375
0 0.18828125 0.68359375 0.1078125 0.0703125
