0 0.8359375 0.8093750000000001 0.23125 0.22812500000000002
0 0.1625 0.1859375 0.19687500000000002 0.19375
0 0.5546875 0.2328125 0.16875 0.178125
0 0.3765625 0.265625 0.1875 0.209375
0 0.5671875000000001 0.48281250000000003 0.203125 0.1
0 0.1609375 0.5421875 0.20625000000000002 0.1875
0 0.571875 0.553125 0.18125000000000002 0.16875
0 0.6796875 0.60546875 0.21875 0.19843750000000002
0 0.4578125 0.6203125 0.184375 0.19687500000000002
0 0.28671875 0.6265625 0.2078125 0.184375
0 0.7000000000000001 0.7093750000000001 0.16875 0.13125
