0 0.53046875 0.48125 0.23593750000000002 0.30312500000000003
0 0.62421875 0.28828125 0.2078125 0.2984375
0 0.74921875 0.38593750000000004 0.2171875 0.309375
0 0.26953125 0.6117187500000001 0.22031250000000002 0.31093750000000003
0 0.19140625 0.7265625 0.2328125 0.3375
0 0.43984375000000003 0.690625 0.2234375 0.36250000000000004
0 0.6828125 0.8234375 0.140625 0.20625000000000002
0 0.7640625000000001 0.6351562500000001 0.15937500000000002 0.1796875
0 0.7757812500000001 0.71640625 0.1453125 0.1921875
0 0.59140625 0.60859375 0.17343750000000002 0.2921875
0 0.815625 0.12187500000000001 0.134375 0.19062500000000002
0 0.9234375 0.0734375 0.15000000000000002 0.146875
0 0.8382812500000001 0.78515625 0.08281250000000001 0.1390625
0 0.87265625 0.721875 0.0671875 0.1125
