0 0.19453125000000002 0.07265625 0.0921875 0.0671875
0 0.17265625 0.1265625 0.0890625 0.06875
0 0.24765625000000002 0.00859375 0.0703125 0.0171875
0 0.19296875000000002 0.05859375 0.08281250000000001 0.060937500000000006
0 0.16875 0.19687500000000002 0.096875 0.07187500000000001
0 0.19921875 0.2265625 0.09843750000000001 0.078125
0 0.215625 0.27890625 0.084375 0.0671875
0 0.20390625 0.3296875 0.09531250000000001 0.06875
0 0.32656250000000003 0.24140625000000002 0.06875 0.045312500000000006
0 0.30078125 0.18125000000000002 0.0765625 0.05625
0 0.37343750000000003 0.11328125 0.06875 0.051562500000000004
0 0.4109375 0.12265625000000001 0.0625 0.0484375
0 0.30234375 0.0140625 0.07968750000000001 0.028125
0 0.47187500000000004 0.003125 0.05 0.00625
0 0.2890625 0.49921875000000004 0.07187500000000001 0.0578125
0 0.13984375000000002 0.5640625 0.09531250000000001 0.065625
0 0.10078125 0.5796875 0.09843750000000001 0.065625
0 0.3140625 0.57265625 0.065625 0.0484375
0 0.328125 0.5453125 0.059375000000000004 0.043750000000000004
0 0.415625 0.46484375 0.046875 0.0390625
0 0.43828125 0.4453125 0.045312500000000006 0.03125
0 0.4265625 0.39140625 0.053125000000000006 0.0390625
0 0.43359375 0.36562500000000003 0.051562500000000004 0.040625
0 0.46406250000000004 0.340625 0.053125000000000006 0.040625
0 0.48671875000000003 0.16484375 0.0484375 0.035937500000000004
0 0.46718750000000003 0.20390625 0.046875 0.0390625
0 0.49453125000000003 0.23750000000000002 0.0421875 0.03125
0 0.42890625000000004 0.28828125 0.0421875 0.035937500000000004
0 0.50546875 0.30078125 0.0421875 0.029687500000000002
0 0.51796875 0.31953125000000004 0.045312500000000006 0.026562500000000003
0 0.49531250000000004 0.12578125 0.037500000000000006 0.0328125
0 0.48750000000000004 0.0125 0.05 0.025
0 0.49062500000000003 0.00390625 0.053125000000000006 0.0078125
0 0.54140625 0.034375 0.0484375 0.034375
0 0.58984375 0.0203125 0.0421875 0.034375
0 0.5140625 0.08984375 0.043750000000000004 0.0328125
0 0.52734375 0.1171875 0.0546875 0.040625
0 0.5 0.19843750000000002 0.043750000000000004 0.034375
0 0.49921875000000004 0.1421875 0.0484375 0.03125
0 0.54921875 0.22968750000000002 0.0328125 0.025
0 0.5484375 0.2484375 0.040625 0.025
0 0.55 0.2625 0.034375 0.025
0 0.54140625 0.2859375 0.0328125 0.025
0 0.48828125 0.44609375 0.035937500000000004 0.026562500000000003
0 0.44843750000000004 0.46875 0.043750000000000004 0.03125
0 0.42031250000000003 0.49843750000000003 0.040625 0.03125
0 0.43515625 0.5078125 0.0421875 0.03125
0 0.328125 0.5046875000000001 0.059375000000000004 0.040625
0 0.29296875 0.51796875 0.0703125 0.045312500000000006
0 0.49609375 0.5015625 0.0328125 0.025
0 0.01953125 0.6648437500000001 0.0234375 0.06406250000000001
0 0.05 0.6140625000000001 0.084375 0.06875
0 0.16718750000000002 0.81796875 0.08125 0.0578125
0 0.20625000000000002 0.8835937500000001 0.06875 0.0578125
0 0.19375 0.8367187500000001 0.05625 0.051562500000000004
0 0.1921875 0.79453125 0.08125 0.0578125
0 0.25625000000000003 0.66953125 0.065625 0.0484375
0 0.29296875 0.71484375 0.0703125 0.0546875
0 0.3015625 0.74609375 0.065625 0.045312500000000006
0 0.27578125000000003 0.8406250000000001 0.0671875 0.05625
0 0.30078125 0.815625 0.0765625 0.05
0 0.34218750000000003 0.8250000000000001 0.053125000000000006 0.037500000000000006
0 0.34453125 0.8617187500000001 0.0546875 0.0421875
0 0.37109375 0.8304687500000001 0.06406250000000001 0.045312500000000006
0 0.415625 0.77734375 0.05 0.0390625
0 0.41250000000000003 0.671875 0.046875 0.034375
0 0.40625 0.64453125 0.043750000000000004 0.0328125
0 0.37890625 0.62890625 0.0421875 0.035937500000000004
0 0.31875000000000003 0.6828125 0.065625 0.046875
0 0.28671875 0.6453125000000001 0.0765625 0.053125000000000006
0 0.29531250000000003 0.6273437500000001 0.065625 0.0421875
0 0.11328125 0.62421875 0.1015625 0.07968750000000001
0 0.44843750000000004 0.790625 0.05 0.037500000000000006
0 0.46015625000000004 0.765625 0.045312500000000006 0.03125
0 0.4375 0.6484375 0.037500000000000006 0.03125
0 0.5007812500000001 0.59140625 0.0328125 0.026562500000000003
0 0.33437500000000003 0.88828125 0.043750000000000004 0.035937500000000004
0 0.34687500000000004 0.8953125000000001 0.034375 0.034375
0 0.36015625 0.93359375 0.0390625 0.029687500000000002
0 0.628125 0.0546875 0.043750000000000004 0.03125
0 0.5 0.6156250000000001 0.028125 0.021875000000000002
0 0.51171875 0.67109375 0.026562500000000003 0.0171875
0 0.5554687500000001 0.50546875 0.0203125 0.0140625
0 0.5554687500000001 0.4890625 0.0203125 0.015625
0 0.184375 0.30390625000000004 0.07187500000000001 0.051562500000000004
0 0.15781250000000002 0.16875 0.08125 0.053125000000000006
0 0.36640625000000004 0.1703125 0.0671875 0.046875
0 0.31875000000000003 0.19375 0.07500000000000001 0.053125000000000006
0 0.45859375 0.23359375000000002 0.035937500000000004 0.0328125
0 0.45156250000000003 0.26640625 0.053125000000000006 0.0390625
