0 0.45859375 0.44062500000000004 0.24531250000000002 0.184375
0 0.43125 0.64453125 0.234375 0.1921875
0 0.484375 0.8109375000000001 0.22812500000000002 0.178125
0 0.36171875000000003 0.9007812500000001 0.2015625 0.1453125
0 0.3296875 0.7664062500000001 0.225 0.1796875
0 0.5281250000000001 0.6687500000000001 0.16562500000000002 0.15937500000000002
0 0.47109375000000003 0.53671875 0.2109375 0.1453125
0 0.2890625 0.6171875 0.21250000000000002 0.203125
0 0.47890625000000003 0.30000000000000004 0.2609375 0.19062500000000002
0 0.44609375 0.16328125000000002 0.2234375 0.17343750000000002
0 0.59140625 0.14453125 0.2078125 0.16718750000000002
0 0.46718750000000003 0.060937500000000006 0.21250000000000002 0.12187500000000001
0 0.22031250000000002 0.04609375 0.23125 0.0921875
