0 0.31640625 0.753125 0.2703125 0.321875
0 0.50234375 0.6328125 0.24531250000000002 0.259375
0 0.6804687500000001 0.54453125 0.2671875 0.2703125
0 0.16562500000000002 0.46406250000000004 0.278125 0.275
0 0.375 0.39140625 0.246875 0.2734375
0 0.5281250000000001 0.30625 0.23750000000000002 0.22812500000000002
0 0.6726562500000001 0.2078125 0.2328125 0.22812500000000002
0 0.09531250000000001 0.23828125 0.16875 0.2234375
0 0.328125 0.16484375 0.203125 0.22968750000000002
0 0.5921875 0.8718750000000001 0.296875 0.253125
0 0.7625000000000001 0.8125 0.275 0.328125
0 0.89375 0.67734375 0.209375 0.30781250000000004
0 0.48125 0.11640625 0.215625 0.20468750000000002
