0 0.325 0.60078125 0.19687500000000002 0.23593750000000002
0 0.45 0.5015625 0.19062500000000002 0.234375
0 0.36796875 0.30078125 0.18906250000000002 0.22968750000000002
0 0.49375 0.325 0.16875 0.22812500000000002
0 0.59609375 0.41796875 0.19843750000000002 0.2546875
0 0.8250000000000001 0.59609375 0.16562500000000002 0.2265625
0 0.925 0.6585937500000001 0.134375 0.18906250000000002
0 0.75390625 0.4703125 0.0765625 0.09062500000000001
0 0.89765625 0.4234375 0.0703125 0.1
0 0.041406250000000006 0.34765625 0.08281250000000001 0.15156250000000002
