0 0.33359375 0.6742187500000001 0.2328125 0.3046875
0 0.49765625 0.7171875000000001 0.22031250000000002 0.2625
0 0.54921875 0.540625 0.2578125 0.31562500000000004
0 0.35546875 0.33671875 0.2546875 0.33906250000000004
0 0.64765625 0.6609375000000001 0.22031250000000002 0.225
0 0.9343750000000001 0.5984375000000001 0.10625000000000001 0.325
0 0.878125 0.6742187500000001 0.22812500000000002 0.3328125
0 0.63203125 0.22578125000000002 0.26406250000000003 0.30781250000000004
0 0.7039062500000001 0.09375 0.22031250000000002 0.184375
0 0.553125 0.1375 0.21250000000000002 0.27187500000000003
0 0.7429687500000001 0.42734375 0.24531250000000002 0.3171875
