0 0.6828125 0.9 0.096875 0.109375
0 0.7609375 0.8773437500000001 0.096875 0.11093750000000001
0 0.77265625 0.9437500000000001 0.0890625 0.109375
0 0.6890625 0.9421875000000001 0.084375 0.096875
0 0.6046875 0.5765625 0.08750000000000001 0.1
0 0.6531250000000001 0.52265625 0.08125 0.0859375
0 0.68125 0.596875 0.08750000000000001 0.10625000000000001
0 0.5484375 0.5632812500000001 0.07187500000000001 0.08281250000000001
0 0.5671875000000001 0.3828125 0.084375 0.096875
0 0.50625 0.22890625 0.08750000000000001 0.0890625
0 0.5320312500000001 0.2703125 0.09843750000000001 0.10625000000000001
0 0.4453125 0.24921875000000002 0.08125 0.09531250000000001
0 0.10546875 0.3171875 0.0921875 0.10625000000000001
0 0.16796875 0.37265625 0.07968750000000001 0.09843750000000001
0 0.16562500000000002 0.42265625 0.078125 0.1015625
0 0.07578125000000001 0.42031250000000003 0.0859375 0.08750000000000001
0 0.1328125 0.55390625 0.08750000000000001 0.1015625
0 0.06875 0.521875 0.07187500000000001 0.10625000000000001
0 0.07265625 0.56953125 0.0703125 0.1046875
