0 0.565625 0.2734375 0.10625000000000001 0.22812500000000002
0 0.6828125 0.31484375000000003 0.11875000000000001 0.24531250000000002
0 0.71875 0.30078125 0.1 0.19843750000000002
0 0.50390625 0.33984375 0.1015625 0.2265625
0 0.42734375 0.38359375 0.09531250000000001 0.18281250000000002
0 0.34921875 0.5484375 0.0703125 0.146875
0 0.465625 0.87265625 0.078125 0.13593750000000002
0 0.29765625 0.5578125 0.0703125 0.125
0 0.31093750000000003 0.65625 0.065625 0.10312500000000001
0 0.37421875000000004 0.5984375000000001 0.0671875 0.1125
0 0.3765625 0.66171875 0.06875 0.1234375
0 0.39609375 0.7609375 0.0703125 0.125
0 0.34296875000000004 0.7445312500000001 0.051562500000000004 0.0921875
