0 0.7890625 0.32265625000000003 0.27187500000000003 0.43281250000000004
0 0.40546875000000004 0.2671875 0.3046875 0.496875
0 0.5453125 0.24375000000000002 0.275 0.40625
0 0.63828125 0.340625 0.2328125 0.34375
0 0.7132812500000001 0.5953125 0.22031250000000002 0.33125000000000004
0 0.6265625 0.7171875000000001 0.22812500000000002 0.296875
0 0.41953125 0.565625 0.1953125 0.278125
0 0.20468750000000002 0.5750000000000001 0.234375 0.31562500000000004
0 0.24609375 0.275 0.2734375 0.39687500000000003
0 0.049218750000000006 0.446875 0.09531250000000001 0.3125
0 0.25390625 0.66015625 0.1859375 0.27968750000000003
