0 0.46406250000000004 0.41953125 0.371875 0.5015625
0 0.6898437500000001 0.40546875000000004 0.3140625 0.3671875
0 0.68359375 0.696875 0.3828125 0.42500000000000004
0 0.50703125 0.81796875 0.35781250000000003 0.3609375
0 0.225 0.6109375 0.375 0.35625
0 0.23046875 0.82734375 0.3796875 0.2921875
0 0.1875 0.21171875 0.35000000000000003 0.4234375
0 0.45937500000000003 0.20468750000000002 0.37812500000000004 0.40937500000000004
0 0.73984375 0.18515625000000002 0.3203125 0.31093750000000003
0 0.890625 0.37812500000000004 0.215625 0.34687500000000004
0 0.890625 0.61328125 0.215625 0.35781250000000003
0 0.86640625 0.84765625 0.26406250000000003 0.3015625
