0 0.45937500000000003 0.46718750000000003 0.10312500000000001 0.17500000000000002
0 0.259375 0.6078125000000001 0.10625000000000001 0.16562500000000002
0 0.27187500000000003 0.64375 0.1 0.12812500000000002
0 0.41640625000000003 0.5164062500000001 0.1078125 0.1609375
0 0.36640625000000004 0.5625 0.0734375 0.12187500000000001
0 0.328125 0.5281250000000001 0.07500000000000001 0.109375
0 0.29921875000000003 0.38906250000000003 0.0546875 0.08125
0 0.5375 0.37734375000000003 0.05 0.0703125
0 0.39140625 0.41250000000000003 0.0484375 0.07500000000000001
0 0.359375 0.42109375000000004 0.05 0.07968750000000001
0 0.08046875 0.31796875 0.0921875 0.1546875
0 0.13828125 0.33046875000000003 0.07968750000000001 0.1265625
0 0.38984375000000004 0.045312500000000006 0.0765625 0.08750000000000001
0 0.44375000000000003 0.059375000000000004 0.078125 0.115625
0 0.7859375000000001 0.15234375 0.15937500000000002 0.22968750000000002
0 0.6648437500000001 0.096875 0.15781250000000002 0.19062500000000002
0 0.5984375000000001 0.35078125000000004 0.043750000000000004 0.0546875
0 0.33984375 0.34218750000000003 0.035937500000000004 0.059375000000000004
0 0.209375 0.28203125 0.034375 0.0546875
0 0.884375 0.32421875 0.09062500000000001 0.13593750000000002
0 0.8148437500000001 0.36875 0.08281250000000001 0.146875
