0 0.6648437500000001 0.07968750000000001 0.1171875 0.15937500000000002
0 0.48125 0.10078125 0.1375 0.2015625
0 0.6804687500000001 0.36953125000000003 0.1046875 0.1703125
0 0.74140625 0.4734375 0.11406250000000001 0.21250000000000002
0 0.74921875 0.30859375 0.1015625 0.1703125
0 0.8203125 0.29531250000000003 0.096875 0.134375
0 0.8671875 0.41328125000000004 0.10312500000000001 0.1640625
0 0.9187500000000001 0.5 0.096875 0.16875
0 0.690625 0.76328125 0.078125 0.1390625
0 0.74609375 0.78828125 0.0765625 0.1265625
0 0.7195312500000001 0.6953125 0.0765625 0.10312500000000001
0 0.6570312500000001 0.7054687500000001 0.06406250000000001 0.09531250000000001
0 0.64453125 0.790625 0.0921875 0.12187500000000001
0 0.5203125000000001 0.5375 0.084375 0.115625
0 0.45703125 0.53359375 0.0921875 0.1453125
0 0.3875 0.57734375 0.1125 0.1609375
0 0.30625 0.51015625 0.08750000000000001 0.1390625
0 0.2703125 0.58515625 0.1 0.1640625
0 0.30781250000000004 0.65234375 0.08125 0.1390625
0 0.31015625 0.78046875 0.0765625 0.1328125
0 0.24296875 0.75703125 0.0703125 0.1078125
0 0.23750000000000002 0.63671875 0.09062500000000001 0.15156250000000002
0 0.4765625 0.7445312500000001 0.08125 0.1390625
0 0.48281250000000003 0.6234375000000001 0.09062500000000001 0.140625
0 0.4234375 0.63828125 0.084375 0.1328125
0 0.52265625 0.63203125 0.07968750000000001 0.1265625
0 0.5398437500000001 0.5710937500000001 0.08281250000000001 0.1265625
0 0.246875 0.10078125 0.12187500000000001 0.1921875
0 0.16171875000000002 0.17265625 0.11093750000000001 0.18906250000000002
0 0.07734375 0.1546875 0.1265625 0.209375
0 0.16171875000000002 0.21328125 0.1203125 0.22031250000000002
0 0.15937500000000002 0.0625 0.1125 0.10312500000000001
0 0.057031250000000006 0.20703125 0.11093750000000001 0.1796875
0 0.05234375 0.6101562500000001 0.1015625 0.1484375
0 0.09765625 0.5476562500000001 0.0703125 0.11406250000000001
0 0.22812500000000002 0.46718750000000003 0.09375 0.134375
0 0.029687500000000002 0.690625 0.05625 0.12187500000000001
