0 0.50234375 0.35781250000000003 0.22968750000000002 0.134375
0 0.38828125 0.8828125 0.2578125 0.15000000000000002
0 0.55234375 0.53828125 0.2578125 0.1453125
0 0.1640625 0.1375 0.19687500000000002 0.134375
0 0.571875 0.6664062500000001 0.27187500000000003 0.1234375
0 0.59375 0.70078125 0.234375 0.1203125
0 0.5867187500000001 0.43828125 0.3015625 0.1421875
0 0.25546875 0.7601562500000001 0.21406250000000002 0.1453125
0 0.2328125 0.20468750000000002 0.24375000000000002 0.115625
0 0.6078125000000001 0.5859375 0.30312500000000003 0.15937500000000002
0 0.5890625 0.3328125 0.26875 0.1625
