0 0.6125 0.54609375 0.146875 0.1703125
0 0.7265625 0.41250000000000003 0.12187500000000001 0.1375
0 0.68359375 0.6351562500000001 0.15781250000000002 0.18906250000000002
0 0.7937500000000001 0.6421875 0.17500000000000002 0.18125000000000002
0 0.7156250000000001 0.49531250000000004 0.12812500000000002 0.134375
0 0.67734375 0.534375 0.1484375 0.171875
0 0.37421875000000004 0.6429687500000001 0.08281250000000001 0.09843750000000001
0 0.19687500000000002 0.66171875 0.10312500000000001 0.1203125
0 0.3125 0.290625 0.09062500000000001 0.12812500000000002
0 0.21328125 0.484375 0.09843750000000001 0.125
0 0.28828125 0.49375 0.09531250000000001 0.12187500000000001
0 0.3359375 0.3640625 0.096875 0.11875000000000001
0 0.49609375 0.8375 0.0703125 0.084375
0 0.46953125 0.890625 0.0703125 0.084375
