0 0.8812500000000001 0.73359375 0.146875 0.1234375
0 0.875 0.7296875 0.14375000000000002 0.1125
0 0.84375 0.9593750000000001 0.125 0.078125
0 0.8210937500000001 0.8773437500000001 0.1484375 0.1046875
0 0.8343750000000001 0.11093750000000001 0.203125 0.178125
0 0.7703125000000001 0.6296875000000001 0.140625 0.125
0 0.79453125 0.278125 0.2171875 0.2
0 0.759375 0.45234375000000004 0.19687500000000002 0.1859375
0 0.7140625 0.759375 0.109375 0.09062500000000001
0 0.6828125 0.8656250000000001 0.10625000000000001 0.12187500000000001
0 0.65 0.6203125 0.10625000000000001 0.115625
0 0.5437500000000001 0.6671875 0.08750000000000001 0.06875
0 0.5437500000000001 0.55390625 0.08750000000000001 0.0765625
0 0.9343750000000001 0.5906250000000001 0.12812500000000002 0.12187500000000001
0 0.24296875 0.65234375 0.2890625 0.3203125
