0 0.6296875000000001 0.9140625 0.19062500000000002 0.16875
0 0.7578125 0.8773437500000001 0.1625 0.1640625
0 0.7468750000000001 0.915625 0.178125 0.16562500000000002
0 0.5710937500000001 0.7671875 0.1546875 0.16562500000000002
0 0.41250000000000003 0.821875 0.1125 0.11875000000000001
0 0.45078125 0.9187500000000001 0.1234375 0.13125
0 0.5109375 0.8015625000000001 0.140625 0.146875
0 0.54140625 0.86640625 0.1078125 0.1171875
0 0.6484375 0.77109375 0.115625 0.1265625
0 0.71640625 0.6781250000000001 0.1265625 0.115625
0 0.8390625 0.61328125 0.178125 0.1765625
0 0.7390625000000001 0.43515625 0.11875000000000001 0.11093750000000001
0 0.6273437500000001 0.43125 0.15781250000000002 0.1625
0 0.6109375 0.5281250000000001 0.12187500000000001 0.109375
0 0.46953125 0.603125 0.1015625 0.1125
0 0.30546875 0.5281250000000001 0.1953125 0.19375
0 0.17890625000000002 0.5437500000000001 0.18281250000000002 0.18125000000000002
0 0.09140625000000001 0.5203125000000001 0.1796875 0.20625000000000002
0 0.07578125000000001 0.6953125 0.1484375 0.1875
0 0.22890625 0.63984375 0.0859375 0.08281250000000001
0 0.15859375 0.6390625000000001 0.0921875 0.09375
0 0.1203125 0.68515625 0.078125 0.0859375
0 0.15781250000000002 0.36562500000000003 0.203125 0.20625000000000002
0 0.27734375 0.340625 0.2015625 0.203125
0 0.35390625000000003 0.26406250000000003 0.1921875 0.171875
0 0.371875 0.38984375000000004 0.078125 0.0859375
0 0.33359375 0.37109375 0.1046875 0.1046875
0 0.5359375000000001 0.171875 0.140625 0.146875
0 0.5859375 0.36250000000000004 0.14375000000000002 0.14375000000000002
0 0.52109375 0.31328125 0.1171875 0.1234375
0 0.46640625 0.31796875 0.09531250000000001 0.1015625
0 0.7046875 0.36015625 0.08750000000000001 0.0921875
0 0.78125 0.33828125000000003 0.096875 0.09531250000000001
0 0.42031250000000003 0.20546875 0.153125 0.17343750000000002
