0 0.6671875 0.37343750000000003 0.1625 0.30625
0 0.38671875 0.1921875 0.1390625 0.275
0 0.19062500000000002 0.1796875 0.19687500000000002 0.33125000000000004
0 0.1546875 0.534375 0.07500000000000001 0.13125
0 0.23984375000000002 0.6640625 0.07968750000000001 0.146875
0 0.30859375 0.6429687500000001 0.0734375 0.15156250000000002
0 0.34140625 0.671875 0.0734375 0.146875
0 0.465625 0.75703125 0.09062500000000001 0.1765625
0 0.53828125 0.796875 0.0890625 0.16875
0 0.66171875 0.7718750000000001 0.1078125 0.20625000000000002
0 0.9375 0.6312500000000001 0.096875 0.171875
0 0.85703125 0.58828125 0.0921875 0.17343750000000002
0 0.75390625 0.6390625000000001 0.1046875 0.184375
0 0.19921875 0.48125 0.060937500000000006 0.12187500000000001
0 0.032031250000000004 0.640625 0.06406250000000001 0.12187500000000001
0 0.18359375 0.7953125000000001 0.0484375 0.08750000000000001
0 0.5921875 0.65234375 0.05 0.09843750000000001
0 0.734375 0.8125 0.043750000000000004 0.078125
0 0.7742187500000001 0.846875 0.0390625 0.084375
0 0.8140625 0.8390625 0.046875 0.08125
0 0.90625 0.8 0.040625 0.06875
0 0.7156250000000001 0.5632812500000001 0.125 0.2234375
0 0.16718750000000002 0.7078125000000001 0.065625 0.1125
0 0.384375 0.70078125 0.043750000000000004 0.09531250000000001
