0 0.15234375 0.6179687500000001 0.1421875 0.1046875
0 0.21328125 0.7132812500000001 0.15781250000000002 0.1078125
0 0.18281250000000002 0.56796875 0.153125 0.1015625
0 0.26640625 0.67109375 0.1703125 0.1046875
0 0.234375 0.79296875 0.17500000000000002 0.1234375
0 0.23046875 0.8765625 0.15781250000000002 0.125
0 0.27578125000000003 0.9328125 0.16718750000000002 0.115625
0 0.3671875 0.9812500000000001 0.15937500000000002 0.034375
0 0.5476562500000001 0.978125 0.1296875 0.040625
0 0.52109375 0.95234375 0.1203125 0.0859375
0 0.52734375 0.89609375 0.1296875 0.0921875
0 0.38359375 0.7015625000000001 0.1203125 0.09062500000000001
0 0.44609375 0.7375 0.1265625 0.09062500000000001
0 0.10546875 0.4265625 0.1859375 0.125
0 0.043750000000000004 0.37343750000000003 0.08750000000000001 0.134375
0 0.06484375 0.25703125 0.1296875 0.11406250000000001
0 0.09375 0.3328125 0.15625 0.1125
0 0.0734375 0.18125000000000002 0.146875 0.1
0 0.11875000000000001 0.15390625000000002 0.15937500000000002 0.11093750000000001
0 0.4265625 0.66953125 0.12812500000000002 0.0859375
0 0.44140625 0.77890625 0.1234375 0.08281250000000001
0 0.46796875000000004 0.58125 0.1015625 0.06875
0 0.45937500000000003 0.5328125 0.09375 0.06875
0 0.32578125 0.5710937500000001 0.1203125 0.0859375
0 0.28046875 0.5164062500000001 0.1171875 0.07968750000000001
0 0.2734375 0.46796875000000004 0.10625000000000001 0.0734375
0 0.26875 0.403125 0.140625 0.096875
0 0.19843750000000002 0.43125 0.115625 0.09062500000000001
0 0.2171875 0.35859375000000004 0.109375 0.0890625
0 0.321875 0.259375 0.1125 0.08750000000000001
0 0.31015625 0.1625 0.1015625 0.07500000000000001
0 0.3015625 0.11406250000000001 0.10312500000000001 0.078125
0 0.58203125 0.7835937500000001 0.1078125 0.07968750000000001
0 0.5554687500000001 0.73203125 0.08281250000000001 0.0578125
0 0.5390625 0.65625 0.096875 0.06875
0 0.41484375 0.38828125 0.09531250000000001 0.06406250000000001
0 0.41718750000000004 0.13828125 0.08750000000000001 0.060937500000000006
