0 0.50546875 0.34218750000000003 0.3953125 0.5437500000000001
0 0.44921875 0.7828125 0.40468750000000003 0.43125
0 0.7898437500000001 0.86484375 0.31093750000000003 0.2671875
0 0.88046875 0.61875 0.23593750000000002 0.31875000000000003
0 0.8968750000000001 0.32578125 0.203125 0.3140625
0 0.1453125 0.22968750000000002 0.25 0.3125
0 0.690625 0.6000000000000001 0.15937500000000002 0.265625
0 0.28750000000000003 0.08281250000000001 0.253125 0.15000000000000002
0 0.55390625 0.078125 0.20468750000000002 0.1125
0 0.78046875 0.12109375 0.2234375 0.15156250000000002
