0 0.5554687500000001 0.69921875 0.4453125 0.5296875
0 0.30546875 0.4609375 0.34218750000000003 0.30000000000000004
0 0.6015625 0.41718750000000004 0.325 0.309375
0 0.64609375 0.253125 0.2703125 0.284375
0 0.19375 0.7273437500000001 0.375 0.3796875
0 0.8523437500000001 0.73359375 0.27968750000000003 0.40156250000000004
0 0.17890625000000002 0.30000000000000004 0.2765625 0.22812500000000002
0 0.8656250000000001 0.26328125 0.22812500000000002 0.2609375
0 0.8703125 0.46718750000000003 0.25 0.33125000000000004
0 0.45390625 0.8929687500000001 0.3609375 0.20468750000000002
