0 0.49531250000000004 0.51953125 0.10312500000000001 0.15781250000000002
0 0.553125 0.57265625 0.11875000000000001 0.16718750000000002
0 0.6484375 0.49921875000000004 0.10625000000000001 0.1640625
0 0.30390625000000004 0.33359375 0.11406250000000001 0.18281250000000002
0 0.2234375 0.43828125 0.12187500000000001 0.20468750000000002
0 0.371875 0.07578125000000001 0.13125 0.15156250000000002
0 0.29609375 0.40859375000000003 0.1234375 0.2015625
0 0.24609375 0.2703125 0.11093750000000001 0.184375
0 0.4296875 0.515625 0.08750000000000001 0.13125
0 0.66953125 0.5859375 0.11406250000000001 0.19375
0 0.69140625 0.6390625000000001 0.1046875 0.171875
0 0.6171875 0.6492187500000001 0.096875 0.16718750000000002
0 0.55 0.10078125 0.15000000000000002 0.2015625
0 0.21484375 0.73359375 0.08281250000000001 0.1390625
0 0.16015625 0.7367187500000001 0.09843750000000001 0.16718750000000002
0 0.259375 0.7562500000000001 0.1 0.14375000000000002
0 0.43125 0.73203125 0.09375 0.1609375
0 0.59140625 0.7835937500000001 0.0890625 0.1390625
0 0.6625000000000001 0.76171875 0.08125 0.1265625
0 0.78828125 0.11406250000000001 0.1453125 0.20625000000000002
0 0.8539062500000001 0.18281250000000002 0.1296875 0.20625000000000002
0 0.9187500000000001 0.1796875 0.15625 0.246875
0 0.8765625 0.61484375 0.125 0.1703125
0 0.1765625 0.86484375 0.09375 0.1421875
0 0.22968750000000002 0.8765625 0.07500000000000001 0.134375
