0 0.4578125 0.23750000000000002 0.178125 0.1375
0 0.2078125 0.4109375 0.15625 0.1375
0 0.0421875 0.43359375 0.084375 0.11093750000000001
0 0.026562500000000003 0.253125 0.053125000000000006 0.125
0 0.06875 0.1609375 0.1375 0.0625
0 0.17421875 0.47421875 0.1421875 0.11093750000000001
0 0.2625 0.4921875 0.134375 0.09375
0 0.2921875 0.4 0.146875 0.10625000000000001
0 0.10234375000000001 0.7117187500000001 0.1078125 0.0890625
0 0.0765625 0.8109375000000001 0.125 0.09375
0 0.11796875000000001 0.6156250000000001 0.11093750000000001 0.09375
0 0.26328125 0.8562500000000001 0.0890625 0.05
0 0.32890625 0.77890625 0.09843750000000001 0.07968750000000001
0 0.3609375 0.8054687500000001 0.115625 0.07968750000000001
0 0.3984375 0.63984375 0.146875 0.1078125
0 0.43984375000000003 0.53125 0.1421875 0.09375
0 0.5 0.415625 0.1375 0.084375
0 0.7796875000000001 0.58515625 0.15625 0.11093750000000001
0 0.6468750000000001 0.6109375 0.1375 0.10312500000000001
0 0.7578125 0.67890625 0.1375 0.1015625
0 0.88046875 0.7429687500000001 0.1421875 0.07968750000000001
0 0.8914062500000001 0.6492187500000001 0.1296875 0.09843750000000001
0 0.8250000000000001 0.48750000000000004 0.146875 0.09375
0 0.9078125 0.76328125 0.115625 0.0671875
0 0.09140625000000001 0.2625 0.11093750000000001 0.10625000000000001
