0 0.7421875 0.87421875 0.10312500000000001 0.09843750000000001
0 0.6468750000000001 0.8765625 0.11875000000000001 0.17500000000000002
0 0.8796875000000001 0.515625 0.1 0.037500000000000006
0 0.23828125 0.4703125 0.09843750000000001 0.15000000000000002
0 0.69453125 0.73046875 0.1234375 0.1328125
0 0.35546875 0.12734375 0.1078125 0.0390625
0 0.16015625 0.24296875 0.1171875 0.1859375
0 0.18671875000000002 0.39765625000000004 0.1265625 0.1484375
0 0.06015625 0.24765625000000002 0.1046875 0.1796875
0 0.43125 0.11328125 0.09062500000000001 0.1765625
0 0.9382812500000001 0.43828125 0.0890625 0.1546875
