0 0.28984375 0.27187500000000003 0.15156250000000002 0.290625
0 0.2078125 0.29921875000000003 0.115625 0.2484375
0 0.45234375000000004 0.36562500000000003 0.1015625 0.15000000000000002
0 0.5945312500000001 0.44843750000000004 0.15781250000000002 0.275
0 0.690625 0.5203125000000001 0.140625 0.265625
0 0.52734375 0.540625 0.1390625 0.240625
0 0.76953125 0.55703125 0.06406250000000001 0.1609375
0 0.8390625 0.55703125 0.084375 0.13593750000000002
0 0.28984375 0.5593750000000001 0.15156250000000002 0.25
0 0.57421875 0.6796875 0.0578125 0.1125
0 0.33984375 0.6875 0.08281250000000001 0.140625
0 0.41640625000000003 0.70859375 0.0765625 0.1421875
0 0.26953125 0.7093750000000001 0.051562500000000004 0.09375
0 0.21015625000000002 0.78515625 0.029687500000000002 0.051562500000000004
0 0.2984375 0.81796875 0.037500000000000006 0.0734375
0 0.5281250000000001 0.8187500000000001 0.034375 0.06875
0 0.80078125 0.8359375 0.0484375 0.07500000000000001
0 0.78671875 0.890625 0.0484375 0.08750000000000001
0 0.728125 0.9304687500000001 0.040625 0.0859375
