0 0.7507812500000001 0.8812500000000001 0.1921875 0.125
0 0.35234375 0.25078125 0.1921875 0.1265625
0 0.17890625000000002 0.5320312500000001 0.1859375 0.1171875
0 0.1328125 0.6000000000000001 0.16875 0.115625
0 0.6820312500000001 0.640625 0.27968750000000003 0.1875
0 0.8773437500000001 0.5578125 0.22031250000000002 0.19687500000000002
0 0.44921875 0.8875000000000001 0.15156250000000002 0.1
0 0.59140625 0.53515625 0.2578125 0.16718750000000002
0 0.43593750000000003 0.509375 0.1875 0.15625
0 0.37890625 0.13828125 0.1703125 0.11093750000000001
0 0.2109375 0.27265625 0.17500000000000002 0.11406250000000001
0 0.81796875 0.596875 0.2765625 0.18125000000000002
0 0.31484375000000003 0.39921875 0.1703125 0.1171875
0 0.70234375 0.9710937500000001 0.2015625 0.0546875
0 0.6039062500000001 0.9476562500000001 0.1953125 0.1015625
0 0.43515625 0.7312500000000001 0.17343750000000002 0.115625
