0 0.246875 0.19687500000000002 0.17500000000000002 0.24375000000000002
0 0.37343750000000003 0.21875 0.171875 0.253125
0 0.49843750000000003 0.24531250000000002 0.171875 0.234375
0 0.6234375000000001 0.2703125 0.16875 0.23750000000000002
0 0.74140625 0.28750000000000003 0.16718750000000002 0.24375000000000002
0 0.8656250000000001 0.309375 0.1625 0.22187500000000002
0 0.94921875 0.32890625 0.09843750000000001 0.24531250000000002
0 0.11484375000000001 0.16718750000000002 0.1765625 0.259375
0 0.16171875000000002 0.38515625000000003 0.1796875 0.2484375
0 0.29531250000000003 0.4109375 0.178125 0.24375000000000002
0 0.42812500000000003 0.42500000000000004 0.16875 0.23750000000000002
0 0.55390625 0.44765625000000003 0.16718750000000002 0.2484375
0 0.68125 0.46953125 0.15625 0.23593750000000002
0 0.8070312500000001 0.4859375 0.1609375 0.23750000000000002
0 0.9171875 0.50703125 0.1625 0.2421875
0 0.10234375000000001 0.5828125000000001 0.1421875 0.278125
0 0.21406250000000002 0.6000000000000001 0.184375 0.2625
0 0.35625 0.62109375 0.17500000000000002 0.2546875
0 0.48671875000000003 0.63671875 0.1796875 0.2484375
0 0.6156250000000001 0.65546875 0.17500000000000002 0.2546875
0 0.7429687500000001 0.6726562500000001 0.1796875 0.2546875
0 0.8671875 0.6898437500000001 0.17500000000000002 0.2546875
0 0.953125 0.70625 0.09062500000000001 0.24375000000000002
0 0.13515625 0.8046875 0.1765625 0.284375
0 0.26796875000000003 0.82578125 0.1921875 0.2984375
0 0.40625 0.83515625 0.184375 0.2859375
0 0.540625 0.8562500000000001 0.184375 0.28125
0 0.6820312500000001 0.8695312500000001 0.1796875 0.2578125
0 0.81171875 0.8828125 0.17343750000000002 0.23125
0 0.92109375 0.8859375 0.1546875 0.225
