0 0.41796875 0.27187500000000003 0.17343750000000002 0.23125
0 0.7984375 0.2171875 0.11875000000000001 0.20625000000000002
0 0.7078125000000001 0.25 0.125 0.1875
0 0.51171875 0.40468750000000003 0.1484375 0.22187500000000002
0 0.38046875 0.40156250000000004 0.1390625 0.215625
0 0.56015625 0.10625000000000001 0.1265625 0.140625
0 0.6570312500000001 0.5359375000000001 0.1296875 0.2
0 0.5078125 0.7367187500000001 0.146875 0.26406250000000003
0 0.6296875000000001 0.72265625 0.1375 0.2265625
0 0.70078125 0.8812500000000001 0.1609375 0.234375
0 0.415625 0.08203125 0.14375000000000002 0.11406250000000001
