0 0.675 0.2765625 0.278125 0.47187500000000004
0 0.31015625 0.5234375 0.2765625 0.45
0 0.3921875 0.7078125000000001 0.29375 0.49062500000000003
0 0.546875 0.58984375 0.309375 0.44843750000000004
0 0.6296875000000001 0.22109375 0.240625 0.3921875
0 0.7664062500000001 0.38046875 0.2703125 0.46406250000000004
0 0.8421875000000001 0.86875 0.15937500000000002 0.23125
0 0.7828125 0.87421875 0.16562500000000002 0.2234375
0 0.7921875 0.73828125 0.1625 0.2421875
0 0.20078125000000002 0.6640625 0.26406250000000003 0.453125
0 0.07734375 0.6484375 0.1546875 0.28750000000000003
0 0.1625 0.47734375 0.19687500000000002 0.3203125
