0 0.53515625 0.24921875000000002 0.11093750000000001 0.2328125
0 0.64765625 0.284375 0.1234375 0.25
0 0.68671875 0.26875 0.1046875 0.203125
0 0.46796875000000004 0.31875000000000003 0.1078125 0.23125
0 0.38593750000000004 0.36875 0.1 0.1875
0 0.29531250000000003 0.5390625 0.07500000000000001 0.15000000000000002
0 0.38515625000000003 0.8578125000000001 0.08281250000000001 0.140625
0 0.24296875 0.55078125 0.0734375 0.1296875
0 0.25 0.6484375 0.06875 0.10625000000000001
0 0.31640625 0.5859375 0.0703125 0.115625
0 0.3140625 0.6492187500000001 0.07187500000000001 0.1265625
0 0.32421875 0.74921875 0.0734375 0.1296875
0 0.275 0.7359375 0.053125000000000006 0.09375
