0 0.53359375 0.53515625 0.15156250000000002 0.09531250000000001
0 0.578125 0.6023437500000001 0.146875 0.1046875
0 0.53125 0.46953125 0.12187500000000001 0.0859375
0 0.08515625 0.34687500000000004 0.1703125 0.12812500000000002
0 0.10390625 0.5296875 0.2078125 0.146875
0 0.36015625 0.3171875 0.1765625 0.109375
0 0.4234375 0.31953125000000004 0.19375 0.1234375
0 0.29765625 0.25390625 0.1765625 0.1078125
0 0.4625 0.24921875000000002 0.20625000000000002 0.1171875
0 0.6125 0.5046875000000001 0.15625 0.096875
0 0.634375 0.55703125 0.146875 0.1015625
0 0.50390625 0.68671875 0.15781250000000002 0.09843750000000001
0 0.5890625 0.71796875 0.19375 0.11093750000000001
0 0.6546875000000001 0.6765625000000001 0.16562500000000002 0.09375
0 0.640625 0.7468750000000001 0.16562500000000002 0.1
0 0.7390625000000001 0.5007812500000001 0.1625 0.0890625
0 0.78828125 0.66796875 0.1328125 0.08281250000000001
0 0.7664062500000001 0.7375 0.1171875 0.07187500000000001
0 0.10390625 0.7671875 0.1859375 0.13125
0 0.16875 0.93125 0.225 0.134375
0 0.28203125 0.1796875 0.13593750000000002 0.10625000000000001
0 0.40078125000000003 0.13125 0.1640625 0.10625000000000001
0 0.7578125 0.28828125 0.134375 0.07968750000000001
0 0.7828125 0.33515625000000004 0.12812500000000002 0.0890625
0 0.690625 0.32421875 0.08750000000000001 0.06406250000000001
0 0.7000000000000001 0.35546875 0.09062500000000001 0.0703125
0 0.63203125 0.46406250000000004 0.13593750000000002 0.08750000000000001
0 0.9031250000000001 0.31953125000000004 0.12187500000000001 0.0703125
0 0.8929687500000001 0.2703125 0.1296875 0.084375
0 0.08750000000000001 0.853125 0.134375 0.12812500000000002
0 0.19062500000000002 0.84375 0.184375 0.12187500000000001
0 0.496875 0.07187500000000001 0.15625 0.1
0 0.5437500000000001 0.8914062500000001 0.15625 0.09531250000000001
0 0.6179687500000001 0.9375 0.1609375 0.115625
0 0.7046875 0.9593750000000001 0.134375 0.078125
0 0.9164062500000001 0.48984375 0.1078125 0.06406250000000001
0 0.325 0.07265625 0.16562500000000002 0.09843750000000001
