0 0.43984375000000003 0.20078125000000002 0.0546875 0.15156250000000002
0 0.5671875000000001 0.23125 0.065625 0.140625
0 0.6234375000000001 0.23984375000000002 0.065625 0.11093750000000001
0 0.22812500000000002 0.25625000000000003 0.065625 0.140625
0 0.52109375 0.2609375 0.0421875 0.08750000000000001
0 0.19140625 0.26328125 0.026562500000000003 0.0671875
0 0.284375 0.2671875 0.05 0.09062500000000001
0 0.33906250000000004 0.27734375 0.06875 0.1265625
0 0.7351562500000001 0.28750000000000003 0.09843750000000001 0.096875
0 0.55 0.3171875 0.05 0.05625
0 0.26796875000000003 0.32421875 0.0484375 0.08281250000000001
0 0.61640625 0.32890625 0.0578125 0.1203125
0 0.31171875000000004 0.340625 0.0421875 0.10312500000000001
0 0.18125000000000002 0.340625 0.05 0.125
0 0.53828125 0.34453125 0.0328125 0.051562500000000004
0 0.22187500000000002 0.35000000000000003 0.065625 0.12187500000000001
0 0.98046875 0.35859375000000004 0.035937500000000004 0.0765625
0 0.34765625 0.36796875 0.0390625 0.09843750000000001
0 0.05859375 0.38515625000000003 0.0421875 0.0734375
0 0.026562500000000003 0.3875 0.034375 0.07187500000000001
0 0.12421875 0.39687500000000003 0.029687500000000002 0.078125
0 0.6218750000000001 0.4078125 0.018750000000000003 0.05625
0 0.09531250000000001 0.40859375000000003 0.037500000000000006 0.0890625
0 0.35390625000000003 0.41328125000000004 0.0421875 0.0671875
0 0.5945312500000001 0.41718750000000004 0.0484375 0.09062500000000001
0 0.28750000000000003 0.42734375 0.03125 0.0671875
0 0.05859375 0.43281250000000004 0.0328125 0.037500000000000006
0 0.1375 0.44296875 0.03125 0.06406250000000001
0 0.3453125 0.44765625000000003 0.037500000000000006 0.0765625
0 0.57734375 0.44921875 0.0390625 0.0890625
0 0.6171875 0.046875 0.08750000000000001 0.08125
0 0.5140625 0.46406250000000004 0.015625 0.040625
0 0.93671875 0.465625 0.0390625 0.096875
0 0.23593750000000002 0.46953125 0.03125 0.0671875
0 0.8617187500000001 0.4703125 0.0328125 0.053125000000000006
0 0.9765625 0.46953125 0.040625 0.1015625
0 0.9070312500000001 0.47421875 0.035937500000000004 0.1046875
0 0.010937500000000001 0.47421875 0.018750000000000003 0.0671875
0 0.534375 0.47734375 0.028125 0.06406250000000001
0 0.14375000000000002 0.47968750000000004 0.025 0.037500000000000006
0 0.7875000000000001 0.47890625000000003 0.03125 0.0703125
0 0.321875 0.484375 0.03125 0.07500000000000001
0 0.728125 0.496875 0.034375 0.059375000000000004
0 0.47187500000000004 0.496875 0.03125 0.06875
0 0.49140625000000004 0.50625 0.0234375 0.0625
0 0.8046875 0.51484375 0.03125 0.0703125
0 0.44296875 0.5171875 0.029687500000000002 0.065625
0 0.259375 0.52265625 0.03125 0.060937500000000006
0 0.7484375000000001 0.5265625 0.025 0.06875
0 0.7742187500000001 0.52734375 0.0234375 0.0671875
0 0.11015625000000001 0.5328125 0.026562500000000003 0.053125000000000006
0 0.70625 0.53828125 0.03125 0.06406250000000001
0 0.8562500000000001 0.540625 0.037500000000000006 0.05625
0 0.8125 0.54140625 0.028125 0.0546875
0 0.9578125000000001 0.5437500000000001 0.034375 0.07500000000000001
0 0.478125 0.546875 0.021875000000000002 0.037500000000000006
0 0.9828125000000001 0.54609375 0.03125 0.0765625
0 0.46015625000000004 0.54921875 0.0171875 0.045312500000000006
0 0.013281250000000001 0.553125 0.0234375 0.053125000000000006
0 0.8289062500000001 0.55234375 0.026562500000000003 0.0734375
0 0.44921875 0.5640625 0.0203125 0.040625
0 0.884375 0.56640625 0.028125 0.0703125
0 0.53359375 0.5703125 0.026562500000000003 0.053125000000000006
0 0.59140625 0.5710937500000001 0.0171875 0.051562500000000004
0 0.6890625 0.57421875 0.021875000000000002 0.06406250000000001
0 0.9265625000000001 0.5750000000000001 0.025 0.05625
0 0.7093750000000001 0.5796875 0.028125 0.05625
0 0.5515625000000001 0.5828125000000001 0.021875000000000002 0.053125000000000006
0 0.6671875 0.58203125 0.03125 0.0578125
0 0.01640625 0.5921875 0.0328125 0.040625
0 0.10546875 0.5921875 0.0234375 0.05
0 0.07890625000000001 0.059375000000000004 0.1546875 0.11875000000000001
0 0.4421875 0.59375 0.021875000000000002 0.05
0 0.421875 0.5945312500000001 0.021875000000000002 0.0484375
0 0.52109375 0.596875 0.0234375 0.053125000000000006
0 0.7234375000000001 0.596875 0.018750000000000003 0.05625
0 0.08046875 0.6015625 0.026562500000000003 0.040625
0 0.35625 0.60859375 0.021875000000000002 0.0484375
0 0.58359375 0.6109375 0.0234375 0.040625
0 0.53671875 0.6117187500000001 0.0140625 0.045312500000000006
0 0.34375 0.6125 0.018750000000000003 0.046875
0 0.0625 0.61328125 0.018750000000000003 0.029687500000000002
0 0.6234375000000001 0.6179687500000001 0.028125 0.060937500000000006
0 0.4265625 0.62265625 0.025 0.035937500000000004
0 0.78125 0.62421875 0.028125 0.0484375
0 0.56484375 0.6257812500000001 0.0140625 0.0421875
0 0.91171875 0.628125 0.0203125 0.053125000000000006
0 0.45 0.6296875000000001 0.0125 0.040625
0 0.26953125 0.63046875 0.0234375 0.051562500000000004
0 0.54921875 0.63203125 0.0234375 0.0484375
0 0.7046875 0.6335937500000001 0.028125 0.0578125
0 0.8031250000000001 0.6335937500000001 0.021875000000000002 0.0484375
0 0.6468750000000001 0.6351562500000001 0.028125 0.0671875
0 0.296875 0.6359375 0.018750000000000003 0.053125000000000006
0 0.225 0.63671875 0.021875000000000002 0.0390625
0 0.03828125 0.63828125 0.026562500000000003 0.0484375
0 0.415625 0.63828125 0.018750000000000003 0.0484375
0 0.14375000000000002 0.6390625000000001 0.018750000000000003 0.05
0 0.25078125 0.6414062500000001 0.026562500000000003 0.051562500000000004
0 0.43203125000000003 0.640625 0.0234375 0.03125
0 0.8921875 0.6414062500000001 0.028125 0.051562500000000004
0 0.5984375000000001 0.6414062500000001 0.015625 0.026562500000000003
0 0.059375000000000004 0.64453125 0.028125 0.0484375
0 0.821875 0.64609375 0.021875000000000002 0.051562500000000004
0 0.6046875 0.6468750000000001 0.015625 0.037500000000000006
0 0.16953125000000002 0.6515625 0.026562500000000003 0.05
0 0.12578125 0.65234375 0.0171875 0.0484375
0 0.15078125 0.65390625 0.0171875 0.045312500000000006
0 0.84140625 0.65625 0.0234375 0.053125000000000006
0 0.390625 0.65625 0.015625 0.043750000000000004
0 0.5921875 0.6570312500000001 0.015625 0.035937500000000004
0 0.6726562500000001 0.66171875 0.0203125 0.035937500000000004
0 0.44062500000000004 0.6648437500000001 0.015625 0.035937500000000004
0 0.4265625 0.665625 0.018750000000000003 0.037500000000000006
0 0.10703125000000001 0.665625 0.026562500000000003 0.053125000000000006
0 0.36015625 0.665625 0.0203125 0.018750000000000003
0 0.51328125 0.665625 0.0171875 0.03125
0 0.5789062500000001 0.671875 0.010937500000000001 0.028125
0 0.8609375 0.67890625 0.018750000000000003 0.035937500000000004
0 0.31484375000000003 0.67890625 0.0171875 0.026562500000000003
0 0.8070312500000001 0.6804687500000001 0.026562500000000003 0.051562500000000004
0 0.6820312500000001 0.6804687500000001 0.0203125 0.0421875
0 0.6414062500000001 0.6820312500000001 0.0171875 0.035937500000000004
0 0.7835937500000001 0.6828125 0.0203125 0.043750000000000004
0 0.6257812500000001 0.6828125 0.0203125 0.037500000000000006
0 0.453125 0.6875 0.009375000000000001 0.021875000000000002
0 0.2390625 0.6875 0.015625 0.040625
0 0.29531250000000003 0.6890625 0.015625 0.034375
0 0.415625 0.6937500000000001 0.0125 0.03125
0 0.83203125 0.6953125 0.0171875 0.028125
0 0.84921875 0.6960937500000001 0.0171875 0.035937500000000004
0 0.43828125 0.703125 0.0140625 0.037500000000000006
0 0.4546875 0.70625 0.0125 0.025
0 0.6507812500000001 0.7093750000000001 0.0171875 0.037500000000000006
0 0.7140625 0.70859375 0.018750000000000003 0.0421875
0 0.6218750000000001 0.7132812500000001 0.0125 0.0203125
0 0.296875 0.7156250000000001 0.015625 0.03125
0 0.6335937500000001 0.71875 0.0171875 0.034375
0 0.7781250000000001 0.71875 0.015625 0.037500000000000006
0 0.65390625 0.7234375000000001 0.0171875 0.040625
0 0.7273437500000001 0.7265625 0.0203125 0.037500000000000006
0 0.565625 0.7273437500000001 0.0125 0.035937500000000004
0 0.49375 0.7289062500000001 0.018750000000000003 0.0390625
0 0.5546875 0.7312500000000001 0.0125 0.037500000000000006
0 0.48203125 0.07421875 0.07968750000000001 0.1453125
0 0.69296875 0.73203125 0.0203125 0.045312500000000006
0 0.59296875 0.7328125000000001 0.0140625 0.03125
0 0.39140625 0.7351562500000001 0.0140625 0.029687500000000002
0 0.5085937500000001 0.73984375 0.0171875 0.045312500000000006
0 0.59765625 0.74921875 0.010937500000000001 0.0234375
0 0.83359375 0.7523437500000001 0.0140625 0.029687500000000002
0 0.48359375000000004 0.7640625000000001 0.0140625 0.034375
0 0.38359375 0.7765625 0.010937500000000001 0.03125
0 0.40390625 0.77890625 0.010937500000000001 0.0390625
0 0.28046875 0.784375 0.0140625 0.028125
0 0.828125 0.78828125 0.0125 0.029687500000000002
0 0.49843750000000003 0.78828125 0.018750000000000003 0.035937500000000004
0 0.41484375 0.790625 0.0140625 0.037500000000000006
0 0.2703125 0.8015625000000001 0.015625 0.03125
0 0.296875 0.08125 0.08125 0.1625
0 0.30390625000000004 0.8125 0.0171875 0.03125
0 0.584375 0.08281250000000001 0.040625 0.09375
0 0.18203125 0.08984375 0.0734375 0.1453125
0 0.953125 0.09531250000000001 0.09062500000000001 0.19062500000000002
0 0.6953125 0.1015625 0.08750000000000001 0.203125
0 0.63671875 0.11953125 0.0703125 0.2015625
0 0.11640625 0.1234375 0.0578125 0.096875
0 0.5703125 0.1453125 0.06875 0.096875
0 0.57265625 0.15781250000000002 0.0578125 0.096875
0 0.025781250000000002 0.16718750000000002 0.051562500000000004 0.309375
0 0.33515625000000004 0.16875 0.060937500000000006 0.15625
0 0.26796875000000003 0.17265625 0.0765625 0.15156250000000002
0 0.75390625 0.17734375000000002 0.1171875 0.2671875
0 0.46796875000000004 0.18828125 0.0671875 0.1421875
