0 0.36562500000000003 0.24765625000000002 0.15625 0.2671875
0 0.23046875 0.28203125 0.1296875 0.2546875
0 0.759375 0.14765625000000002 0.1625 0.26406250000000003
0 0.8718750000000001 0.321875 0.178125 0.296875
0 0.7273437500000001 0.5640625 0.15781250000000002 0.259375
0 0.34765625 0.42734375 0.1546875 0.29531250000000003
0 0.48828125 0.5578125 0.1328125 0.234375
0 0.5640625 0.72421875 0.12812500000000002 0.24531250000000002
0 0.1609375 0.7406250000000001 0.1375 0.225
0 0.07109375 0.80390625 0.1421875 0.2546875
0 0.20468750000000002 0.8304687500000001 0.140625 0.2515625
0 0.234375 0.37812500000000004 0.18125000000000002 0.21875
0 0.61875 0.7468750000000001 0.115625 0.21250000000000002
