0 0.030468750000000003 0.09375 0.0484375 0.07187500000000001
0 0.140625 0.13046875 0.046875 0.07968750000000001
0 0.1265625 0.125 0.043750000000000004 0.07500000000000001
0 0.05234375 0.17343750000000002 0.045312500000000006 0.06875
0 0.19687500000000002 0.11484375000000001 0.046875 0.0859375
0 0.265625 0.12187500000000001 0.05 0.09375
0 0.23984375000000002 0.1046875 0.0421875 0.08750000000000001
0 0.2921875 0.16015625 0.05625 0.0921875
0 0.34375 0.18359375 0.05 0.07968750000000001
0 0.39296875000000003 0.18046875 0.045312500000000006 0.07968750000000001
0 0.37109375 0.15625 0.0390625 0.07187500000000001
0 0.23984375000000002 0.25 0.0421875 0.06875
0 0.060937500000000006 0.2265625 0.046875 0.06875
0 0.16796875 0.31640625 0.035937500000000004 0.0703125
0 0.17343750000000002 0.353125 0.037500000000000006 0.0625
0 0.2265625 0.31640625 0.034375 0.060937500000000006
0 0.246875 0.275 0.046875 0.07187500000000001
0 0.29921875000000003 0.28671875 0.0328125 0.060937500000000006
0 0.03671875 0.39375000000000004 0.0328125 0.053125000000000006
0 0.010937500000000001 0.39296875000000003 0.021875000000000002 0.0484375
0 0.17265625 0.44140625 0.0234375 0.0390625
0 0.13359375 0.45390625 0.0234375 0.0390625
0 0.0765625 0.47578125000000004 0.021875000000000002 0.0390625
0 0.06015625 0.521875 0.026562500000000003 0.037500000000000006
0 0.15859375 0.4765625 0.029687500000000002 0.043750000000000004
0 0.1875 0.45 0.018750000000000003 0.053125000000000006
0 0.21250000000000002 0.4375 0.025 0.046875
0 0.25 0.4265625 0.028125 0.043750000000000004
0 0.2828125 0.41953125 0.025 0.0390625
0 0.28125 0.4609375 0.021875000000000002 0.043750000000000004
0 0.24531250000000002 0.4578125 0.025 0.037500000000000006
0 0.3140625 0.41875 0.028125 0.037500000000000006
0 0.33906250000000004 0.39609375 0.021875000000000002 0.0328125
0 0.06015625 0.4140625 0.0203125 0.05
0 0.03515625 0.42031250000000003 0.026562500000000003 0.046875
0 0.010937500000000001 0.41796875 0.021875000000000002 0.0484375
0 0.049218750000000006 0.47421875 0.026562500000000003 0.0390625
0 0.09062500000000001 0.56015625 0.025 0.0421875
0 0.34296875000000004 0.47734375 0.0203125 0.0421875
0 0.38671875 0.4453125 0.026562500000000003 0.05
0 0.4375 0.41171875 0.028125 0.0546875
0 0.4109375 0.415625 0.025 0.053125000000000006
0 0.37812500000000004 0.42031250000000003 0.025 0.043750000000000004
0 0.3609375 0.42578125 0.021875000000000002 0.0390625
0 0.36171875000000003 0.4921875 0.0203125 0.046875
0 0.325 0.5109375 0.015625 0.03125
0 0.30312500000000003 0.5140625 0.0125 0.037500000000000006
0 0.2890625 0.5164062500000001 0.018750000000000003 0.035937500000000004
0 0.27187500000000003 0.51015625 0.015625 0.0328125
0 0.10703125000000001 0.56796875 0.0203125 0.0390625
0 0.078125 0.5281250000000001 0.021875000000000002 0.03125
0 0.0421875 0.5140625 0.015625 0.028125
0 0.5578125 0.28750000000000003 0.040625 0.07187500000000001
0 0.6296875000000001 0.146875 0.043750000000000004 0.096875
0 0.6531250000000001 0.1078125 0.046875 0.09375
0 0.57265625 0.296875 0.0328125 0.06875
0 0.6265625 0.32421875 0.03125 0.06406250000000001
0 0.59921875 0.3328125 0.026562500000000003 0.053125000000000006
0 0.55625 0.33203125 0.025 0.0484375
0 0.60703125 0.37343750000000003 0.0234375 0.037500000000000006
0 0.49062500000000003 0.4296875 0.021875000000000002 0.046875
0 0.51015625 0.40937500000000004 0.0234375 0.05
0 0.5125000000000001 0.44609375 0.021875000000000002 0.0484375
0 0.5453125 0.41796875 0.025 0.0390625
0 0.5265625 0.43984375000000003 0.021875000000000002 0.0421875
0 0.4859375 0.48125 0.018750000000000003 0.03125
0 0.54296875 0.49453125000000003 0.0203125 0.0328125
0 0.5593750000000001 0.49296875 0.015625 0.0328125
0 0.5703125 0.44843750000000004 0.018750000000000003 0.037500000000000006
0 0.55390625 0.4390625 0.026562500000000003 0.043750000000000004
0 0.5265625 0.553125 0.0125 0.021875000000000002
0 0.540625 0.5554687500000001 0.0125 0.0171875
0 0.5515625000000001 0.55 0.015625 0.021875000000000002
0 0.5609375 0.5484375 0.015625 0.021875000000000002
0 0.6328125 0.5171875 0.015625 0.03125
0 0.35468750000000004 0.55 0.015625 0.021875000000000002
0 0.6546875000000001 0.51796875 0.015625 0.026562500000000003
0 0.63984375 0.325 0.026562500000000003 0.059375000000000004
0 0.7273437500000001 0.2828125 0.035937500000000004 0.065625
0 0.7054687500000001 0.31015625 0.029687500000000002 0.0703125
0 0.68359375 0.31875000000000003 0.026562500000000003 0.0625
0 0.76953125 0.32421875 0.035937500000000004 0.0703125
0 0.7984375 0.3359375 0.034375 0.07187500000000001
0 0.7679687500000001 0.36015625 0.035937500000000004 0.0703125
0 0.7375 0.34296875000000004 0.040625 0.0703125
0 0.853125 0.2390625 0.046875 0.06875
0 0.87890625 0.23203125000000002 0.045312500000000006 0.0484375
0 0.940625 0.26406250000000003 0.040625 0.065625
0 0.89609375 0.24453125 0.0390625 0.060937500000000006
0 0.89375 0.321875 0.043750000000000004 0.07187500000000001
0 0.8656250000000001 0.3515625 0.034375 0.065625
0 0.8210937500000001 0.3484375 0.035937500000000004 0.0625
0 0.8734375000000001 0.38671875 0.028125 0.0484375
0 0.909375 0.39375000000000004 0.028125 0.059375000000000004
0 0.93671875 0.38984375000000004 0.0234375 0.0421875
0 0.9796875 0.42421875000000003 0.021875000000000002 0.035937500000000004
0 0.81796875 0.453125 0.029687500000000002 0.053125000000000006
0 0.83359375 0.4890625 0.029687500000000002 0.05
0 0.8070312500000001 0.49765625 0.026562500000000003 0.0484375
0 0.8851562500000001 0.41171875 0.0328125 0.0546875
0 0.7156250000000001 0.43515625 0.025 0.0484375
0 0.690625 0.46484375 0.021875000000000002 0.0390625
0 0.7093750000000001 0.5320312500000001 0.0125 0.0328125
