0 0.465625 0.6171875 0.253125 0.25
0 0.7421875 0.57421875 0.23750000000000002 0.2546875
0 0.83515625 0.49921875000000004 0.2578125 0.2890625
0 0.3515625 0.73828125 0.22812500000000002 0.2421875
0 0.59609375 0.47578125000000004 0.2546875 0.2984375
0 0.23750000000000002 0.65 0.240625 0.259375
0 0.9242187500000001 0.328125 0.1484375 0.184375
0 0.84921875 0.253125 0.17343750000000002 0.20625000000000002
0 0.43515625 0.49531250000000004 0.2015625 0.22187500000000002
0 0.37812500000000004 0.3328125 0.171875 0.19062500000000002
0 0.65 0.09375 0.15937500000000002 0.1625
0 0.56953125 0.06406250000000001 0.1171875 0.1
0 0.27265625 0.453125 0.1765625 0.153125
0 0.2765625 0.38046875 0.17500000000000002 0.1546875
0 0.14375000000000002 0.82734375 0.15625 0.1609375
0 0.055468750000000004 0.853125 0.09843750000000001 0.153125
