0 0.42812500000000003 0.815625 0.209375 0.171875
0 0.41250000000000003 0.6257812500000001 0.22812500000000002 0.1921875
0 0.12421875 0.36250000000000004 0.2171875 0.1875
0 0.31796875 0.3515625 0.22031250000000002 0.1875
0 0.27578125000000003 0.50703125 0.2171875 0.1859375
0 0.62109375 0.95234375 0.2078125 0.0921875
0 0.4734375 0.89765625 0.19687500000000002 0.16718750000000002
0 0.4609375 0.7601562500000001 0.19687500000000002 0.1484375
0 0.60703125 0.9085937500000001 0.18906250000000002 0.1609375
0 0.6101562500000001 0.815625 0.17343750000000002 0.14375000000000002
0 0.7109375 0.64765625 0.15000000000000002 0.1296875
0 0.67734375 0.57734375 0.13593750000000002 0.09843750000000001
0 0.51328125 0.609375 0.1953125 0.134375
0 0.49921875000000004 0.5554687500000001 0.16718750000000002 0.1328125
0 0.5515625000000001 0.503125 0.15937500000000002 0.125
0 0.90234375 0.909375 0.1046875 0.078125
