0 0.465625 0.44843750000000004 0.3125 0.540625
0 0.8226562500000001 0.7171875000000001 0.0765625 0.059375000000000004
0 0.671875 0.67578125 0.059375000000000004 0.0734375
0 0.9125000000000001 0.50390625 0.034375 0.1296875
0 0.8695312500000001 0.36562500000000003 0.1421875 0.146875
0 0.265625 0.38046875 0.1125 0.1234375
0 0.66328125 0.50703125 0.13593750000000002 0.1421875
0 0.65546875 0.37578125 0.1265625 0.1328125
0 0.1640625 0.83984375 0.10625000000000001 0.1546875
0 0.1921875 0.6976562500000001 0.10625000000000001 0.06406250000000001
