0 0.1015625 0.07187500000000001 0.15625 0.1375
0 0.30312500000000003 0.5437500000000001 0.215625 0.19062500000000002
0 0.07187500000000001 0.5476562500000001 0.14375000000000002 0.24531250000000002
0 0.5828125000000001 0.65546875 0.19687500000000002 0.16718750000000002
0 0.68359375 0.5710937500000001 0.1921875 0.1640625
0 0.8382812500000001 0.45156250000000003 0.1296875 0.125
0 0.85859375 0.23203125000000002 0.1265625 0.11406250000000001
0 0.9656250000000001 0.30234375 0.040625 0.0734375
0 0.93515625 0.28750000000000003 0.1078125 0.125
0 0.9164062500000001 0.515625 0.11406250000000001 0.10312500000000001
0 0.9398437500000001 0.57421875 0.0578125 0.08281250000000001
0 0.51875 0.8093750000000001 0.10312500000000001 0.09375
0 0.1328125 0.728125 0.21250000000000002 0.178125
0 0.2921875 0.696875 0.178125 0.153125
0 0.05625 0.9015625 0.1125 0.1625
0 0.7406250000000001 0.36484375 0.040625 0.0390625
0 0.75390625 0.45390625 0.0484375 0.0484375
0 0.7820312500000001 0.39296875000000003 0.0484375 0.045312500000000006
0 0.72421875 0.45546875000000003 0.0484375 0.045312500000000006
0 0.45 0.26796875000000003 0.046875 0.0484375
0 0.571875 0.2734375 0.040625 0.046875
0 0.6328125 0.21406250000000002 0.037500000000000006 0.05
0 0.78515625 0.34296875000000004 0.051562500000000004 0.0484375
