0 0.765625 0.9320312500000001 0.059375000000000004 0.051562500000000004
0 0.703125 0.2546875 0.08750000000000001 0.037500000000000006
0 0.690625 0.084375 0.1 0.040625
0 0.6703125000000001 0.22031250000000002 0.1 0.059375000000000004
0 0.625 0.09843750000000001 0.096875 0.05625
0 0.625 0.146875 0.1 0.053125000000000006
0 0.6234375000000001 0.8703125 0.08125 0.034375
0 0.6125 0.6375000000000001 0.05625 0.028125
0 0.609375 0.7171875000000001 0.09062500000000001 0.037500000000000006
0 0.6000000000000001 0.42500000000000004 0.096875 0.053125000000000006
0 0.59375 0.0765625 0.05 0.040625
0 0.58203125 0.54296875 0.06406250000000001 0.051562500000000004
0 0.578125 0.784375 0.05 0.05
0 0.578125 0.86328125 0.05625 0.045312500000000006
0 0.56875 0.38984375000000004 0.08750000000000001 0.0546875
0 0.565625 0.5945312500000001 0.096875 0.051562500000000004
0 0.5593750000000001 0.12421875 0.065625 0.0328125
0 0.5578125 0.8 0.059375000000000004 0.043750000000000004
0 0.5453125 0.7468750000000001 0.10312500000000001 0.065625
0 0.54453125 0.20625000000000002 0.045312500000000006 0.037500000000000006
0 0.5453125 0.90625 0.05 0.053125000000000006
0 0.52890625 0.1484375 0.0734375 0.040625
0 0.52265625 0.415625 0.045312500000000006 0.040625
0 0.5140625 0.21875 0.05 0.05
0 0.509375 0.084375 0.05 0.046875
0 0.5007812500000001 0.44609375 0.0734375 0.0328125
0 0.49062500000000003 0.92890625 0.040625 0.0390625
0 0.48671875000000003 0.9671875000000001 0.045312500000000006 0.040625
0 0.46875 0.8703125 0.07500000000000001 0.040625
0 0.4234375 0.44921875 0.078125 0.0421875
0 0.39375000000000004 0.47578125000000004 0.084375 0.045312500000000006
0 0.38906250000000003 0.5140625 0.053125000000000006 0.037500000000000006
0 0.3828125 0.1015625 0.040625 0.028125
0 0.28125 0.56796875 0.065625 0.035937500000000004
