0 0.9632812500000001 0.16875 0.0703125 0.28750000000000003
0 0.8695312500000001 0.43046875 0.2578125 0.3921875
0 0.70234375 0.36640625000000004 0.34218750000000003 0.3828125
0 0.5984375000000001 0.38906250000000003 0.30625 0.34687500000000004
0 0.65390625 0.61484375 0.32343750000000004 0.32656250000000003
0 0.4140625 0.58359375 0.321875 0.3453125
0 0.30546875 0.55078125 0.2828125 0.3140625
0 0.13828125 0.63671875 0.19843750000000002 0.2578125
0 0.19296875000000002 0.6453125000000001 0.23593750000000002 0.296875
0 0.34453125 0.7296875 0.2734375 0.278125
0 0.09062500000000001 0.7953125000000001 0.078125 0.23750000000000002
