0 0.31093750000000003 0.8929687500000001 0.16875 0.16718750000000002
0 0.18906250000000002 0.8234375 0.14375000000000002 0.15000000000000002
0 0.1921875 0.8765625 0.15625 0.17500000000000002
0 0.39453125 0.75390625 0.13593750000000002 0.1546875
0 0.54453125 0.83515625 0.09843750000000001 0.11093750000000001
0 0.4921875 0.9226562500000001 0.109375 0.1203125
0 0.44921875 0.7992187500000001 0.1234375 0.13593750000000002
0 0.40937500000000004 0.8546875 0.09375 0.109375
0 0.31484375000000003 0.7429687500000001 0.1015625 0.1203125
0 0.2609375 0.6390625000000001 0.115625 0.10312500000000001
0 0.14765625000000002 0.5546875 0.15781250000000002 0.1625
0 0.275 0.40156250000000004 0.10625000000000001 0.10312500000000001
0 0.38671875 0.41875 0.1390625 0.15000000000000002
0 0.390625 0.51484375 0.109375 0.09843750000000001
0 0.52109375 0.61328125 0.0890625 0.1046875
0 0.6976562500000001 0.571875 0.17343750000000002 0.178125
0 0.8210937500000001 0.6117187500000001 0.1640625 0.16718750000000002
0 0.9164062500000001 0.60703125 0.1640625 0.18906250000000002
0 0.91796875 0.7796875000000001 0.1609375 0.17500000000000002
0 0.7578125 0.69296875 0.07500000000000001 0.0765625
0 0.82734375 0.70703125 0.08281250000000001 0.0859375
0 0.8578125000000001 0.75703125 0.06875 0.07968750000000001
0 0.87109375 0.44296875 0.1796875 0.1921875
0 0.75390625 0.39687500000000003 0.1796875 0.1875
0 0.6890625 0.309375 0.17500000000000002 0.15625
0 0.6515625 0.42578125 0.06875 0.07968750000000001
0 0.69296875 0.4140625 0.0921875 0.096875
0 0.51953125 0.18671875000000002 0.1234375 0.13593750000000002
0 0.44062500000000004 0.359375 0.12812500000000002 0.13125
0 0.5125000000000001 0.325 0.10312500000000001 0.115625
0 0.56796875 0.33828125000000003 0.08281250000000001 0.09531250000000001
0 0.32343750000000004 0.33515625000000004 0.078125 0.0859375
0 0.24765625000000002 0.30078125 0.0859375 0.0859375
0 0.63046875 0.2390625 0.1328125 0.1625
