0 0.47187500000000004 0.66796875 0.23750000000000002 0.1390625
0 0.47578125000000004 0.53359375 0.2171875 0.1390625
0 0.49375 0.31875000000000003 0.203125 0.14375000000000002
0 0.584375 0.17265625 0.21250000000000002 0.1390625
0 0.42031250000000003 0.18203125 0.203125 0.13593750000000002
0 0.48281250000000003 0.05625 0.17500000000000002 0.10312500000000001
0 0.35078125000000004 0.321875 0.1796875 0.16875
0 0.5703125 0.32265625000000003 0.184375 0.13593750000000002
0 0.503125 0.4453125 0.19375 0.09375
0 0.40156250000000004 0.790625 0.203125 0.13125
0 0.403125 0.925 0.1875 0.11875000000000001
0 0.53828125 0.8382812500000001 0.18906250000000002 0.13593750000000002
