0 0.7296875 0.47187500000000004 0.278125 0.284375
0 0.81015625 0.21406250000000002 0.2703125 0.30000000000000004
0 0.30703125000000003 0.44609375 0.2859375 0.2671875
0 0.4734375 0.2171875 0.278125 0.278125
0 0.38359375 0.71484375 0.27968750000000003 0.2703125
0 0.6265625 0.7210937500000001 0.253125 0.2265625
0 0.9085937500000001 0.57421875 0.1796875 0.2671875
0 0.74921875 0.890625 0.2578125 0.20625000000000002
0 0.18671875000000002 0.18046875 0.22968750000000002 0.35781250000000003
0 0.9437500000000001 0.23671875 0.109375 0.38593750000000004
0 0.0890625 0.74921875 0.16875 0.3640625
0 0.2703125 0.8539062500000001 0.284375 0.2109375
0 0.5078125 0.8992187500000001 0.25625000000000003 0.1640625
