0 0.14140625 0.31484375000000003 0.1078125 0.09843750000000001
0 0.171875 0.23984375000000002 0.109375 0.09843750000000001
0 0.10546875 0.225 0.1078125 0.09062500000000001
0 0.10078125 0.30859375 0.09531250000000001 0.0859375
0 0.45859375 0.40156250000000004 0.09843750000000001 0.09062500000000001
0 0.51796875 0.35468750000000004 0.08281250000000001 0.08125
0 0.446875 0.325 0.10312500000000001 0.09062500000000001
0 0.46796875000000004 0.4578125 0.08281250000000001 0.07500000000000001
0 0.65234375 0.44296875 0.09531250000000001 0.0859375
0 0.7992187500000001 0.5078125 0.0859375 0.08750000000000001
0 0.7601562500000001 0.48203125 0.1046875 0.1015625
0 0.775 0.56640625 0.09375 0.08281250000000001
0 0.6726562500000001 0.90390625 0.1046875 0.09531250000000001
0 0.62421875 0.8406250000000001 0.09531250000000001 0.08125
0 0.57265625 0.8421875000000001 0.1015625 0.08125
0 0.5671875000000001 0.9304687500000001 0.084375 0.0859375
0 0.4390625 0.8718750000000001 0.1 0.09062500000000001
0 0.46406250000000004 0.93515625 0.10625000000000001 0.0734375
0 0.41640625000000003 0.9304687500000001 0.1046875 0.0734375
