0 0.5171875 0.30625 0.45937500000000003 0.47187500000000004
0 0.6015625 0.69140625 0.4375 0.4734375
0 0.87421875 0.49843750000000003 0.2484375 0.31562500000000004
0 0.14765625000000002 0.6351562500000001 0.2671875 0.2671875
0 0.13125 0.4390625 0.25 0.259375
0 0.22734375 0.22968750000000002 0.21406250000000002 0.23125
0 0.884375 0.24609375 0.22187500000000002 0.2671875
0 0.6179687500000001 0.08671875000000001 0.2546875 0.17343750000000002
0 0.84921875 0.07500000000000001 0.0484375 0.15000000000000002
0 0.415625 0.08203125 0.24375000000000002 0.1640625
