0 0.20625000000000002 0.8695312500000001 0.12812500000000002 0.1953125
0 0.39140625 0.884375 0.1453125 0.215625
0 0.22890625 0.56484375 0.11406250000000001 0.1703125
0 0.18203125 0.446875 0.1265625 0.21250000000000002
0 0.15390625000000002 0.60546875 0.11093750000000001 0.1703125
0 0.08203125 0.6000000000000001 0.1046875 0.134375
0 0.053125000000000006 0.47421875 0.10625000000000001 0.1640625
0 0.03125 0.375 0.0625 0.16875
0 0.26640625 0.1765625 0.0859375 0.1375
0 0.215625 0.1375 0.08125 0.125
0 0.23125 0.234375 0.08125 0.10312500000000001
0 0.29375 0.24296875 0.06875 0.09531250000000001
0 0.31640625 0.16328125000000002 0.09843750000000001 0.1234375
0 0.40859375000000003 0.4421875 0.0890625 0.115625
0 0.4703125 0.46171875 0.1 0.1453125
0 0.54453125 0.4375 0.1203125 0.15937500000000002
0 0.61640625 0.52265625 0.09531250000000001 0.1390625
0 0.66015625 0.45859375 0.1078125 0.1640625
0 0.63203125 0.38359375 0.0890625 0.1390625
0 0.64609375 0.2578125 0.08281250000000001 0.13125
0 0.7093750000000001 0.29765625 0.07500000000000001 0.1078125
0 0.7000000000000001 0.41796875 0.096875 0.15156250000000002
0 0.47578125000000004 0.25078125 0.0890625 0.1390625
0 0.45703125 0.3671875 0.09843750000000001 0.140625
0 0.5171875 0.36640625000000004 0.09062500000000001 0.1328125
0 0.41796875 0.34921875 0.0859375 0.1265625
0 0.39296875000000003 0.40390625 0.0890625 0.1265625
0 0.62421875 0.9203125000000001 0.1296875 0.15625
0 0.71796875 0.88984375 0.1203125 0.18906250000000002
0 0.7976562500000001 0.91171875 0.13593750000000002 0.17343750000000002
0 0.72265625 0.8515625 0.1296875 0.21875
0 0.7046875 0.9710937500000001 0.115625 0.0546875
0 0.82734375 0.8835937500000001 0.1203125 0.1765625
0 0.8828125 0.4921875 0.1125 0.146875
0 0.8265625000000001 0.5398437500000001 0.07500000000000001 0.11406250000000001
0 0.6882812500000001 0.584375 0.1015625 0.134375
0 0.9164062500000001 0.42031250000000003 0.0734375 0.12187500000000001
