0 0.41171875 0.62421875 0.2765625 0.26406250000000003
0 0.5921875 0.48671875000000003 0.30625 0.2734375
0 0.34765625 0.41953125 0.2578125 0.2078125
0 0.44921875 0.2578125 0.2609375 0.240625
0 0.6984375 0.2421875 0.2625 0.25
0 0.8718750000000001 0.40078125000000003 0.225 0.2234375
0 0.7109375 0.7664062500000001 0.30000000000000004 0.2859375
0 0.19296875000000002 0.27187500000000003 0.29531250000000003 0.265625
0 0.1296875 0.45078125 0.23125 0.1078125
0 0.17578125 0.8031250000000001 0.2328125 0.240625
0 0.91015625 0.765625 0.1765625 0.284375
0 0.6453125000000001 0.91171875 0.34687500000000004 0.17343750000000002
0 0.36015625 0.9109375000000001 0.2703125 0.17500000000000002
