0 0.565625 0.09062500000000001 0.15000000000000002 0.18125000000000002
0 0.88828125 0.07578125000000001 0.1328125 0.1421875
0 0.80078125 0.1 0.1453125 0.2
0 0.8718750000000001 0.17578125 0.1375 0.2109375
0 0.9421875000000001 0.16640625 0.1125 0.24531250000000002
0 0.8703125 0.21953125 0.12812500000000002 0.2171875
0 0.9578125000000001 0.21796875000000002 0.08125 0.19843750000000002
0 0.6351562500000001 0.02734375 0.1078125 0.0546875
0 0.390625 0.0703125 0.140625 0.140625
0 0.33203125 0.32890625 0.1171875 0.18281250000000002
0 0.25625000000000003 0.434375 0.134375 0.209375
0 0.27265625 0.26640625 0.1171875 0.18281250000000002
0 0.2 0.2515625 0.109375 0.153125
0 0.1421875 0.36484375 0.109375 0.1640625
0 0.07578125000000001 0.45234375000000004 0.1078125 0.1703125
0 0.08515625 0.29296875 0.1015625 0.1453125
0 0.19140625 0.084375 0.1421875 0.16875
0 0.4703125 0.50546875 0.096875 0.1328125
0 0.53515625 0.515625 0.1046875 0.1625
0 0.596875 0.5640625 0.12187500000000001 0.15937500000000002
0 0.6875 0.49296875 0.109375 0.15781250000000002
0 0.7703125000000001 0.47109375000000003 0.09375 0.1265625
0 0.7976562500000001 0.16484375 0.11406250000000001 0.1546875
0 0.88828125 0.5515625000000001 0.0921875 0.13125
0 0.9296875 0.61328125 0.11875000000000001 0.1640625
0 0.9460937500000001 0.7054687500000001 0.0859375 0.1265625
0 0.73984375 0.6335937500000001 0.09531250000000001 0.1546875
0 0.7132812500000001 0.5765625 0.11093750000000001 0.17500000000000002
0 0.66171875 0.64765625 0.09531250000000001 0.1546875
0 0.7132812500000001 0.7507812500000001 0.0765625 0.11406250000000001
0 0.64765625 0.7734375 0.0890625 0.140625
0 0.8125 0.8210937500000001 0.0625 0.09843750000000001
0 0.48203125 0.728125 0.0921875 0.14375000000000002
0 0.45703125 0.61484375 0.09531250000000001 0.1296875
0 0.44140625 0.5484375 0.08281250000000001 0.125
0 0.55234375 0.6140625000000001 0.0921875 0.146875
0 0.4578125 0.89375 0.07187500000000001 0.1125
0 0.290625 0.87265625 0.07500000000000001 0.1234375
0 0.26875 0.728125 0.09062500000000001 0.140625
0 0.31562500000000004 0.7515625 0.1 0.140625
0 0.21484375 0.7421875 0.0890625 0.1375
0 0.24921875000000002 0.6546875000000001 0.0734375 0.09375
0 0.31015625 0.6640625 0.0671875 0.10312500000000001
0 0.33984375 0.6742187500000001 0.0765625 0.09531250000000001
0 0.1921875 0.35859375000000004 0.1 0.1453125
0 0.08515625 0.34375 0.1078125 0.18125000000000002
0 0.24296875 0.8625 0.08281250000000001 0.12812500000000002
