0 0.3671875 0.34609375000000003 0.115625 0.09531250000000001
0 0.3484375 0.21875 0.12812500000000002 0.10312500000000001
0 0.44296875 0.33437500000000003 0.1046875 0.08125
0 0.6203125 0.7625000000000001 0.115625 0.08750000000000001
0 0.4703125 0.7140625 0.10312500000000001 0.084375
0 0.5281250000000001 0.7718750000000001 0.12187500000000001 0.09375
0 0.6023437500000001 0.84375 0.11093750000000001 0.09062500000000001
0 0.515625 0.84765625 0.065625 0.0546875
0 0.47734375 0.8796875000000001 0.06406250000000001 0.05
0 0.49062500000000003 0.909375 0.065625 0.05
0 0.47500000000000003 0.8453125 0.05625 0.05
0 0.5046875000000001 0.9890625000000001 0.10312500000000001 0.018750000000000003
0 0.49375 0.66953125 0.08125 0.0484375
0 0.52109375 0.63671875 0.060937500000000006 0.0421875
0 0.5320312500000001 0.7234375000000001 0.0578125 0.040625
0 0.54453125 0.45156250000000003 0.0703125 0.053125000000000006
0 0.5398437500000001 0.37812500000000004 0.0734375 0.05
0 0.5007812500000001 0.40625 0.051562500000000004 0.040625
0 0.52109375 0.44140625 0.051562500000000004 0.0421875
0 0.52890625 0.6117187500000001 0.051562500000000004 0.029687500000000002
0 0.446875 0.2015625 0.05 0.040625
0 0.46406250000000004 0.14375000000000002 0.05625 0.053125000000000006
0 0.44140625 0.10859375 0.06406250000000001 0.051562500000000004
