0 0.4234375 0.81640625 0.325 0.3484375
0 0.7289062500000001 0.7046875 0.2703125 0.36875
0 0.521875 0.6140625000000001 0.275 0.39375000000000004
0 0.29609375 0.63671875 0.2671875 0.33906250000000004
0 0.8203125 0.30078125 0.146875 0.1953125
0 0.63828125 0.41640625000000003 0.15156250000000002 0.24531250000000002
0 0.51875 0.4140625 0.19687500000000002 0.24375000000000002
0 0.296875 0.1875 0.12187500000000001 0.1625
0 0.43359375 0.18828125 0.1265625 0.1921875
0 0.6515625 0.184375 0.125 0.178125
0 0.56796875 0.115625 0.0921875 0.12812500000000002
0 0.74140625 0.1703125 0.1265625 0.1875
