0 0.8695312500000001 0.7523437500000001 0.1921875 0.2109375
0 0.821875 0.91328125 0.2 0.1703125
0 0.83515625 0.6781250000000001 0.1640625 0.178125
0 0.7664062500000001 0.9460937500000001 0.1484375 0.1046875
0 0.8187500000000001 0.32656250000000003 0.16562500000000002 0.134375
0 0.92578125 0.134375 0.1453125 0.1375
0 0.90234375 0.49843750000000003 0.16718750000000002 0.12812500000000002
0 0.84921875 0.53046875 0.1390625 0.0859375
0 0.8093750000000001 0.42890625000000004 0.10312500000000001 0.0921875
0 0.8539062500000001 0.23671875 0.1390625 0.11406250000000001
0 0.878125 0.15703125 0.134375 0.1078125
0 0.86484375 0.08359375000000001 0.0765625 0.035937500000000004
0 0.76171875 0.26328125 0.1171875 0.1015625
0 0.22031250000000002 0.70078125 0.05625 0.051562500000000004
0 0.23125 0.6687500000000001 0.05625 0.046875
0 0.28750000000000003 0.7125 0.0625 0.05
0 0.2515625 0.66953125 0.053125000000000006 0.0421875
0 0.2546875 0.7078125000000001 0.043750000000000004 0.046875
0 0.328125 0.22031250000000002 0.053125000000000006 0.046875
0 0.38203125000000004 0.3046875 0.060937500000000006 0.05
0 0.36015625 0.32890625 0.0484375 0.035937500000000004
0 0.33671875 0.2625 0.060937500000000006 0.05
0 0.371875 0.28359375000000003 0.043750000000000004 0.0421875
0 0.34453125 0.30390625000000004 0.045312500000000006 0.0390625
