0 0.6796875 0.41171875 0.078125 0.07968750000000001
0 0.6671875 0.309375 0.084375 0.078125
0 0.65546875 0.23984375000000002 0.07968750000000001 0.0859375
0 0.8046875 0.31015625 0.096875 0.09843750000000001
0 0.79609375 0.2234375 0.1015625 0.096875
0 0.78828125 0.178125 0.0921875 0.084375
0 0.76328125 0.24453125 0.0890625 0.0859375
0 0.6390625000000001 0.2171875 0.0625 0.0625
0 0.6351562500000001 0.1609375 0.06406250000000001 0.065625
0 0.5890625 0.24453125 0.065625 0.0671875
0 0.55703125 0.16796875 0.0671875 0.0765625
0 0.55625 0.51328125 0.06875 0.060937500000000006
0 0.55234375 0.4375 0.0703125 0.065625
0 0.53359375 0.3828125 0.0671875 0.07187500000000001
0 0.50625 0.20546875 0.059375000000000004 0.060937500000000006
0 0.56953125 0.21875 0.060937500000000006 0.059375000000000004
0 0.453125 0.67890625 0.059375000000000004 0.0546875
0 0.47421875 0.5867187500000001 0.0578125 0.0578125
0 0.4609375 0.5390625 0.0625 0.0625
0 0.43046875 0.46406250000000004 0.0484375 0.046875
0 0.42265625 0.43046875 0.051562500000000004 0.051562500000000004
0 0.41484375 0.40234375 0.0578125 0.0578125
0 0.43515625 0.35703125 0.060937500000000006 0.060937500000000006
0 0.4609375 0.3140625 0.0625 0.0625
0 0.46328125000000003 0.26796875000000003 0.0671875 0.060937500000000006
0 0.46640625 0.21796875000000002 0.060937500000000006 0.06406250000000001
0 0.478125 0.1703125 0.05625 0.05625
0 0.44062500000000004 0.16328125000000002 0.037500000000000006 0.0546875
0 0.43359375 0.3046875 0.060937500000000006 0.053125000000000006
0 0.434375 0.26328125 0.059375000000000004 0.0578125
0 0.44375000000000003 0.21484375 0.05 0.051562500000000004
0 0.41875 0.18515625000000002 0.046875 0.0484375
0 0.3828125 0.453125 0.046875 0.043750000000000004
0 0.33359375 0.41328125000000004 0.0390625 0.0390625
0 0.36875 0.42500000000000004 0.043750000000000004 0.037500000000000006
0 0.390625 0.46640625 0.043750000000000004 0.0421875
0 0.39375000000000004 0.25078125 0.040625 0.0421875
0 0.40390625 0.29375 0.045312500000000006 0.046875
0 0.39687500000000003 0.3203125 0.05 0.043750000000000004
0 0.35234375 0.5359375000000001 0.0484375 0.043750000000000004
0 0.9421875000000001 0.603125 0.05625 0.10312500000000001
0 0.9070312500000001 0.5234375 0.1234375 0.12812500000000002
0 0.8484375000000001 0.5625 0.11875000000000001 0.096875
0 0.83515625 0.62421875 0.1046875 0.1015625
0 0.815625 0.7109375 0.1 0.109375
0 0.7609375 0.6101562500000001 0.1 0.0890625
0 0.7937500000000001 0.6484375 0.10625000000000001 0.096875
0 0.74765625 0.6875 0.1171875 0.096875
0 0.74609375 0.7250000000000001 0.09843750000000001 0.084375
0 0.6734375 0.675 0.08125 0.08125
0 0.6351562500000001 0.721875 0.0859375 0.09062500000000001
0 0.6078125000000001 0.6296875000000001 0.07187500000000001 0.07500000000000001
0 0.59140625 0.6953125 0.07968750000000001 0.07500000000000001
0 0.57265625 0.6390625000000001 0.08281250000000001 0.078125
0 0.5578125 0.6703125000000001 0.059375000000000004 0.059375000000000004
0 0.34687500000000004 0.70234375 0.043750000000000004 0.0421875
0 0.35000000000000003 0.6648437500000001 0.043750000000000004 0.045312500000000006
0 0.32734375000000004 0.6484375 0.0484375 0.046875
0 0.3203125 0.6101562500000001 0.046875 0.0421875
0 0.3328125 0.5789062500000001 0.046875 0.045312500000000006
0 0.31562500000000004 0.5109375 0.040625 0.034375
0 0.32265625000000003 0.48359375000000004 0.0390625 0.0328125
0 0.31875000000000003 0.453125 0.037500000000000006 0.040625
0 0.30703125000000003 0.68671875 0.0390625 0.0421875
0 0.31484375000000003 0.71875 0.0390625 0.034375
0 0.28359375000000003 0.5859375 0.035937500000000004 0.03125
0 0.28750000000000003 0.5625 0.040625 0.037500000000000006
0 0.2859375 0.5390625 0.034375 0.03125
0 0.2859375 0.51796875 0.040625 0.035937500000000004
0 0.29140625000000003 0.446875 0.029687500000000002 0.028125
0 0.2859375 0.4625 0.03125 0.03125
0 0.26953125 0.47500000000000003 0.029687500000000002 0.03125
0 0.26171875 0.69296875 0.0328125 0.0328125
0 0.27109375 0.73984375 0.0390625 0.0390625
0 0.26406250000000003 0.77890625 0.040625 0.0421875
0 0.25703125 0.6687500000000001 0.0328125 0.03125
0 0.27578125000000003 0.6875 0.0234375 0.028125
0 0.23125 0.6531250000000001 0.03125 0.03125
0 0.24531250000000002 0.63828125 0.028125 0.026562500000000003
0 0.24765625000000002 0.6125 0.029687500000000002 0.028125
0 0.26484375 0.6140625000000001 0.0234375 0.028125
0 0.253125 0.5796875 0.037500000000000006 0.034375
0 0.24453125 0.55625 0.0390625 0.034375
0 0.24609375 0.509375 0.029687500000000002 0.028125
0 0.24765625000000002 0.48750000000000004 0.029687500000000002 0.028125
0 0.25390625 0.4625 0.029687500000000002 0.028125
0 0.19453125000000002 0.65390625 0.0328125 0.0328125
0 0.18671875000000002 0.6296875000000001 0.0328125 0.028125
0 0.17578125 0.6578125 0.029687500000000002 0.028125
0 0.21484375 0.6976562500000001 0.0328125 0.0328125
0 0.22421875000000002 0.7367187500000001 0.0328125 0.0328125
0 0.22031250000000002 0.76484375 0.034375 0.0328125
0 0.23046875 0.53046875 0.026562500000000003 0.026562500000000003
0 0.20546875 0.49296875 0.029687500000000002 0.029687500000000002
0 0.209375 0.51484375 0.03125 0.026562500000000003
0 0.203125 0.43359375 0.028125 0.026562500000000003
0 0.18828125 0.5437500000000001 0.0234375 0.025
0 0.2265625 0.40156250000000004 0.018750000000000003 0.025
0 0.209375 0.42421875000000003 0.025 0.029687500000000002
0 0.2 0.41250000000000003 0.028125 0.025
0 0.20703125 0.39765625000000004 0.026562500000000003 0.026562500000000003
0 0.20625000000000002 0.47578125000000004 0.03125 0.029687500000000002
0 0.21015625000000002 0.46015625000000004 0.026562500000000003 0.0203125
0 0.18125000000000002 0.46484375 0.021875000000000002 0.0203125
0 0.1625 0.44062500000000004 0.025 0.025
0 0.13671875 0.47187500000000004 0.0234375 0.021875000000000002
0 0.14765625000000002 0.46171875 0.0203125 0.0234375
0 0.21875 0.5625 0.028125 0.03125
0 0.21875 0.59140625 0.034375 0.0328125
0 0.246875 0.8539062500000001 0.040625 0.0421875
0 0.246875 0.81640625 0.040625 0.035937500000000004
0 0.22578125000000002 0.7953125000000001 0.035937500000000004 0.034375
0 0.2484375 0.89375 0.040625 0.040625
0 0.309375 0.9226562500000001 0.05 0.051562500000000004
0 0.34375 0.8359375 0.05 0.05
0 0.3640625 0.87421875 0.053125000000000006 0.0546875
0 0.33046875000000003 0.83515625 0.051562500000000004 0.0484375
0 0.34921875 0.90234375 0.0484375 0.0484375
0 0.83203125 0.96875 0.1015625 0.059375000000000004
0 0.81640625 0.8953125000000001 0.0859375 0.10625000000000001
0 0.78515625 0.8679687500000001 0.09531250000000001 0.0890625
0 0.7796875000000001 0.9421875000000001 0.1 0.096875
0 0.70078125 0.97421875 0.08281250000000001 0.0484375
0 0.6796875 0.9671875000000001 0.09062500000000001 0.0625
0 0.6421875 0.915625 0.078125 0.08125
0 0.628125 0.878125 0.084375 0.08125
0 0.6117187500000001 0.9226562500000001 0.08281250000000001 0.07968750000000001
0 0.5945312500000001 0.88828125 0.0703125 0.0671875
0 0.53125 0.909375 0.065625 0.06875
0 0.525 0.9476562500000001 0.06875 0.0671875
0 0.51484375 0.8812500000000001 0.0703125 0.06875
0 0.4734375 0.9734375000000001 0.06875 0.05
0 0.44843750000000004 0.95859375 0.0625 0.060937500000000006
0 0.4390625 0.984375 0.05625 0.028125
0 0.35078125000000004 0.978125 0.0421875 0.040625
0 0.32343750000000004 0.97421875 0.046875 0.0484375
0 0.1625 0.9812500000000001 0.037500000000000006 0.028125
0 0.20546875 0.9343750000000001 0.035937500000000004 0.037500000000000006
0 0.24140625000000002 0.9539062500000001 0.0390625 0.0390625
0 0.2421875 0.9234375 0.043750000000000004 0.034375
0 0.21171875 0.7375 0.0234375 0.028125
0 0.20234375000000002 0.7640625000000001 0.029687500000000002 0.03125
0 0.30703125000000003 0.32421875 0.0390625 0.035937500000000004
0 0.3671875 0.34453125 0.043750000000000004 0.045312500000000006
0 0.3671875 0.39609375 0.040625 0.035937500000000004
0 0.33906250000000004 0.30390625000000004 0.043750000000000004 0.035937500000000004
0 0.3328125 0.20078125000000002 0.040625 0.045312500000000006
0 0.33125000000000004 0.23828125 0.034375 0.0421875
0 0.30703125000000003 0.27421875 0.0390625 0.045312500000000006
0 0.30312500000000003 0.30234375 0.040625 0.0328125
0 0.31562500000000004 0.21953125 0.043750000000000004 0.045312500000000006
0 0.2921875 0.17343750000000002 0.034375 0.03125
0 0.25 0.20546875 0.028125 0.026562500000000003
0 0.27578125000000003 0.31484375000000003 0.035937500000000004 0.029687500000000002
0 0.27421875 0.36640625000000004 0.035937500000000004 0.0390625
0 0.29531250000000003 0.35625 0.040625 0.037500000000000006
0 0.3046875 0.34296875000000004 0.040625 0.0328125
0 0.19062500000000002 0.36171875000000003 0.028125 0.0234375
0 0.20546875 0.3484375 0.026562500000000003 0.025
0 0.21250000000000002 0.33125000000000004 0.028125 0.021875000000000002
0 0.2171875 0.3125 0.025 0.025
0 0.68671875 0.11640625 0.0703125 0.0734375
0 0.5789062500000001 0.10390625 0.06406250000000001 0.0671875
0 0.6468750000000001 0.05 0.07187500000000001 0.05625
0 0.534375 0.10859375 0.0625 0.06406250000000001
0 0.5578125 0.05859375 0.0625 0.0734375
0 0.37343750000000003 0.12578125 0.043750000000000004 0.0421875
0 0.34375 0.1328125 0.040625 0.040625
0 0.3484375 0.10234375000000001 0.043750000000000004 0.0484375
0 0.33203125 0.10546875 0.0390625 0.0421875
0 0.2890625 0.14609375 0.03125 0.0328125
0 0.30078125 0.1 0.029687500000000002 0.03125
0 0.30000000000000004 0.0703125 0.034375 0.034375
0 0.29609375 0.035937500000000004 0.035937500000000004 0.034375
0 0.35703125 0.028125 0.045312500000000006 0.021875000000000002
0 0.46640625 0.045312500000000006 0.0546875 0.05625
0 0.4703125 0.0859375 0.046875 0.043750000000000004
0 0.44140625 0.057031250000000006 0.035937500000000004 0.0421875
0 0.43515625 0.06171875 0.0421875 0.045312500000000006
0 0.3765625 0.053125000000000006 0.025 0.03125
0 0.16562500000000002 0.36171875000000003 0.021875000000000002 0.0203125
0 0.16875 0.34765625 0.021875000000000002 0.0203125
0 0.146875 0.35000000000000003 0.025 0.021875000000000002
0 0.21250000000000002 0.178125 0.028125 0.021875000000000002
0 0.21406250000000002 0.16015625 0.028125 0.0234375
0 0.2265625 0.14765625000000002 0.028125 0.026562500000000003
0 0.26015625000000003 0.1796875 0.026562500000000003 0.025
0 0.28203125 0.1203125 0.029687500000000002 0.025
0 0.2859375 0.1 0.021875000000000002 0.028125
0 0.28125 0.0921875 0.025 0.025
0 0.27734375 0.06953125 0.026562500000000003 0.026562500000000003
0 0.26640625 0.049218750000000006 0.029687500000000002 0.0234375
0 0.265625 0.03671875 0.03125 0.029687500000000002
0 0.278125 0.032031250000000004 0.025 0.0234375
0 0.21328125 0.24453125 0.026562500000000003 0.0203125
0 0.21015625000000002 0.2328125 0.026562500000000003 0.021875000000000002
0 0.15625 0.08750000000000001 0.018750000000000003 0.015625
0 0.1640625 0.06875 0.018750000000000003 0.018750000000000003
0 0.22031250000000002 0.0390625 0.021875000000000002 0.021875000000000002
0 0.23671875 0.043750000000000004 0.0203125 0.018750000000000003
0 0.22812500000000002 0.0734375 0.021875000000000002 0.015625
0 0.24296875 0.1125 0.0234375 0.021875000000000002
0 0.26171875 0.08984375 0.0234375 0.0234375
0 0.24765625000000002 0.09062500000000001 0.0203125 0.021875000000000002
0 0.2234375 0.028125 0.025 0.0125
0 0.19843750000000002 0.1453125 0.018750000000000003 0.015625
0 0.18906250000000002 0.13984375000000002 0.021875000000000002 0.0234375
0 0.20468750000000002 0.12578125 0.018750000000000003 0.0203125
0 0.14296875 0.07578125000000001 0.0203125 0.0171875
0 0.16796875 0.146875 0.0171875 0.0125
0 0.24921875000000002 0.33437500000000003 0.0328125 0.03125
0 0.27109375 0.28984375 0.0328125 0.029687500000000002
0 0.22734375 0.28984375 0.029687500000000002 0.026562500000000003
0 0.240625 0.26953125 0.028125 0.026562500000000003
0 0.26640625 0.25703125 0.026562500000000003 0.026562500000000003
0 0.278125 0.2546875 0.03125 0.025
0 0.29453125 0.2171875 0.035937500000000004 0.037500000000000006
0 0.11953125 0.47734375 0.026562500000000003 0.0234375
0 0.184375 0.56953125 0.025 0.0203125
0 0.2109375 0.5390625 0.03125 0.034375
0 0.25390625 0.3640625 0.029687500000000002 0.028125
0 0.915625 0.19296875000000002 0.05625 0.1171875
0 0.8968750000000001 0.10390625 0.08125 0.1171875
