0 0.8679687500000001 0.05859375 0.0328125 0.0578125
0 0.8406250000000001 0.047656250000000004 0.021875000000000002 0.0421875
0 0.9281250000000001 0.07968750000000001 0.034375 0.05625
0 0.6390625000000001 0.13984375000000002 0.043750000000000004 0.0765625
0 0.78046875 0.21875 0.029687500000000002 0.05
0 0.80390625 0.21875 0.026562500000000003 0.05
0 0.909375 0.28203125 0.028125 0.045312500000000006
0 0.8375 0.36796875 0.025 0.0421875
0 0.8140625 0.37109375 0.021875000000000002 0.0421875
0 0.7953125000000001 0.31640625 0.028125 0.051562500000000004
0 0.815625 0.30234375 0.025 0.045312500000000006
0 0.9609375 0.07265625 0.037500000000000006 0.051562500000000004
0 0.9851562500000001 0.11093750000000001 0.026562500000000003 0.053125000000000006
0 0.9867187500000001 0.1921875 0.0234375 0.05
0 0.940625 0.28750000000000003 0.021875000000000002 0.037500000000000006
0 0.8875000000000001 0.2765625 0.021875000000000002 0.037500000000000006
0 0.8625 0.38203125000000004 0.025 0.0421875
0 0.92734375 0.41484375 0.026562500000000003 0.0421875
0 0.96484375 0.40078125000000003 0.026562500000000003 0.035937500000000004
0 0.9890625000000001 0.39765625000000004 0.018750000000000003 0.0421875
0 0.90546875 0.4265625 0.0234375 0.037500000000000006
0 0.6664062500000001 0.18046875 0.029687500000000002 0.0578125
0 0.6843750000000001 0.153125 0.03125 0.053125000000000006
0 0.58125 0.15859375 0.040625 0.0734375
0 0.60546875 0.17109375000000002 0.0390625 0.08281250000000001
0 0.74140625 0.43593750000000003 0.029687500000000002 0.05
0 0.67734375 0.45234375000000004 0.0234375 0.0421875
0 0.7000000000000001 0.45546875000000003 0.025 0.0421875
0 0.7273437500000001 0.44453125000000004 0.0234375 0.045312500000000006
0 0.7625000000000001 0.5265625 0.025 0.046875
0 0.9625 0.5320312500000001 0.025 0.035937500000000004
0 0.51171875 0.028125 0.060937500000000006 0.05625
0 0.46328125000000003 0.014843750000000001 0.051562500000000004 0.029687500000000002
0 0.484375 0.08671875000000001 0.043750000000000004 0.0765625
0 0.43828125 0.07968750000000001 0.0390625 0.084375
0 0.39375000000000004 0.10859375 0.046875 0.0890625
0 0.34609375000000003 0.11640625 0.0484375 0.0890625
0 0.32734375000000004 0.06015625 0.045312500000000006 0.0765625
0 0.44843750000000004 0.2 0.046875 0.07187500000000001
0 0.52890625 0.31015625 0.0328125 0.051562500000000004
0 0.51484375 0.29531250000000003 0.026562500000000003 0.053125000000000006
0 0.55703125 0.32578125 0.0234375 0.051562500000000004
0 0.87109375 0.6140625000000001 0.0203125 0.034375
0 0.85703125 0.62265625 0.0234375 0.0390625
0 0.8359375 0.6023437500000001 0.025 0.0390625
0 0.73046875 0.5703125 0.029687500000000002 0.05625
0 0.7000000000000001 0.5890625 0.028125 0.053125000000000006
0 0.66171875 0.6000000000000001 0.0234375 0.05
0 0.7156250000000001 0.6734375 0.028125 0.05
0 0.6765625000000001 0.6671875 0.021875000000000002 0.040625
0 0.7000000000000001 0.66328125 0.025 0.0421875
0 0.7234375000000001 0.7703125000000001 0.025 0.046875
0 0.6984375 0.7640625000000001 0.021875000000000002 0.046875
0 0.5640625 0.6257812500000001 0.025 0.0421875
0 0.8054687500000001 0.71015625 0.0234375 0.0421875
0 0.79609375 0.69453125 0.0203125 0.0421875
0 0.8390625 0.7507812500000001 0.025 0.0390625
0 0.86328125 0.7664062500000001 0.0203125 0.0421875
0 0.5296875 0.6429687500000001 0.021875000000000002 0.0421875
0 0.7093750000000001 0.74765625 0.021875000000000002 0.035937500000000004
0 0.571875 0.49296875 0.040625 0.060937500000000006
0 0.53828125 0.5078125 0.026562500000000003 0.05625
0 0.51171875 0.521875 0.026562500000000003 0.05625
0 0.49062500000000003 0.5375 0.028125 0.05625
0 0.50234375 0.6296875000000001 0.0203125 0.037500000000000006
0 0.52578125 0.62890625 0.0234375 0.035937500000000004
0 0.5484375 0.6296875000000001 0.018750000000000003 0.05
0 0.5593750000000001 0.6359375 0.021875000000000002 0.043750000000000004
0 0.42890625000000004 0.15078125 0.0484375 0.07968750000000001
0 0.3984375 0.31093750000000003 0.043750000000000004 0.078125
0 0.03359375 0.032031250000000004 0.0546875 0.06406250000000001
0 0.018750000000000003 0.0671875 0.034375 0.084375
0 0.25546875 0.26953125 0.035937500000000004 0.0703125
0 0.2921875 0.24921875000000002 0.034375 0.0703125
0 0.31484375000000003 0.25078125 0.0234375 0.0578125
0 0.28750000000000003 0.041406250000000006 0.05 0.08281250000000001
0 0.32656250000000003 0.35859375000000004 0.043750000000000004 0.0765625
0 0.29921875000000003 0.36875 0.035937500000000004 0.078125
0 0.35546875 0.35703125 0.0390625 0.0734375
0 0.38515625000000003 0.32734375000000004 0.035937500000000004 0.07968750000000001
0 0.37890625 0.38359375 0.035937500000000004 0.06406250000000001
0 0.3640625 0.4078125 0.034375 0.0625
0 0.33046875000000003 0.41171875 0.0390625 0.0703125
0 0.23828125 0.45546875000000003 0.0390625 0.06406250000000001
0 0.20234375000000002 0.45859375 0.0328125 0.060937500000000006
0 0.31640625 0.42421875000000003 0.029687500000000002 0.0578125
0 0.40468750000000003 0.48750000000000004 0.028125 0.05625
0 0.4296875 0.47500000000000003 0.028125 0.05625
0 0.36484375 0.56875 0.035937500000000004 0.059375000000000004
0 0.371875 0.53671875 0.028125 0.051562500000000004
0 0.3015625 0.6218750000000001 0.028125 0.053125000000000006
0 0.31171875000000004 0.59375 0.026562500000000003 0.043750000000000004
0 0.16953125000000002 0.57265625 0.0328125 0.06406250000000001
0 0.14296875 0.60078125 0.045312500000000006 0.06406250000000001
0 0.178125 0.7296875 0.037500000000000006 0.0625
0 0.37343750000000003 0.67109375 0.034375 0.051562500000000004
0 0.35859375000000004 0.6671875 0.029687500000000002 0.053125000000000006
0 0.19765625 0.7156250000000001 0.029687500000000002 0.043750000000000004
0 0.16718750000000002 0.86640625 0.040625 0.060937500000000006
0 0.19062500000000002 0.8984375 0.034375 0.0625
0 0.2234375 0.8851562500000001 0.034375 0.0671875
0 0.33046875000000003 0.8421875000000001 0.029687500000000002 0.05
0 0.34140625 0.8093750000000001 0.029687500000000002 0.05
0 0.36250000000000004 0.8390625 0.03125 0.05625
0 0.38906250000000003 0.8109375000000001 0.040625 0.05625
0 0.41484375 0.7406250000000001 0.035937500000000004 0.05
0 0.43515625 0.7375 0.029687500000000002 0.053125000000000006
0 0.4546875 0.7484375000000001 0.028125 0.046875
0 0.5710937500000001 0.7828125 0.026562500000000003 0.05
0 0.60703125 0.9265625000000001 0.029687500000000002 0.05625
0 0.6218750000000001 0.8929687500000001 0.028125 0.051562500000000004
0 0.53671875 0.83984375 0.029687500000000002 0.0578125
0 0.55390625 0.815625 0.026562500000000003 0.043750000000000004
0 0.546875 0.7765625 0.025 0.046875
0 0.60546875 0.8578125000000001 0.029687500000000002 0.046875
0 0.58828125 0.8890625000000001 0.026562500000000003 0.053125000000000006
0 0.609375 0.77265625 0.028125 0.0421875
0 0.41718750000000004 0.19921875 0.034375 0.06406250000000001
0 0.225 0.47421875 0.034375 0.0578125
0 0.25 0.4765625 0.025 0.05
