0 0.8578125000000001 0.16796875 0.096875 0.1796875
0 0.55625 0.1703125 0.09062500000000001 0.15625
0 0.47734375 0.17500000000000002 0.09843750000000001 0.1625
0 0.9750000000000001 0.1796875 0.046875 0.178125
0 0.2390625 0.18046875 0.084375 0.1640625
0 0.010937500000000001 0.2234375 0.018750000000000003 0.1375
0 0.7781250000000001 0.225 0.09375 0.153125
0 0.3828125 0.24609375 0.08750000000000001 0.2015625
0 0.57265625 0.265625 0.1046875 0.125
0 0.80859375 0.26640625 0.0703125 0.11406250000000001
0 0.30781250000000004 0.27578125000000003 0.08125 0.1421875
0 0.9546875 0.27734375 0.08750000000000001 0.1796875
0 0.04609375 0.29609375 0.0890625 0.1546875
0 0.4890625 0.309375 0.078125 0.12812500000000002
0 0.2328125 0.34765625 0.06875 0.1484375
0 0.55625 0.353125 0.0625 0.078125
0 0.30546875 0.38359375 0.0734375 0.0921875
0 0.628125 0.3875 0.07187500000000001 0.12187500000000001
0 0.5734375 0.4140625 0.05625 0.12187500000000001
0 0.2515625 0.4234375 0.05625 0.059375000000000004
0 0.85859375 0.42734375 0.0890625 0.08281250000000001
0 0.7039062500000001 0.42890625000000004 0.051562500000000004 0.11406250000000001
0 0.7835937500000001 0.434375 0.0578125 0.125
0 0.75703125 0.44062500000000004 0.0546875 0.1125
0 0.665625 0.4421875 0.05 0.115625
0 0.6179687500000001 0.45703125 0.0546875 0.1078125
0 0.31015625 0.46640625 0.051562500000000004 0.08281250000000001
0 0.8796875000000001 0.4703125 0.053125000000000006 0.125
0 0.9851562500000001 0.47968750000000004 0.026562500000000003 0.065625
0 0.93359375 0.48203125 0.06406250000000001 0.1171875
0 0.26484375 0.48671875000000003 0.0421875 0.1046875
0 0.34609375000000003 0.48828125 0.0484375 0.1078125
0 0.73359375 0.49140625000000004 0.0328125 0.0671875
0 0.7562500000000001 0.51328125 0.03125 0.045312500000000006
0 0.309375 0.5398437500000001 0.046875 0.0765625
0 0.97265625 0.5398437500000001 0.051562500000000004 0.1265625
0 0.3828125 0.5484375 0.037500000000000006 0.084375
0 0.43125 0.54921875 0.046875 0.06406250000000001
0 0.7078125000000001 0.54921875 0.043750000000000004 0.0921875
0 0.22812500000000002 0.55234375 0.037500000000000006 0.0734375
0 0.6742187500000001 0.5554687500000001 0.045312500000000006 0.0484375
0 0.9015625 0.55859375 0.046875 0.0703125
0 0.8234375 0.56640625 0.046875 0.07968750000000001
0 0.10625000000000001 0.5671875000000001 0.046875 0.1125
0 0.53046875 0.56953125 0.026562500000000003 0.051562500000000004
0 0.5046875000000001 0.5710937500000001 0.037500000000000006 0.0765625
0 0.3515625 0.57734375 0.043750000000000004 0.07968750000000001
0 0.2 0.578125 0.040625 0.084375
0 0.14921875 0.59609375 0.045312500000000006 0.1171875
0 0.2921875 0.59765625 0.028125 0.060937500000000006
0 0.8828125 0.59765625 0.034375 0.06406250000000001
0 0.6023437500000001 0.5984375000000001 0.045312500000000006 0.09062500000000001
0 0.4859375 0.60078125 0.040625 0.0703125
0 0.31640625 0.6015625 0.035937500000000004 0.046875
0 0.45078125 0.6023437500000001 0.0328125 0.0671875
0 0.68515625 0.6039062500000001 0.045312500000000006 0.0921875
0 0.26640625 0.6046875 0.035937500000000004 0.05
0 0.8523437500000001 0.609375 0.0421875 0.08125
0 0.415625 0.6101562500000001 0.028125 0.06406250000000001
0 0.6492187500000001 0.6117187500000001 0.0390625 0.0859375
0 0.08046875 0.6195312500000001 0.0328125 0.06406250000000001
0 0.22968750000000002 0.6234375000000001 0.03125 0.053125000000000006
0 0.53515625 0.6265625 0.0390625 0.09062500000000001
0 0.43593750000000003 0.63046875 0.034375 0.0703125
0 0.40234375 0.6328125 0.026562500000000003 0.0625
0 0.57265625 0.6351562500000001 0.0390625 0.09531250000000001
0 0.34140625 0.63984375 0.0390625 0.0484375
0 0.75703125 0.63984375 0.0328125 0.0671875
0 0.8757812500000001 0.6453125000000001 0.0328125 0.046875
0 0.7984375 0.6484375 0.037500000000000006 0.07500000000000001
0 0.96015625 0.6507812500000001 0.0328125 0.0765625
0 0.2484375 0.6531250000000001 0.025 0.034375
0 0.29921875000000003 0.6531250000000001 0.0328125 0.059375000000000004
0 0.9164062500000001 0.65390625 0.0390625 0.0703125
0 0.9875 0.6546875000000001 0.021875000000000002 0.09062500000000001
0 0.49375 0.6585937500000001 0.028125 0.051562500000000004
0 0.6390625000000001 0.66015625 0.03125 0.0734375
0 0.8367187500000001 0.6609375000000001 0.026562500000000003 0.07187500000000001
0 0.47500000000000003 0.66328125 0.021875000000000002 0.0546875
0 0.6203125 0.6664062500000001 0.025 0.0546875
0 0.7328125000000001 0.6664062500000001 0.03125 0.060937500000000006
0 0.7796875000000001 0.66953125 0.034375 0.06406250000000001
0 0.71640625 0.6742187500000001 0.026562500000000003 0.06406250000000001
0 0.07109375 0.675 0.0234375 0.05
0 0.38359375 0.67578125 0.0234375 0.0390625
0 0.665625 0.6781250000000001 0.03125 0.05
0 0.8703125 0.6796875 0.028125 0.046875
0 0.09609375 0.6796875 0.026562500000000003 0.037500000000000006
0 0.0421875 0.6804687500000001 0.034375 0.06406250000000001
0 0.40390625 0.6843750000000001 0.0171875 0.053125000000000006
0 0.45 0.68671875 0.028125 0.0578125
0 0.6000000000000001 0.6898437500000001 0.03125 0.0671875
0 0.85078125 0.69140625 0.0203125 0.0578125
0 0.90234375 0.69296875 0.0328125 0.060937500000000006
0 0.80390625 0.7039062500000001 0.029687500000000002 0.051562500000000004
0 0.9382812500000001 0.7132812500000001 0.0390625 0.0546875
0 0.7664062500000001 0.084375 0.0890625 0.15937500000000002
0 0.30859375 0.153125 0.0890625 0.15937500000000002
