0 0.23750000000000002 0.3953125 0.240625 0.340625
0 0.4296875 0.3296875 0.259375 0.31562500000000004
0 0.765625 0.3328125 0.28125 0.31562500000000004
0 0.5828125000000001 0.49531250000000004 0.25 0.359375
0 0.9296875 0.21406250000000002 0.115625 0.29375
0 0.78515625 0.5398437500000001 0.1921875 0.2109375
0 0.24765625000000002 0.80078125 0.2546875 0.3453125
0 0.44843750000000004 0.784375 0.2625 0.3375
0 0.0390625 0.77734375 0.078125 0.35781250000000003
0 0.10078125 0.8453125 0.2015625 0.30625
0 0.75546875 0.6328125 0.17343750000000002 0.246875
0 0.8875000000000001 0.57421875 0.146875 0.2515625
0 0.7953125000000001 0.8031250000000001 0.134375 0.153125
0 0.8890625000000001 0.76875 0.1125 0.140625
