0 0.16640625 0.9554687500000001 0.1953125 0.0859375
0 0.35781250000000003 0.93515625 0.24375000000000002 0.1265625
0 0.34140625 0.78828125 0.2015625 0.13593750000000002
0 0.484375 0.8523437500000001 0.22187500000000002 0.15781250000000002
0 0.43046875 0.76171875 0.18906250000000002 0.15156250000000002
0 0.6046875 0.83203125 0.146875 0.11406250000000001
0 0.6453125000000001 0.7312500000000001 0.2 0.11875000000000001
0 0.6414062500000001 0.53515625 0.21406250000000002 0.1421875
0 0.6671875 0.6375000000000001 0.215625 0.146875
0 0.74375 0.3640625 0.215625 0.15000000000000002
0 0.8234375 0.56875 0.19062500000000002 0.134375
0 0.696875 0.4859375 0.17500000000000002 0.12812500000000002
0 0.81796875 0.45234375000000004 0.18906250000000002 0.1203125
0 0.5859375 0.3375 0.1375 0.10312500000000001
0 0.496875 0.2578125 0.146875 0.11875000000000001
0 0.6218750000000001 0.15937500000000002 0.178125 0.15000000000000002
0 0.7578125 0.20859375000000002 0.171875 0.1390625
0 0.89375 0.18359375 0.15625 0.11406250000000001
0 0.8210937500000001 0.11484375000000001 0.19843750000000002 0.1171875
0 0.6671875 0.09921875000000001 0.17500000000000002 0.1078125
0 0.93671875 0.1 0.1234375 0.065625
