0 0.39609375 0.40546875000000004 0.3453125 0.2671875
0 0.65390625 0.35234375 0.3296875 0.2421875
0 0.36015625 0.640625 0.2765625 0.22812500000000002
0 0.4859375 0.7953125000000001 0.31562500000000004 0.22812500000000002
0 0.3796875 0.90234375 0.33437500000000003 0.1921875
0 0.8359375 0.6953125 0.259375 0.1875
0 0.7734375 0.8109375000000001 0.24375000000000002 0.171875
0 0.734375 0.1953125 0.309375 0.21875
0 0.60703125 0.12265625000000001 0.31093750000000003 0.20468750000000002
0 0.625 0.045312500000000006 0.28125 0.05
0 0.5593750000000001 0.56640625 0.309375 0.2546875
0 0.625 0.50703125 0.24375000000000002 0.1765625
0 0.8812500000000001 0.57421875 0.13125 0.1015625
