0 0.1640625 0.8093750000000001 0.23125 0.22812500000000002
0 0.8390625 0.18515625000000002 0.19687500000000002 0.1921875
0 0.4453125 0.23203125000000002 0.16875 0.1765625
0 0.62421875 0.26484375 0.1859375 0.2109375
0 0.43281250000000004 0.48203125 0.203125 0.1015625
0 0.83984375 0.54140625 0.20468750000000002 0.18906250000000002
0 0.42812500000000003 0.553125 0.18125000000000002 0.16875
0 0.3203125 0.60546875 0.21875 0.19843750000000002
0 0.5421875 0.6203125 0.184375 0.19687500000000002
0 0.71484375 0.6265625 0.2078125 0.184375
0 0.30078125 0.7093750000000001 0.1703125 0.13125
