0 0.13046875 0.13359375 0.1609375 0.19843750000000002
0 0.27421875 0.275 0.1296875 0.2
0 0.41328125000000004 0.17421875 0.16718750000000002 0.2234375
0 0.5750000000000001 0.16875 0.1375 0.23750000000000002
0 0.71015625 0.30390625000000004 0.1421875 0.2328125
0 0.84921875 0.2 0.1609375 0.225
0 0.10703125000000001 0.38828125 0.17343750000000002 0.26406250000000003
0 0.26484375 0.53359375 0.13593750000000002 0.2578125
0 0.40703125 0.41796875 0.1484375 0.24531250000000002
0 0.56796875 0.41015625 0.1609375 0.2859375
0 0.7265625 0.55390625 0.0125 0.2578125
0 0.4 0.6890625 0.05 0.22812500000000002
0 0.5703125 0.6820312500000001 0.07500000000000001 0.2421875
0 0.0890625 0.66171875 0.17500000000000002 0.2578125
0 0.8625 0.44609375 0.037500000000000006 0.2546875
0 0.7234375000000001 0.8375 0.0125 0.25
0 0.58359375 0.9085937500000001 0.1796875 0.1796875
0 0.23593750000000002 0.85859375 0.07500000000000001 0.24531250000000002
0 0.3953125 0.921875 0.178125 0.07500000000000001
0 0.8796875000000001 0.73046875 0.17500000000000002 0.24531250000000002
0 0.08203125 0.91171875 0.1609375 0.16718750000000002
0 0.88671875 0.92734375 0.1921875 0.1421875
