0 0.07578125000000001 0.6882812500000001 0.15156250000000002 0.1078125
0 0.08984375 0.5078125 0.1796875 0.12187500000000001
0 0.36328125 0.7250000000000001 0.17343750000000002 0.09375
0 0.47265625 0.79296875 0.21406250000000002 0.1015625
0 0.30859375 0.7890625 0.17343750000000002 0.09062500000000001
0 0.30000000000000004 0.8601562500000001 0.1375 0.0890625
0 0.42265625 0.91328125 0.16718750000000002 0.0921875
0 0.5140625 0.9632812500000001 0.171875 0.0703125
0 0.759375 0.7625000000000001 0.140625 0.06875
0 0.7890625 0.81953125 0.12812500000000002 0.0671875
0 0.69453125 0.7859375000000001 0.1046875 0.06875
0 0.6976562500000001 0.72421875 0.09531250000000001 0.0578125
0 0.78125 0.7171875000000001 0.125 0.084375
0 0.51796875 0.57578125 0.1171875 0.0765625
0 0.5109375 0.51328125 0.146875 0.08281250000000001
0 0.5476562500000001 0.44609375 0.1609375 0.1015625
0 0.47500000000000003 0.36015625 0.140625 0.07968750000000001
0 0.54609375 0.33046875000000003 0.16718750000000002 0.0890625
0 0.6171875 0.37265625 0.140625 0.0734375
0 0.7453125 0.3828125 0.134375 0.06875
0 0.71640625 0.3140625 0.11093750000000001 0.0625
0 0.5953125 0.29921875000000003 0.153125 0.07968750000000001
0 0.721875 0.5476562500000001 0.140625 0.0734375
0 0.6015625 0.54453125 0.140625 0.08281250000000001
0 0.6125 0.4859375 0.134375 0.07500000000000001
0 0.6140625000000001 0.584375 0.12812500000000002 0.07187500000000001
0 0.553125 0.5984375000000001 0.12812500000000002 0.07500000000000001
0 0.07734375 0.27187500000000003 0.1546875 0.109375
0 0.1234375 0.19296875000000002 0.19062500000000002 0.09843750000000001
0 0.10234375000000001 0.10703125000000001 0.20468750000000002 0.11406250000000001
0 0.16328125000000002 0.19609375 0.22031250000000002 0.1046875
0 0.0328125 0.18203125 0.065625 0.1078125
0 0.15078125 0.0890625 0.1796875 0.1
0 0.553125 0.11015625000000001 0.15000000000000002 0.09531250000000001
0 0.49531250000000004 0.1546875 0.115625 0.0625
0 0.42500000000000004 0.27890625 0.1375 0.0859375
0 0.6312500000000001 0.08828125 0.12187500000000001 0.06406250000000001
