0 0.640625 0.53828125 0.259375 0.4546875
0 0.38359375 0.51953125 0.2015625 0.35781250000000003
0 0.5375 0.4765625 0.240625 0.42500000000000004
0 0.6804687500000001 0.43671875000000004 0.22031250000000002 0.3640625
0 0.32421875 0.38359375 0.16718750000000002 0.2921875
0 0.38671875 0.10390625 0.2265625 0.2078125
0 0.12890625 0.7210937500000001 0.1078125 0.1609375
0 0.31093750000000003 0.7875000000000001 0.09062500000000001 0.15000000000000002
0 0.33359375 0.71875 0.0703125 0.12812500000000002
0 0.25078125 0.79296875 0.09843750000000001 0.1390625
0 0.78515625 0.60859375 0.09531250000000001 0.1453125
