0 0.41250000000000003 0.31953125000000004 0.134375 0.1765625
0 0.49296875 0.09765625 0.1421875 0.1609375
0 0.63828125 0.1125 0.1265625 0.043750000000000004
0 0.53359375 0.22265625 0.1453125 0.1421875
0 0.3171875 0.57421875 0.15000000000000002 0.0921875
0 0.4453125 0.4625 0.15625 0.16562500000000002
0 0.6882812500000001 0.23828125 0.1296875 0.1640625
0 0.5750000000000001 0.34687500000000004 0.009375000000000001 0.14375000000000002
0 0.6046875 0.48203125 0.140625 0.045312500000000006
0 0.7351562500000001 0.37734375000000003 0.010937500000000001 0.1609375
0 0.8515625 0.27109375 0.140625 0.045312500000000006
0 0.80234375 0.12812500000000002 0.1421875 0.15625
0 0.9304687500000001 0.15937500000000002 0.1078125 0.16562500000000002
0 0.83515625 0.6390625000000001 0.1546875 0.22187500000000002
0 0.69453125 0.7734375 0.010937500000000001 0.17500000000000002
0 0.47968750000000004 0.59765625 0.053125000000000006 0.1765625
0 0.3453125 0.71875 0.178125 0.1875
0 0.5296875 0.74921875 0.134375 0.1953125
0 0.3875 0.87421875 0.18125000000000002 0.1703125
0 0.20625000000000002 0.83359375 0.16562500000000002 0.0484375
0 0.5609375 0.8734375000000001 0.15937500000000002 0.153125
0 0.65234375 0.62265625 0.1484375 0.18906250000000002
0 0.7820312500000001 0.49531250000000004 0.15156250000000002 0.15625
0 0.90390625 0.39375000000000004 0.1390625 0.19687500000000002
