0 0.84375 0.4703125 0.1125 0.171875
0 0.7054687500000001 0.41015625 0.0921875 0.11406250000000001
0 0.80625 0.42578125 0.109375 0.1421875
0 0.7351562500000001 0.4921875 0.0859375 0.10625000000000001
0 0.75703125 0.55 0.09531250000000001 0.14375000000000002
0 0.88203125 0.56015625 0.0421875 0.0671875
0 0.14140625 0.48203125 0.0421875 0.0671875
0 0.16171875000000002 0.48828125 0.0421875 0.060937500000000006
0 0.178125 0.5085937500000001 0.037500000000000006 0.060937500000000006
0 0.35859375000000004 0.5171875 0.0390625 0.053125000000000006
0 0.32656250000000003 0.51875 0.028125 0.040625
0 0.30703125000000003 0.5484375 0.0328125 0.05625
0 0.36484375 0.54609375 0.0328125 0.0484375
0 0.321875 0.5578125 0.028125 0.040625
0 0.4578125 0.55703125 0.034375 0.0484375
0 0.19062500000000002 0.7406250000000001 0.040625 0.065625
0 0.43828125 0.26953125 0.035937500000000004 0.051562500000000004
0 0.52109375 0.24531250000000002 0.035937500000000004 0.0625
0 0.49296875 0.24296875 0.035937500000000004 0.051562500000000004
0 0.4765625 0.25625000000000003 0.03125 0.043750000000000004
0 0.5953125 0.63046875 0.046875 0.0578125
0 0.6882812500000001 0.6265625 0.0421875 0.05625
0 0.79453125 0.80625 0.045312500000000006 0.0625
0 0.78125 0.7828125 0.040625 0.065625
0 0.66953125 0.8656250000000001 0.045312500000000006 0.06875
0 0.39765625000000004 0.7296875 0.0328125 0.05
0 0.42500000000000004 0.7359375 0.034375 0.05
0 0.40859375000000003 0.7742187500000001 0.0328125 0.0546875
0 0.38671875 0.8109375000000001 0.035937500000000004 0.065625
0 0.3921875 0.86640625 0.034375 0.0390625
0 0.57421875 0.6390625000000001 0.0421875 0.06875
0 0.5390625 0.6671875 0.037500000000000006 0.0625
0 0.56953125 0.83203125 0.0328125 0.0484375
0 0.415625 0.29140625000000003 0.034375 0.0484375
0 0.671875 0.56640625 0.040625 0.060937500000000006
0 0.65625 0.61640625 0.03125 0.035937500000000004
0 0.25 0.63828125 0.03125 0.0421875
