0 0.8984375 0.17500000000000002 0.059375000000000004 0.09375
0 0.84375 0.1609375 0.059375000000000004 0.09062500000000001
0 0.98828125 0.134375 0.0203125 0.07500000000000001
0 0.9789062500000001 0.215625 0.0390625 0.07187500000000001
0 0.91328125 0.17109375000000002 0.0546875 0.0859375
0 0.775 0.16640625 0.0625 0.09843750000000001
0 0.74609375 0.20078125000000002 0.0703125 0.09843750000000001
0 0.69296875 0.22578125000000002 0.060937500000000006 0.0859375
0 0.64375 0.21953125 0.059375000000000004 0.09843750000000001
0 0.7367187500000001 0.33046875000000003 0.0390625 0.0703125
0 0.7953125000000001 0.296875 0.05 0.078125
0 0.8656250000000001 0.3609375 0.043750000000000004 0.06875
0 0.8578125000000001 0.3984375 0.043750000000000004 0.0625
0 0.9750000000000001 0.27187500000000003 0.046875 0.078125
0 0.9875 0.44140625 0.021875000000000002 0.051562500000000004
0 0.47890625000000003 0.32890625 0.051562500000000004 0.0734375
0 0.4078125 0.18828125 0.05625 0.09843750000000001
0 0.390625 0.15000000000000002 0.05625 0.1
0 0.40546875000000004 0.36484375 0.0421875 0.0671875
0 0.43359375 0.37421875000000004 0.0390625 0.060937500000000006
0 0.51796875 0.45078125 0.035937500000000004 0.0484375
0 0.5390625 0.47187500000000004 0.028125 0.046875
0 0.5921875 0.45234375000000004 0.034375 0.0546875
0 0.6156250000000001 0.4546875 0.037500000000000006 0.053125000000000006
0 0.6429687500000001 0.48203125 0.035937500000000004 0.0546875
0 0.8187500000000001 0.48046875 0.03125 0.0484375
0 0.78046875 0.46640625 0.035937500000000004 0.0484375
0 0.74765625 0.49921875000000004 0.026562500000000003 0.0421875
0 0.6937500000000001 0.4390625 0.03125 0.043750000000000004
0 0.6843750000000001 0.51796875 0.025 0.0421875
0 0.6671875 0.53515625 0.021875000000000002 0.045312500000000006
0 0.85703125 0.484375 0.029687500000000002 0.037500000000000006
0 0.97421875 0.45937500000000003 0.029687500000000002 0.05
0 0.9875 0.46015625000000004 0.021875000000000002 0.0546875
0 0.95234375 0.51796875 0.029687500000000002 0.0484375
0 0.96640625 0.56484375 0.029687500000000002 0.0421875
0 0.8953125000000001 0.496875 0.028125 0.043750000000000004
0 0.8695312500000001 0.5140625 0.035937500000000004 0.05625
0 0.78671875 0.49843750000000003 0.029687500000000002 0.043750000000000004
0 0.84140625 0.48828125 0.026562500000000003 0.0484375
0 0.7578125 0.55234375 0.021875000000000002 0.0328125
0 0.73984375 0.5554687500000001 0.0203125 0.0421875
0 0.7234375000000001 0.55859375 0.021875000000000002 0.035937500000000004
0 0.7000000000000001 0.55234375 0.021875000000000002 0.0328125
0 0.5398437500000001 0.52109375 0.0234375 0.035937500000000004
0 0.5164062500000001 0.484375 0.026562500000000003 0.043750000000000004
0 0.484375 0.45937500000000003 0.028125 0.040625
0 0.47578125000000004 0.47734375 0.026562500000000003 0.0421875
0 0.47421875 0.36796875 0.035937500000000004 0.060937500000000006
0 0.45937500000000003 0.3359375 0.037500000000000006 0.07187500000000001
0 0.4859375 0.53671875 0.021875000000000002 0.0328125
0 0.30078125 0.07421875 0.060937500000000006 0.0390625
0 0.35468750000000004 0.10546875 0.0625 0.0859375
0 0.15703125 0.25234375000000003 0.051562500000000004 0.08281250000000001
0 0.09375 0.30078125 0.05 0.0703125
0 0.1390625 0.28046875 0.046875 0.0578125
0 0.18046875 0.27265625 0.051562500000000004 0.08281250000000001
0 0.30859375 0.31953125000000004 0.0421875 0.0671875
0 0.26328125 0.36250000000000004 0.0484375 0.07187500000000001
0 0.23359375000000002 0.37578125 0.0390625 0.0671875
0 0.13828125 0.3640625 0.0484375 0.06875
0 0.16562500000000002 0.38593750000000004 0.043750000000000004 0.078125
0 0.15703125 0.42734375 0.0328125 0.0546875
0 0.1203125 0.434375 0.037500000000000006 0.05625
0 0.15234375 0.45625000000000004 0.0390625 0.065625
0 0.20859375000000002 0.49296875 0.035937500000000004 0.051562500000000004
0 0.31093750000000003 0.4765625 0.03125 0.046875
0 0.3375 0.46718750000000003 0.028125 0.043750000000000004
0 0.353125 0.4375 0.03125 0.043750000000000004
0 0.296875 0.38515625000000003 0.040625 0.0671875
0 0.3328125 0.34687500000000004 0.046875 0.078125
0 0.35234375 0.35234375 0.035937500000000004 0.0671875
0 0.34609375000000003 0.17109375000000002 0.0703125 0.1015625
0 0.1953125 0.52890625 0.034375 0.051562500000000004
0 0.22031250000000002 0.5375 0.028125 0.046875
0 0.3359375 0.5 0.028125 0.037500000000000006
0 0.39453125 0.55390625 0.0234375 0.0328125
0 0.09375 0.42890625000000004 0.03125 0.045312500000000006
0 0.08750000000000001 0.44140625 0.03125 0.035937500000000004
0 0.05 0.4609375 0.025 0.040625
0 0.93359375 0.6062500000000001 0.026562500000000003 0.043750000000000004
0 0.371875 0.55703125 0.018750000000000003 0.029687500000000002
0 0.31562500000000004 0.57578125 0.015625 0.026562500000000003
0 0.48281250000000003 0.59609375 0.0125 0.0203125
0 0.49921875000000004 0.59375 0.0140625 0.021875000000000002
0 0.66796875 0.19765625 0.045312500000000006 0.0734375
0 0.8015625000000001 0.15000000000000002 0.046875 0.08125
0 0.80859375 0.3609375 0.0390625 0.06875
0 0.7835937500000001 0.31562500000000004 0.045312500000000006 0.07500000000000001
0 0.74765625 0.46171875 0.029687500000000002 0.035937500000000004
0 0.7156250000000001 0.45859375 0.034375 0.0546875
