0 0.1171875 0.26875 0.125 0.19687500000000002
0 0.7718750000000001 0.66953125 0.125 0.19843750000000002
0 0.5015625 0.8421875000000001 0.11875000000000001 0.19375
0 0.4375 0.8890625000000001 0.115625 0.17500000000000002
0 0.36250000000000004 0.33906250000000004 0.1875 0.290625
0 0.43203125000000003 0.14296875 0.1953125 0.2328125
0 0.13125 0.5710937500000001 0.1 0.15781250000000002
0 0.4734375 0.43046875 0.16562500000000002 0.2671875
0 0.509375 0.58515625 0.15625 0.1953125
0 0.8835937500000001 0.64453125 0.11093750000000001 0.1765625
0 0.7601562500000001 0.8125 0.11406250000000001 0.18125000000000002
0 0.39687500000000003 0.20234375000000002 0.18125000000000002 0.2859375
0 0.6273437500000001 0.70859375 0.1171875 0.1765625
0 0.029687500000000002 0.3171875 0.059375000000000004 0.20625000000000002
0 0.055468750000000004 0.41328125000000004 0.11093750000000001 0.2015625
0 0.28671875 0.5859375 0.1171875 0.18125000000000002
