0 0.3609375 0.46171875 0.259375 0.4546875
0 0.61640625 0.48046875 0.2015625 0.35781250000000003
0 0.4625 0.525 0.240625 0.42500000000000004
0 0.31953125000000004 0.56484375 0.22031250000000002 0.3640625
0 0.67734375 0.6179687500000001 0.16718750000000002 0.2921875
0 0.61328125 0.8953125000000001 0.2265625 0.20625000000000002
0 0.87265625 0.28046875 0.1078125 0.1609375
0 0.690625 0.21406250000000002 0.09062500000000001 0.15000000000000002
0 0.6664062500000001 0.2828125 0.0703125 0.12812500000000002
0 0.74921875 0.20859375000000002 0.09843750000000001 0.1390625
0 0.21484375 0.39296875000000003 0.09531250000000001 0.1453125
