0 0.22421875000000002 0.73203125 0.1546875 0.3046875
0 0.13125 0.6414062500000001 0.15937500000000002 0.26406250000000003
0 0.26796875000000003 0.671875 0.1203125 0.23125
0 0.30312500000000003 0.50703125 0.11875000000000001 0.1921875
0 0.46171875 0.49062500000000003 0.17343750000000002 0.290625
0 0.6046875 0.5320312500000001 0.1375 0.2609375
0 0.5437500000000001 0.34765625 0.1375 0.20468750000000002
0 0.7265625 0.5453125 0.146875 0.246875
0 0.7765625 0.6625000000000001 0.171875 0.30312500000000003
0 0.8921875 0.52890625 0.15000000000000002 0.2609375
