0 0.18046875 0.8968750000000001 0.09531250000000001 0.05625
0 0.1640625 0.84375 0.09062500000000001 0.05625
0 0.1421875 0.9890625000000001 0.07500000000000001 0.018750000000000003
0 0.2234375 0.9765625 0.07187500000000001 0.043750000000000004
0 0.1765625 0.91171875 0.084375 0.051562500000000004
0 0.16718750000000002 0.7734375 0.1 0.059375000000000004
0 0.20078125000000002 0.7429687500000001 0.09843750000000001 0.0671875
0 0.225 0.6898437500000001 0.08750000000000001 0.0578125
0 0.21796875000000002 0.640625 0.09843750000000001 0.05625
0 0.33125000000000004 0.72578125 0.07187500000000001 0.035937500000000004
0 0.2984375 0.7859375000000001 0.078125 0.046875
0 0.36484375 0.8523437500000001 0.0703125 0.0421875
0 0.40234375 0.84140625 0.06406250000000001 0.0421875
0 0.27968750000000003 0.96796875 0.078125 0.0484375
0 0.4453125 0.9929687500000001 0.05 0.010937500000000001
0 0.44921875 0.9734375000000001 0.051562500000000004 0.03125
0 0.32109375 0.46953125 0.0734375 0.0484375
0 0.1796875 0.4078125 0.096875 0.053125000000000006
0 0.140625 0.3921875 0.1 0.053125000000000006
0 0.35468750000000004 0.39375000000000004 0.06875 0.040625
0 0.36640625000000004 0.421875 0.060937500000000006 0.037500000000000006
0 0.44453125000000004 0.5 0.0484375 0.034375
0 0.465625 0.51953125 0.046875 0.026562500000000003
0 0.44843750000000004 0.5734375 0.053125000000000006 0.03125
0 0.45156250000000003 0.5984375000000001 0.053125000000000006 0.034375
0 0.47968750000000004 0.62265625 0.053125000000000006 0.0328125
0 0.48281250000000003 0.79609375 0.05 0.029687500000000002
0 0.46796875000000004 0.759375 0.0484375 0.034375
0 0.5007812500000001 0.72578125 0.0421875 0.026562500000000003
0 0.4390625 0.6765625000000001 0.043750000000000004 0.03125
0 0.5164062500000001 0.6625000000000001 0.0421875 0.025
0 0.5320312500000001 0.64375 0.045312500000000006 0.021875000000000002
0 0.48671875000000003 0.8359375 0.0390625 0.028125
0 0.46718750000000003 0.95234375 0.05 0.026562500000000003
0 0.46875 0.97265625 0.053125000000000006 0.029687500000000002
0 0.46640625 0.9906250000000001 0.0546875 0.015625
0 0.5242187500000001 0.9281250000000001 0.0484375 0.028125
0 0.571875 0.9398437500000001 0.043750000000000004 0.029687500000000002
0 0.5015625 0.8734375000000001 0.043750000000000004 0.028125
0 0.51796875 0.8445312500000001 0.0546875 0.0328125
0 0.5007812500000001 0.76484375 0.045312500000000006 0.029687500000000002
0 0.49140625000000004 0.8203125 0.0484375 0.025
0 0.553125 0.73203125 0.034375 0.0203125
0 0.5554687500000001 0.7132812500000001 0.0421875 0.0203125
0 0.55703125 0.69921875 0.035937500000000004 0.0203125
0 0.5515625000000001 0.67578125 0.034375 0.0203125
0 0.5164062500000001 0.51875 0.035937500000000004 0.021875000000000002
0 0.478125 0.49609375 0.043750000000000004 0.026562500000000003
0 0.453125 0.46640625 0.040625 0.026562500000000003
0 0.46953125 0.45703125 0.0421875 0.026562500000000003
0 0.36015625 0.4625 0.060937500000000006 0.034375
0 0.32734375000000004 0.45 0.0734375 0.034375
0 0.5296875 0.46328125000000003 0.034375 0.0203125
0 0.065625 0.30781250000000004 0.037500000000000006 0.059375000000000004
0 0.09531250000000001 0.359375 0.08750000000000001 0.059375000000000004
0 0.23515625 0.15390625000000002 0.08281250000000001 0.0484375
0 0.28203125 0.08828125 0.0703125 0.0484375
0 0.26328125 0.134375 0.0578125 0.043750000000000004
0 0.25703125 0.17578125 0.08281250000000001 0.0484375
0 0.30781250000000004 0.30000000000000004 0.06875 0.040625
0 0.3484375 0.25234375000000003 0.07187500000000001 0.045312500000000006
0 0.36171875000000003 0.22187500000000002 0.0671875 0.037500000000000006
0 0.34687500000000004 0.12812500000000002 0.06875 0.046875
0 0.36875 0.153125 0.078125 0.040625
0 0.4109375 0.14296875 0.053125000000000006 0.029687500000000002
0 0.41718750000000004 0.10625000000000001 0.05625 0.034375
0 0.4390625 0.1375 0.065625 0.037500000000000006
0 0.47890625000000003 0.18828125 0.051562500000000004 0.0328125
0 0.46406250000000004 0.29296875 0.046875 0.029687500000000002
0 0.45625000000000004 0.3203125 0.043750000000000004 0.028125
0 0.4265625 0.3375 0.043750000000000004 0.03125
0 0.37265625 0.28359375000000003 0.0671875 0.0390625
0 0.3359375 0.321875 0.078125 0.043750000000000004
0 0.34140625 0.340625 0.0671875 0.034375
0 0.15937500000000002 0.34765625 0.10312500000000001 0.0671875
0 0.51328125 0.17343750000000002 0.051562500000000004 0.03125
0 0.521875 0.19765625 0.046875 0.026562500000000003
0 0.48750000000000004 0.31640625 0.037500000000000006 0.026562500000000003
0 0.5453125 0.371875 0.034375 0.021875000000000002
0 0.41015625 0.07968750000000001 0.045312500000000006 0.03125
0 0.4234375 0.07265625 0.034375 0.029687500000000002
0 0.4421875 0.03515625 0.040625 0.0234375
0 0.6125 0.90546875 0.043750000000000004 0.026562500000000003
0 0.54609375 0.3484375 0.029687500000000002 0.018750000000000003
0 0.56484375 0.2921875 0.026562500000000003 0.015625
0 0.58984375 0.45546875000000003 0.0203125 0.010937500000000001
0 0.5875 0.47187500000000004 0.021875000000000002 0.0125
0 0.19609375 0.6648437500000001 0.0734375 0.0421875
0 0.15390625000000002 0.8015625000000001 0.08281250000000001 0.043750000000000004
0 0.36250000000000004 0.7953125000000001 0.06875 0.037500000000000006
0 0.31796875 0.7734375 0.0765625 0.043750000000000004
0 0.4625 0.728125 0.037500000000000006 0.028125
0 0.45937500000000003 0.696875 0.053125000000000006 0.03125
