0 0.54140625 0.46640625 0.3953125 0.3640625
0 0.4453125 0.7671875 0.42812500000000003 0.42812500000000003
0 0.2109375 0.51796875 0.421875 0.37343750000000003
0 0.84296875 0.2984375 0.2390625 0.1625
0 0.87890625 0.43828125 0.2015625 0.1484375
0 0.6351562500000001 0.2671875 0.2484375 0.15937500000000002
0 0.44062500000000004 0.23125 0.284375 0.17500000000000002
0 0.20625000000000002 0.26015625000000003 0.26875 0.17343750000000002
0 0.09609375 0.34453125 0.1921875 0.16718750000000002
0 0.9078125 0.5789062500000001 0.146875 0.1765625
