0 0.86328125 0.5242187500000001 0.2546875 0.3515625
0 0.47968750000000004 0.6101562500000001 0.30625 0.44843750000000004
0 0.6585937500000001 0.5 0.2828125 0.41875
0 0.27578125000000003 0.584375 0.2921875 0.44062500000000004
0 0.15078125 0.434375 0.1921875 0.265625
0 0.0578125 0.42890625000000004 0.115625 0.2546875
0 0.35625 0.2421875 0.1 0.134375
0 0.11328125 0.30390625000000004 0.11093750000000001 0.13593750000000002
0 0.18828125 0.27265625 0.11406250000000001 0.1265625
0 0.30000000000000004 0.21953125 0.10312500000000001 0.1296875
0 0.8953125000000001 0.68359375 0.203125 0.3765625
0 0.72578125 0.6882812500000001 0.2328125 0.32656250000000003
