0 0.7757812500000001 0.44843750000000004 0.0859375 0.09062500000000001
0 0.7890625 0.34453125 0.09062500000000001 0.0890625
0 0.796875 0.27421875 0.08750000000000001 0.09531250000000001
0 0.9234375 0.359375 0.10625000000000001 0.109375
0 0.9382812500000001 0.27187500000000003 0.11093750000000001 0.109375
0 0.9437500000000001 0.22421875000000002 0.1 0.09531250000000001
0 0.9 0.28828125 0.096875 0.09531250000000001
0 0.78671875 0.24921875000000002 0.0671875 0.0703125
0 0.7976562500000001 0.19453125000000002 0.0703125 0.0734375
0 0.7312500000000001 0.27265625 0.07187500000000001 0.0765625
0 0.71875 0.19375 0.07500000000000001 0.084375
0 0.6273437500000001 0.53671875 0.0734375 0.0703125
0 0.6429687500000001 0.4625 0.0765625 0.07500000000000001
0 0.63828125 0.40390625 0.0734375 0.07968750000000001
0 0.659375 0.22578125000000002 0.065625 0.0671875
0 0.7195312500000001 0.24531250000000002 0.0671875 0.065625
0 0.48203125 0.6921875000000001 0.06406250000000001 0.0625
0 0.52734375 0.6023437500000001 0.06406250000000001 0.06406250000000001
0 0.52734375 0.553125 0.0671875 0.06875
0 0.51875 0.47500000000000003 0.053125000000000006 0.053125000000000006
0 0.5203125000000001 0.44140625 0.05625 0.0578125
0 0.51953125 0.41328125000000004 0.06406250000000001 0.06406250000000001
0 0.55078125 0.37031250000000004 0.0671875 0.06875
0 0.58828125 0.33046875000000003 0.0671875 0.0703125
0 0.6015625 0.284375 0.07187500000000001 0.06875
0 0.6179687500000001 0.23515625 0.0671875 0.0703125
0 0.6414062500000001 0.18906250000000002 0.060937500000000006 0.0625
0 0.6078125000000001 0.17890625000000002 0.043750000000000004 0.0578125
0 0.5625 0.31796875 0.065625 0.060937500000000006
0 0.57421875 0.27734375 0.06406250000000001 0.06406250000000001
0 0.59609375 0.23046875 0.0546875 0.0578125
0 0.58046875 0.19843750000000002 0.051562500000000004 0.053125000000000006
0 0.47421875 0.46015625000000004 0.051562500000000004 0.0484375
0 0.43671875000000004 0.41640625000000003 0.0421875 0.0421875
0 0.46875 0.43046875 0.046875 0.0421875
0 0.47734375 0.47578125000000004 0.0484375 0.0484375
0 0.53828125 0.26171875 0.045312500000000006 0.0484375
0 0.5375 0.3046875 0.05 0.053125000000000006
0 0.5234375 0.3296875 0.053125000000000006 0.05
0 0.42265625 0.540625 0.051562500000000004 0.05
0 0.971875 0.66171875 0.053125000000000006 0.1078125
0 0.9484375 0.5796875 0.1 0.14375000000000002
0 0.8992187500000001 0.61328125 0.1265625 0.11093750000000001
0 0.8695312500000001 0.6726562500000001 0.11406250000000001 0.11406250000000001
0 0.82734375 0.7562500000000001 0.11093750000000001 0.12187500000000001
0 0.80078125 0.6507812500000001 0.1078125 0.1015625
0 0.8226562500000001 0.6937500000000001 0.11406250000000001 0.109375
0 0.76875 0.7289062500000001 0.125 0.11093750000000001
0 0.7562500000000001 0.7640625000000001 0.10625000000000001 0.096875
0 0.6976562500000001 0.70703125 0.0890625 0.0921875
0 0.6492187500000001 0.7507812500000001 0.09531250000000001 0.1015625
0 0.64765625 0.6570312500000001 0.0765625 0.08281250000000001
0 0.61328125 0.7203125 0.0859375 0.084375
0 0.6101562500000001 0.6625000000000001 0.0890625 0.08750000000000001
0 0.5859375 0.69296875 0.065625 0.0671875
0 0.37343750000000003 0.70703125 0.046875 0.0484375
0 0.38593750000000004 0.6687500000000001 0.046875 0.05
0 0.3671875 0.6484375 0.053125000000000006 0.053125000000000006
0 0.37031250000000004 0.6117187500000001 0.05 0.0484375
0 0.390625 0.58125 0.05 0.05
0 0.39296875000000003 0.5125000000000001 0.0421875 0.037500000000000006
0 0.40703125 0.48515625 0.0421875 0.035937500000000004
0 0.41015625 0.4546875 0.0421875 0.043750000000000004
0 0.3375 0.6859375000000001 0.043750000000000004 0.046875
0 0.33671875 0.7171875000000001 0.0421875 0.037500000000000006
0 0.34140625 0.5828125000000001 0.0390625 0.034375
0 0.3515625 0.56171875 0.043750000000000004 0.0421875
0 0.35625 0.5375 0.037500000000000006 0.034375
0 0.36250000000000004 0.5171875 0.043750000000000004 0.040625
0 0.38671875 0.446875 0.0328125 0.03125
0 0.3765625 0.46171875 0.034375 0.0328125
0 0.35859375000000004 0.47187500000000004 0.0328125 0.034375
0 0.2921875 0.6882812500000001 0.034375 0.035937500000000004
0 0.28828125 0.7351562500000001 0.0421875 0.0421875
0 0.27187500000000003 0.7734375 0.043750000000000004 0.046875
0 0.29296875 0.6625000000000001 0.035937500000000004 0.034375
0 0.30703125000000003 0.6843750000000001 0.026562500000000003 0.03125
0 0.2734375 0.6453125000000001 0.034375 0.034375
0 0.28984375 0.6312500000000001 0.029687500000000002 0.03125
0 0.30078125 0.6062500000000001 0.0328125 0.03125
0 0.31484375000000003 0.609375 0.026562500000000003 0.03125
0 0.3140625 0.5750000000000001 0.040625 0.037500000000000006
0 0.31171875000000004 0.55 0.0421875 0.037500000000000006
0 0.32656250000000003 0.5046875000000001 0.03125 0.03125
0 0.3328125 0.48125 0.03125 0.03125
0 0.3453125 0.4578125 0.03125 0.03125
0 0.23671875 0.6429687500000001 0.035937500000000004 0.035937500000000004
0 0.23515625 0.6171875 0.035937500000000004 0.03125
0 0.21875 0.64375 0.03125 0.03125
0 0.24453125 0.6882812500000001 0.035937500000000004 0.035937500000000004
0 0.24453125 0.7273437500000001 0.035937500000000004 0.035937500000000004
0 0.2328125 0.7546875000000001 0.034375 0.034375
0 0.30546875 0.525 0.029687500000000002 0.03125
0 0.28984375 0.48359375000000004 0.0328125 0.0328125
0 0.28750000000000003 0.50546875 0.034375 0.029687500000000002
0 0.30234375 0.42578125 0.029687500000000002 0.029687500000000002
0 0.26015625000000003 0.5328125 0.026562500000000003 0.028125
0 0.33437500000000003 0.3953125 0.021875000000000002 0.028125
0 0.3125 0.41640625000000003 0.028125 0.0328125
0 0.30703125000000003 0.40390625 0.029687500000000002 0.029687500000000002
0 0.31562500000000004 0.38984375000000004 0.028125 0.029687500000000002
0 0.29531250000000003 0.46640625 0.034375 0.0328125
0 0.30390625000000004 0.45078125 0.029687500000000002 0.0234375
0 0.2734375 0.45234375000000004 0.025 0.0234375
0 0.26328125 0.42812500000000003 0.026562500000000003 0.028125
0 0.22968750000000002 0.45625000000000004 0.025 0.025
0 0.24296875 0.44765625000000003 0.0234375 0.026562500000000003
0 0.284375 0.55390625 0.03125 0.035937500000000004
0 0.278125 0.58203125 0.037500000000000006 0.035937500000000004
0 0.23515625 0.8445312500000001 0.045312500000000006 0.0484375
0 0.24375000000000002 0.8093750000000001 0.043750000000000004 0.040625
0 0.23046875 0.7859375000000001 0.0390625 0.037500000000000006
0 0.225 0.8851562500000001 0.043750000000000004 0.045312500000000006
0 0.27734375 0.92109375 0.0546875 0.0578125
0 0.33515625000000004 0.8375 0.0546875 0.05625
0 0.34296875000000004 0.8773437500000001 0.0578125 0.060937500000000006
0 0.3203125 0.83515625 0.05625 0.0546875
0 0.3203125 0.90234375 0.053125000000000006 0.0546875
0 0.77265625 0.9890625000000001 0.1078125 0.018750000000000003
0 0.78125 0.9390625 0.096875 0.115625
0 0.7578125 0.9085937500000001 0.10312500000000001 0.1015625
0 0.7312500000000001 0.9632812500000001 0.109375 0.0703125
0 0.64453125 0.98828125 0.0890625 0.0203125
0 0.6257812500000001 0.9796875 0.09843750000000001 0.037500000000000006
0 0.6039062500000001 0.94296875 0.0859375 0.0921875
0 0.60078125 0.90546875 0.0921875 0.0921875
0 0.571875 0.9484375 0.09062500000000001 0.09062500000000001
0 0.56484375 0.91171875 0.0765625 0.0765625
0 0.49765625 0.9281250000000001 0.0734375 0.078125
0 0.48125 0.9625 0.07500000000000001 0.07187500000000001
0 0.48984375 0.8984375 0.0765625 0.078125
0 0.42265625 0.978125 0.0734375 0.040625
0 0.40468750000000003 0.96640625 0.06875 0.06406250000000001
0 0.38593750000000004 0.9875 0.059375000000000004 0.021875000000000002
0 0.3015625 0.9773437500000001 0.046875 0.0421875
0 0.27578125000000003 0.971875 0.051562500000000004 0.053125000000000006
0 0.11953125 0.9640625 0.0390625 0.03125
0 0.17265625 0.92109375 0.0390625 0.0390625
0 0.20390625 0.94453125 0.0421875 0.0421875
0 0.21250000000000002 0.9140625 0.046875 0.040625
0 0.23203125000000002 0.7265625 0.026562500000000003 0.03125
0 0.21406250000000002 0.753125 0.03125 0.034375
0 0.43359375 0.32578125 0.0421875 0.0390625
0 0.48750000000000004 0.3515625 0.046875 0.05
0 0.4734375 0.403125 0.043750000000000004 0.040625
0 0.4703125 0.30703125000000003 0.046875 0.0421875
0 0.49296875 0.20468750000000002 0.045312500000000006 0.05
0 0.48046875 0.24296875 0.0390625 0.045312500000000006
0 0.44609375 0.27578125000000003 0.0421875 0.0484375
0 0.43593750000000003 0.3046875 0.043750000000000004 0.037500000000000006
0 0.47109375000000003 0.22265625 0.0484375 0.051562500000000004
0 0.45937500000000003 0.17500000000000002 0.037500000000000006 0.034375
0 0.41015625 0.2015625 0.029687500000000002 0.03125
0 0.40546875000000004 0.3140625 0.0390625 0.034375
0 0.390625 0.36484375 0.040625 0.0421875
0 0.4140625 0.35625 0.043750000000000004 0.043750000000000004
0 0.42734375 0.34375 0.0421875 0.037500000000000006
0 0.31015625 0.3515625 0.029687500000000002 0.028125
0 0.3296875 0.340625 0.028125 0.028125
0 0.33984375 0.32421875 0.029687500000000002 0.026562500000000003
0 0.35000000000000003 0.30625 0.028125 0.028125
0 0.85859375 0.15546875000000002 0.0765625 0.08281250000000001
0 0.7585937500000001 0.1328125 0.0703125 0.07500000000000001
0 0.8382812500000001 0.0859375 0.0765625 0.065625
0 0.7132812500000001 0.13203125000000002 0.0671875 0.0703125
0 0.74921875 0.08515625 0.0703125 0.07968750000000001
0 0.5515625000000001 0.13515625 0.046875 0.0484375
0 0.52109375 0.1390625 0.045312500000000006 0.046875
0 0.53359375 0.11015625000000001 0.0484375 0.0546875
0 0.5171875 0.11093750000000001 0.043750000000000004 0.046875
0 0.465625 0.14765625000000002 0.034375 0.035937500000000004
0 0.48828125 0.1015625 0.0328125 0.034375
0 0.49375 0.0734375 0.037500000000000006 0.037500000000000006
0 0.49843750000000003 0.04609375 0.037500000000000006 0.0234375
0 0.56171875 0.039843750000000004 0.0484375 0.0203125
0 0.6640625 0.06406250000000001 0.059375000000000004 0.0625
0 0.65625 0.10546875 0.05 0.0484375
0 0.6359375 0.0734375 0.040625 0.043750000000000004
0 0.628125 0.07734375 0.046875 0.051562500000000004
0 0.57421875 0.06406250000000001 0.026562500000000003 0.034375
0 0.28515625 0.35078125000000004 0.0234375 0.0234375
0 0.29296875 0.3359375 0.0234375 0.025
0 0.26953125 0.3359375 0.026562500000000003 0.025
0 0.38203125000000004 0.17265625 0.029687500000000002 0.026562500000000003
0 0.38828125 0.15390625000000002 0.029687500000000002 0.026562500000000003
0 0.40234375 0.14296875 0.029687500000000002 0.029687500000000002
0 0.4265625 0.17734375000000002 0.028125 0.029687500000000002
0 0.46406250000000004 0.12187500000000001 0.03125 0.028125
0 0.4734375 0.10078125 0.025 0.0328125
0 0.4703125 0.09375 0.028125 0.028125
0 0.47265625 0.0703125 0.029687500000000002 0.03125
0 0.46796875000000004 0.0484375 0.0328125 0.025
0 0.46953125 0.043750000000000004 0.035937500000000004 0.015625
0 0.48359375000000004 0.041406250000000006 0.026562500000000003 0.010937500000000001
0 0.36328125 0.23750000000000002 0.029687500000000002 0.025
0 0.3640625 0.22578125000000002 0.028125 0.026562500000000003
0 0.35078125000000004 0.0765625 0.0203125 0.018750000000000003
0 0.36171875000000003 0.060937500000000006 0.0203125 0.021875000000000002
0 0.42421875000000003 0.04296875 0.0234375 0.0078125
0 0.43984375000000003 0.04453125 0.0234375 0.0140625
0 0.42421875000000003 0.06875 0.0234375 0.018750000000000003
0 0.4265625 0.109375 0.025 0.025
0 0.453125 0.08984375 0.025 0.026562500000000003
0 0.4375 0.0890625 0.021875000000000002 0.025
0 0.37578125 0.1375 0.0203125 0.018750000000000003
0 0.3671875 0.13203125000000002 0.025 0.026562500000000003
0 0.38671875 0.11953125 0.0203125 0.0234375
0 0.340625 0.06484375 0.021875000000000002 0.0203125
0 0.34609375000000003 0.13593750000000002 0.0171875 0.015625
0 0.37421875000000004 0.3296875 0.035937500000000004 0.034375
0 0.4078125 0.2890625 0.034375 0.03125
0 0.36484375 0.28359375000000003 0.0328125 0.029687500000000002
0 0.3828125 0.265625 0.03125 0.03125
0 0.41171875 0.2546875 0.029687500000000002 0.03125
0 0.42421875000000003 0.253125 0.0328125 0.028125
0 0.44921875 0.21875 0.0390625 0.040625
0 0.209375 0.4609375 0.028125 0.028125
0 0.24921875000000002 0.5578125 0.026562500000000003 0.025
0 0.2828125 0.5296875 0.034375 0.037500000000000006
0 0.37343750000000003 0.3609375 0.03125 0.03125
