0 0.5421875 0.5328125 0.10312500000000001 0.17500000000000002
0 0.7421875 0.3921875 0.10625000000000001 0.16562500000000002
0 0.7296875 0.35781250000000003 0.1 0.12812500000000002
0 0.58515625 0.48359375000000004 0.1078125 0.1609375
0 0.6351562500000001 0.4375 0.0734375 0.12187500000000001
0 0.6734375 0.4734375 0.07500000000000001 0.109375
0 0.70234375 0.6109375 0.0546875 0.08125
0 0.4625 0.62265625 0.05 0.0703125
0 0.6101562500000001 0.5890625 0.0484375 0.07500000000000001
0 0.6421875 0.5789062500000001 0.05 0.07968750000000001
0 0.91953125 0.68359375 0.0921875 0.1546875
0 0.86328125 0.66953125 0.07968750000000001 0.1265625
0 0.6101562500000001 0.9546875 0.0765625 0.08750000000000001
0 0.55625 0.940625 0.078125 0.115625
0 0.21406250000000002 0.84765625 0.15937500000000002 0.22968750000000002
0 0.33515625000000004 0.9031250000000001 0.15781250000000002 0.19062500000000002
0 0.403125 0.6492187500000001 0.043750000000000004 0.0546875
0 0.66171875 0.6578125 0.035937500000000004 0.059375000000000004
0 0.7921875 0.71796875 0.034375 0.0546875
0 0.1171875 0.67578125 0.09062500000000001 0.13593750000000002
0 0.18671875000000002 0.6328125 0.08281250000000001 0.146875
