0 0.3609375 0.37265625 0.184375 0.2234375
0 0.47187500000000004 0.4921875 0.178125 0.22187500000000002
0 0.36562500000000003 0.6765625000000001 0.178125 0.21875
0 0.4921875 0.675 0.15937500000000002 0.21875
0 0.6039062500000001 0.60078125 0.1859375 0.2421875
0 0.8523437500000001 0.46328125000000003 0.1546875 0.2171875
0 0.9460937500000001 0.41875 0.1046875 0.184375
0 0.7664062500000001 0.57578125 0.0734375 0.0859375
0 0.9015625 0.64765625 0.065625 0.09531250000000001
0 0.05078125 0.5734375 0.0734375 0.15000000000000002
