0 0.24375000000000002 0.5320312500000001 0.225 0.24531250000000002
0 0.18906250000000002 0.625 0.246875 0.275
0 0.42265625 0.553125 0.2390625 0.284375
0 0.48828125 0.38203125000000004 0.2484375 0.2328125
0 0.5390625 0.22734375 0.22187500000000002 0.22968750000000002
0 0.67890625 0.2609375 0.2328125 0.240625
0 0.5609375 0.46718750000000003 0.19062500000000002 0.234375
0 0.6671875 0.37421875000000004 0.203125 0.1796875
0 0.66171875 0.034375 0.1609375 0.06875
0 0.8046875 0.0328125 0.153125 0.065625
0 0.69453125 0.06953125 0.1546875 0.1390625
0 0.7265625 0.44062500000000004 0.184375 0.14375000000000002
0 0.6937500000000001 0.5945312500000001 0.15625 0.1703125
0 0.7601562500000001 0.484375 0.1703125 0.19375
