0 0.44843750000000004 0.13359375 0.296875 0.23593750000000002
0 0.37578125 0.32421875 0.24531250000000002 0.19843750000000002
0 0.20859375000000002 0.07109375 0.21406250000000002 0.1421875
0 0.6984375 0.2390625 0.34375 0.25
0 0.59375 0.44765625000000003 0.2625 0.2171875
0 0.509375 0.62265625 0.253125 0.22968750000000002
0 0.28203125 0.5046875000000001 0.2484375 0.20625000000000002
0 0.14375000000000002 0.33125000000000004 0.23125 0.00625
0 0.39687500000000003 0.79609375 0.25 0.21406250000000002
0 0.19140625 0.665625 0.2078125 0.203125
0 0.8625 0.46484375 0.265625 0.2578125
0 0.7937500000000001 0.65625 0.31562500000000004 0.253125
0 0.65625 0.8515625 0.3125 0.225
0 0.8921875 0.8734375000000001 0.178125 0.203125
0 0.08046875 0.49765625 0.1609375 0.1796875
