0 0.48046875 0.49531250000000004 0.15781250000000002 0.10312500000000001
0 0.42890625000000004 0.553125 0.16718750000000002 0.11875000000000001
0 0.5007812500000001 0.6484375 0.1640625 0.10625000000000001
0 0.66796875 0.30390625000000004 0.18281250000000002 0.11406250000000001
0 0.5632812500000001 0.2234375 0.20468750000000002 0.12187500000000001
0 0.9234375 0.371875 0.15000000000000002 0.13125
0 0.59296875 0.29609375 0.2015625 0.1234375
0 0.7312500000000001 0.24609375 0.184375 0.11093750000000001
0 0.4859375 0.4296875 0.13125 0.08750000000000001
0 0.415625 0.66953125 0.19375 0.11406250000000001
0 0.3609375 0.69140625 0.171875 0.1046875
0 0.35234375 0.6171875 0.16718750000000002 0.096875
0 0.8984375 0.55 0.2 0.15000000000000002
0 0.26796875000000003 0.21484375 0.1390625 0.08281250000000001
0 0.26328125 0.16015625 0.16718750000000002 0.09843750000000001
0 0.24375000000000002 0.259375 0.14375000000000002 0.1
0 0.26796875000000003 0.43125 0.1609375 0.09375
0 0.21796875000000002 0.59140625 0.1390625 0.0890625
0 0.23984375000000002 0.6625000000000001 0.1265625 0.08125
0 0.8875000000000001 0.78828125 0.20625000000000002 0.1453125
0 0.8187500000000001 0.8539062500000001 0.20625000000000002 0.1296875
0 0.8203125 0.9187500000000001 0.246875 0.15625
0 0.38515625000000003 0.8765625 0.1703125 0.125
0 0.13515625 0.1765625 0.1421875 0.09375
0 0.125 0.22968750000000002 0.134375 0.07500000000000001
