0 0.11875000000000001 0.25078125 0.125 0.1921875
0 0.7507812500000001 0.64765625 0.1265625 0.1921875
0 0.46796875000000004 0.8210937500000001 0.1171875 0.1859375
0 0.4 0.86875 0.115625 0.16875
0 0.3609375 0.31953125000000004 0.1875 0.27968750000000003
0 0.4421875 0.12265625000000001 0.19687500000000002 0.22031250000000002
0 0.11406250000000001 0.55234375 0.1 0.15156250000000002
0 0.46484375 0.41015625 0.16718750000000002 0.2578125
0 0.4921875 0.565625 0.15625 0.1875
0 0.86328125 0.62265625 0.11093750000000001 0.1703125
0 0.7289062500000001 0.790625 0.11406250000000001 0.17500000000000002
0 0.40468750000000003 0.18359375 0.18125000000000002 0.2765625
0 0.6023437500000001 0.68671875 0.1171875 0.1703125
0 0.028125 0.29765625 0.05625 0.2015625
0 0.051562500000000004 0.39609375 0.10312500000000001 0.1953125
0 0.26875 0.56640625 0.115625 0.17343750000000002
