0 0.6273437500000001 0.17343750000000002 0.09843750000000001 0.10625000000000001
0 0.50625 0.10390625 0.06875 0.0703125
0 0.57578125 0.10703125000000001 0.0765625 0.08281250000000001
0 0.31875000000000003 0.27968750000000003 0.08125 0.084375
0 0.403125 0.31562500000000004 0.09062500000000001 0.09375
0 0.3796875 0.2734375 0.059375000000000004 0.0625
0 0.54609375 0.24609375 0.0890625 0.0890625
0 0.49140625000000004 0.26640625 0.0859375 0.0859375
0 0.57265625 0.41953125 0.0734375 0.0671875
0 0.6843750000000001 0.41953125 0.07500000000000001 0.0703125
0 0.63203125 0.44062500000000004 0.0671875 0.06875
