0 0.18828125 0.1640625 0.1390625 0.21250000000000002
0 0.36640625000000004 0.12109375 0.15781250000000002 0.2328125
0 0.30000000000000004 0.0484375 0.078125 0.053125000000000006
0 0.3984375 0.035937500000000004 0.10625000000000001 0.07187500000000001
0 0.045312500000000006 0.26875 0.078125 0.2
0 0.12421875 0.44062500000000004 0.1078125 0.140625
0 0.19453125000000002 0.42500000000000004 0.1171875 0.178125
0 0.28046875 0.4546875 0.1171875 0.18125000000000002
0 0.30781250000000004 0.5125000000000001 0.125 0.19375
0 0.26015625000000003 0.58125 0.1296875 0.19687500000000002
0 0.21796875000000002 0.5046875000000001 0.09531250000000001 0.10312500000000001
0 0.16015625 0.53515625 0.1046875 0.1421875
0 0.125 0.5640625 0.115625 0.17500000000000002
0 0.10234375000000001 0.6648437500000001 0.1203125 0.1953125
0 0.06953125 0.5875 0.1015625 0.15625
0 0.055468750000000004 0.53046875 0.0765625 0.1421875
0 0.12265625000000001 0.5984375000000001 0.0921875 0.146875
0 0.5906250000000001 0.0703125 0.15000000000000002 0.140625
0 0.66015625 0.026562500000000003 0.1328125 0.053125000000000006
0 0.759375 0.0734375 0.1625 0.146875
0 0.6875 0.08828125 0.13125 0.1765625
0 0.6179687500000001 0.09375 0.1296875 0.1625
0 0.70625 0.11953125 0.134375 0.2171875
0 0.7992187500000001 0.084375 0.1296875 0.16875
0 0.7484375000000001 0.096875 0.10625000000000001 0.1625
0 0.8484375000000001 0.0390625 0.115625 0.078125
0 0.93515625 0.44062500000000004 0.1265625 0.16562500000000002
0 0.97421875 0.51171875 0.0484375 0.1328125
0 0.9382812500000001 0.50234375 0.07968750000000001 0.1046875
0 0.87421875 0.39921875 0.09843750000000001 0.1484375
0 0.8757812500000001 0.46640625 0.09843750000000001 0.1328125
0 0.78046875 0.5398437500000001 0.1078125 0.16718750000000002
0 0.7296875 0.37109375 0.10625000000000001 0.1609375
0 0.6687500000000001 0.43828125 0.109375 0.1703125
0 0.7312500000000001 0.5046875000000001 0.11875000000000001 0.178125
0 0.81640625 0.65390625 0.08281250000000001 0.1234375
0 0.7640625000000001 0.70859375 0.09375 0.1421875
0 0.71875 0.58125 0.10312500000000001 0.1625
0 0.66171875 0.49375 0.0890625 0.1375
0 0.62109375 0.54140625 0.1203125 0.1609375
0 0.54453125 0.52578125 0.1046875 0.15781250000000002
0 0.48359375000000004 0.54609375 0.09531250000000001 0.1234375
0 0.48046875 0.58984375 0.1046875 0.1421875
0 0.51953125 0.65 0.09531250000000001 0.134375
0 0.54609375 0.6101562500000001 0.1046875 0.15156250000000002
0 0.6062500000000001 0.60859375 0.1 0.1484375
0 0.58046875 0.628125 0.0890625 0.153125
0 0.59296875 0.7289062500000001 0.1015625 0.1640625
0 0.9304687500000001 0.66015625 0.07968750000000001 0.1328125
0 0.40625 0.83359375 0.09062500000000001 0.1421875
0 0.41640625000000003 0.76171875 0.0671875 0.09531250000000001
0 0.43984375000000003 0.7578125 0.0859375 0.10312500000000001
0 0.453125 0.828125 0.10625000000000001 0.14375000000000002
0 0.35546875 0.78125 0.07968750000000001 0.10625000000000001
0 0.36015625 0.86875 0.09531250000000001 0.134375
0 0.4421875 0.9476562500000001 0.084375 0.0859375
0 0.4921875 0.94140625 0.08125 0.09531250000000001
0 0.70703125 0.7171875000000001 0.11093750000000001 0.15000000000000002
0 0.7171875000000001 0.7703125000000001 0.09062500000000001 0.12812500000000002
0 0.65234375 0.8984375 0.0765625 0.115625
0 0.6828125 0.8875000000000001 0.06875 0.10625000000000001
0 0.659375 0.9398437500000001 0.05625 0.060937500000000006
0 0.98984375 0.8031250000000001 0.0171875 0.07500000000000001
0 0.99765625 0.8140625 0.0015625 0.08125
