0 0.4375 0.5171875 0.2 0.246875
0 0.6390625000000001 0.44921875 0.20625000000000002 0.2390625
0 0.7742187500000001 0.32578125 0.1921875 0.22968750000000002
0 0.9 0.390625 0.15000000000000002 0.203125
0 0.7898437500000001 0.48203125 0.1953125 0.2265625
0 0.6257812500000001 0.35234375 0.1703125 0.16718750000000002
0 0.5234375 0.4625 0.15937500000000002 0.21250000000000002
0 0.6664062500000001 0.5859375 0.21406250000000002 0.215625
0 0.2984375 0.56484375 0.209375 0.26406250000000003
0 0.184375 0.65625 0.1875 0.225
0 0.11328125 0.5359375000000001 0.1796875 0.209375
0 0.07421875 0.69453125 0.1484375 0.21406250000000002
0 0.1203125 0.90234375 0.1875 0.1859375
