0 0.43984375000000003 0.6960937500000001 0.09531250000000001 0.1296875
0 0.19375 0.40234375 0.10625000000000001 0.1421875
0 0.125 0.45390625 0.1 0.1453125
0 0.5078125 0.9031250000000001 0.109375 0.146875
0 0.41171875 0.6117187500000001 0.0859375 0.1265625
0 0.95859375 0.5046875000000001 0.07968750000000001 0.19062500000000002
0 0.6125 0.5398437500000001 0.1 0.1453125
0 0.5265625 0.80390625 0.096875 0.13593750000000002
0 0.72421875 0.23593750000000002 0.07968750000000001 0.13125
0 0.7109375 0.39921875 0.09375 0.1453125
