0 0.03671875 0.18828125 0.0703125 0.1859375
0 0.36015625 0.58203125 0.2265625 0.2078125
0 0.1234375 0.67578125 0.215625 0.2578125
0 0.659375 0.59296875 0.20625000000000002 0.18281250000000002
0 0.71875 0.478125 0.2 0.178125
0 0.8148437500000001 0.31328125 0.13593750000000002 0.13593750000000002
0 0.74921875 0.09843750000000001 0.1328125 0.12187500000000001
0 0.8875000000000001 0.1234375 0.07187500000000001 0.078125
0 0.8546875 0.1203125 0.14375000000000002 0.1375
0 0.9140625 0.34375 0.125 0.1125
0 0.95859375 0.39296875000000003 0.0671875 0.0859375
0 0.659375 0.7601562500000001 0.10625000000000001 0.1015625
0 0.27421875 0.8140625 0.22031250000000002 0.19375
0 0.40859375000000003 0.7312500000000001 0.1859375 0.16875
0 0.22265625 0.9632812500000001 0.2234375 0.0703125
0 0.6921875000000001 0.26484375 0.043750000000000004 0.0421875
0 0.73828125 0.34296875000000004 0.051562500000000004 0.051562500000000004
0 0.73984375 0.27578125000000003 0.051562500000000004 0.0484375
0 0.7117187500000001 0.35546875 0.051562500000000004 0.0484375
0 0.3875 0.27265625 0.05 0.051562500000000004
0 0.5015625 0.23593750000000002 0.043750000000000004 0.05
0 0.53515625 0.16015625 0.0421875 0.051562500000000004
0 0.72421875 0.22890625 0.0546875 0.051562500000000004
