0 0.63203125 0.88984375 0.1421875 0.2171875
0 0.32656250000000003 0.9765625 0.12812500000000002 0.043750000000000004
0 0.40078125000000003 0.9320312500000001 0.1390625 0.1328125
0 0.30546875 0.9109375000000001 0.1296875 0.17500000000000002
0 0.2234375 0.92578125 0.15000000000000002 0.1453125
0 0.29140625000000003 0.8859375 0.1203125 0.21250000000000002
0 0.19140625 0.9187500000000001 0.11406250000000001 0.15937500000000002
0 0.5875 0.9640625 0.10625000000000001 0.06875
0 0.68671875 0.9671875000000001 0.0765625 0.05
0 0.8109375000000001 0.85078125 0.134375 0.21406250000000002
0 0.75546875 0.55859375 0.11093750000000001 0.1796875
0 0.78828125 0.43046875 0.1265625 0.20468750000000002
0 0.83359375 0.58984375 0.11093750000000001 0.1796875
0 0.9078125 0.571875 0.10625000000000001 0.15000000000000002
0 0.9203125000000001 0.4453125 0.10312500000000001 0.1625
0 0.9476562500000001 0.33906250000000004 0.1015625 0.16875
0 0.9734375000000001 0.4859375 0.05 0.14375000000000002
0 0.9578125000000001 0.7406250000000001 0.08125 0.21250000000000002
0 0.56171875 0.45859375 0.0921875 0.1296875
0 0.496875 0.478125 0.1 0.15937500000000002
0 0.42109375000000004 0.46015625000000004 0.1171875 0.1546875
0 0.36171875000000003 0.5625 0.1046875 0.15625
0 0.29296875 0.61875 0.0890625 0.12187500000000001
0 0.37890625 0.9046875000000001 0.11093750000000001 0.15000000000000002
0 0.1546875 0.596875 0.08750000000000001 0.12812500000000002
0 0.0921875 0.56015625 0.1125 0.1609375
0 0.053125000000000006 0.48281250000000003 0.0625 0.125
0 0.2625 0.46015625000000004 0.09062500000000001 0.15156250000000002
0 0.30781250000000004 0.49843750000000003 0.10625000000000001 0.171875
0 0.3296875 0.41328125000000004 0.09062500000000001 0.15156250000000002
0 0.24453125 0.34375 0.0734375 0.1125
0 0.29921875000000003 0.29531250000000003 0.0859375 0.1375
0 0.1265625 0.321875 0.059375000000000004 0.09375
0 0.06406250000000001 0.18671875000000002 0.046875 0.0671875
0 0.053125000000000006 0.18125000000000002 0.034375 0.084375
0 0.0421875 0.18671875000000002 0.0125 0.07968750000000001
0 0.47109375000000003 0.26406250000000003 0.0890625 0.140625
0 0.534375 0.35625 0.09062500000000001 0.125
0 0.57421875 0.4078125 0.07968750000000001 0.12187500000000001
0 0.44453125000000004 0.39687500000000003 0.0890625 0.14375000000000002
0 0.43281250000000004 0.10546875 0.06875 0.11093750000000001
0 0.5953125 0.06640625 0.07187500000000001 0.09531250000000001
0 0.6687500000000001 0.17343750000000002 0.08750000000000001 0.1375
0 0.6156250000000001 0.17265625 0.09375 0.13593750000000002
0 0.7156250000000001 0.1390625 0.084375 0.134375
0 0.71484375 0.23046875 0.0703125 0.0921875
0 0.65390625 0.2484375 0.06406250000000001 0.1
0 0.6234375000000001 0.2515625 0.07500000000000001 0.09375
0 0.8757812500000001 0.47265625 0.09531250000000001 0.1421875
0 0.9632812500000001 0.43828125 0.0703125 0.1796875
0 0.6421875 0.06171875 0.078125 0.0890625
