0 0.5609375 0.88828125 0.49062500000000003 0.22031250000000002
0 0.33359375 0.72421875 0.4546875 0.4390625
0 0.1484375 0.46796875000000004 0.29375 0.38906250000000003
0 0.23593750000000002 0.26796875000000003 0.4 0.37343750000000003
0 0.66796875 0.65546875 0.4234375 0.40468750000000003
0 0.8453125 0.8226562500000001 0.246875 0.2703125
0 0.42734375 0.47500000000000003 0.38593750000000004 0.3375
0 0.72265625 0.4265625 0.3484375 0.33125000000000004
0 0.5328125 0.27421875 0.3375 0.3140625
0 0.59765625 0.12812500000000002 0.2828125 0.22187500000000002
0 0.7820312500000001 0.25078125 0.2578125 0.24531250000000002
0 0.875 0.6296875000000001 0.20625000000000002 0.3125
