0 0.40468750000000003 0.13593750000000002 0.08750000000000001 0.12812500000000002
0 0.41015625 0.21796875000000002 0.0765625 0.1078125
0 0.51171875 0.29375 0.08281250000000001 0.12812500000000002
0 0.8171875000000001 0.44453125000000004 0.08750000000000001 0.1171875
0 0.875 0.38359375 0.08750000000000001 0.11406250000000001
0 0.9382812500000001 0.40156250000000004 0.0546875 0.146875
0 0.6078125000000001 0.05 0.0625 0.1
0 0.55703125 0.051562500000000004 0.060937500000000006 0.10312500000000001
0 0.037500000000000006 0.565625 0.07500000000000001 0.15625
0 0.29921875000000003 0.5734375 0.0703125 0.10625000000000001
0 0.35234375 0.8484375000000001 0.0484375 0.08125
0 0.32578125 0.7015625000000001 0.0671875 0.1125
0 0.47968750000000004 0.71875 0.07187500000000001 0.12187500000000001
0 0.45859375 0.503125 0.0703125 0.10625000000000001
0 0.56015625 0.33437500000000003 0.0703125 0.1
0 0.3796875 0.43984375000000003 0.078125 0.1171875
0 0.22031250000000002 0.6156250000000001 0.07500000000000001 0.1125
0 0.31484375000000003 0.8250000000000001 0.0484375 0.08125
0 0.0859375 0.578125 0.07500000000000001 0.12187500000000001
0 0.065625 0.9476562500000001 0.07500000000000001 0.08281250000000001
0 0.018750000000000003 0.9460937500000001 0.037500000000000006 0.0921875
0 0.06015625 0.67109375 0.0765625 0.1015625
