0 0.77265625 0.31015625 0.1328125 0.1796875
0 0.625 0.30625 0.10625000000000001 0.12187500000000001
0 0.72578125 0.2828125 0.1265625 0.15000000000000002
0 0.671875 0.37421875000000004 0.096875 0.11093750000000001
0 0.70625 0.41875 0.1125 0.15000000000000002
0 0.8265625000000001 0.38203125000000004 0.05 0.0703125
0 0.09843750000000001 0.5890625 0.05 0.06875
0 0.11953125 0.5890625 0.0484375 0.0625
0 0.1390625 0.6000000000000001 0.043750000000000004 0.0625
0 0.31484375000000003 0.540625 0.045312500000000006 0.05625
0 0.2828125 0.5546875 0.034375 0.043750000000000004
0 0.27109375 0.58984375 0.0390625 0.0578125
0 0.32734375000000004 0.565625 0.0390625 0.05
0 0.28828125 0.59296875 0.0328125 0.0421875
0 0.41796875 0.540625 0.0390625 0.05
0 0.20078125000000002 0.8171875000000001 0.0484375 0.06875
0 0.33828125000000003 0.27265625 0.0421875 0.0546875
0 0.41328125000000004 0.21875 0.045312500000000006 0.065625
0 0.38593750000000004 0.22734375 0.040625 0.0546875
0 0.37265625 0.24609375 0.035937500000000004 0.045312500000000006
0 0.565625 0.55703125 0.053125000000000006 0.060937500000000006
0 0.65546875 0.51875 0.0484375 0.059375000000000004
0 0.7953125000000001 0.6484375 0.053125000000000006 0.065625
0 0.7781250000000001 0.6312500000000001 0.05 0.06875
0 0.6890625 0.7523437500000001 0.053125000000000006 0.0703125
0 0.39765625000000004 0.7273437500000001 0.0390625 0.051562500000000004
0 0.42500000000000004 0.72265625 0.040625 0.051562500000000004
0 0.41796875 0.7671875 0.0390625 0.05625
0 0.40546875000000004 0.80859375 0.045312500000000006 0.0671875
0 0.42265625 0.8601562500000001 0.0390625 0.0421875
0 0.5484375 0.57421875 0.05 0.0703125
0 0.521875 0.61484375 0.046875 0.06406250000000001
0 0.5875 0.759375 0.037500000000000006 0.05
0 0.321875 0.30312500000000003 0.040625 0.05
0 0.6265625 0.46718750000000003 0.046875 0.0625
0 0.62265625 0.521875 0.0328125 0.037500000000000006
0 0.23671875 0.6953125 0.035937500000000004 0.043750000000000004
