0 0.043750000000000004 0.16640625 0.08750000000000001 0.1953125
0 0.06406250000000001 0.35781250000000003 0.12812500000000002 0.24375000000000002
0 0.21171875 0.34140625 0.13593750000000002 0.2015625
0 0.14765625000000002 0.484375 0.15781250000000002 0.22187500000000002
0 0.23828125 0.43046875 0.15156250000000002 0.18906250000000002
0 0.16953125000000002 0.6046875 0.11406250000000001 0.146875
0 0.26875 0.6453125000000001 0.11875000000000001 0.2
0 0.46640625 0.6414062500000001 0.1421875 0.21406250000000002
0 0.36250000000000004 0.6671875 0.146875 0.215625
0 0.6359375 0.74375 0.15000000000000002 0.215625
0 0.43125 0.8234375 0.134375 0.19062500000000002
0 0.5140625 0.696875 0.12812500000000002 0.17500000000000002
0 0.54921875 0.81796875 0.1203125 0.18906250000000002
0 0.6625000000000001 0.5859375 0.10312500000000001 0.1375
0 0.7421875 0.496875 0.11875000000000001 0.146875
0 0.8406250000000001 0.6218750000000001 0.15000000000000002 0.178125
0 0.7914062500000001 0.7578125 0.1390625 0.171875
0 0.81640625 0.89375 0.11406250000000001 0.15625
0 0.8851562500000001 0.8210937500000001 0.1171875 0.19843750000000002
0 0.90234375 0.6671875 0.1078125 0.17500000000000002
0 0.9 0.93671875 0.065625 0.1234375
