0 0.46718750000000003 0.7421875 0.40937500000000004 0.225
0 0.403125 0.5476562500000001 0.453125 0.2546875
0 0.45078125 0.35000000000000003 0.38593750000000004 0.21250000000000002
0 0.246875 0.3359375 0.284375 0.171875
0 0.3609375 0.1640625 0.340625 0.203125
0 0.21953125 0.13828125 0.3328125 0.23593750000000002
0 0.16171875000000002 0.0859375 0.20468750000000002 0.146875
0 0.54140625 0.546875 0.32343750000000004 0.19687500000000002
0 0.63203125 0.8296875 0.2734375 0.16875
0 0.67734375 0.9320312500000001 0.23593750000000002 0.1328125
