0 0.22031250000000002 0.33203125 0.15625 0.23593750000000002
0 0.1265625 0.39609375 0.15625 0.1953125
0 0.30078125 0.4921875 0.11093750000000001 0.1375
0 0.4578125 0.5078125 0.16875 0.22187500000000002
0 0.77109375 0.37812500000000004 0.1640625 0.22187500000000002
0 0.88984375 0.48046875 0.15156250000000002 0.1953125
0 0.721875 0.47187500000000004 0.1375 0.178125
0 0.6000000000000001 0.47578125000000004 0.134375 0.1953125
0 0.54453125 0.6179687500000001 0.1296875 0.15156250000000002
0 0.27421875 0.37421875000000004 0.11093750000000001 0.1609375
