0 0.65390625 0.634375 0.09531250000000001 0.115625
0 0.78125 0.6531250000000001 0.10312500000000001 0.12812500000000002
0 0.665625 0.55703125 0.08125 0.1046875
0 0.23750000000000002 0.38125000000000003 0.08750000000000001 0.115625
0 0.2859375 0.53125 0.084375 0.10312500000000001
0 0.22968750000000002 0.47187500000000004 0.09375 0.12187500000000001
0 0.15781250000000002 0.39921875 0.09062500000000001 0.11093750000000001
0 0.15234375 0.484375 0.0546875 0.065625
0 0.12187500000000001 0.5242187500000001 0.05 0.06406250000000001
0 0.09062500000000001 0.5109375 0.05 0.065625
0 0.15625 0.5265625 0.05 0.05625
0 0.01015625 0.49531250000000004 0.0203125 0.10312500000000001
0 0.33046875000000003 0.5078125 0.0484375 0.08125
0 0.36328125 0.48046875 0.0421875 0.060937500000000006
0 0.2765625 0.46953125 0.040625 0.0578125
0 0.5484375 0.45546875000000003 0.053125000000000006 0.0703125
0 0.6218750000000001 0.46171875 0.05 0.0734375
0 0.5953125 0.5007812500000001 0.040625 0.051562500000000004
0 0.56015625 0.48046875 0.0421875 0.051562500000000004
0 0.38984375000000004 0.47109375000000003 0.029687500000000002 0.051562500000000004
0 0.8 0.5546875 0.040625 0.05
0 0.8578125000000001 0.5375 0.053125000000000006 0.05625
0 0.8914062500000001 0.55859375 0.051562500000000004 0.06406250000000001
