0 0.859375 0.31015625 0.25 0.37343750000000003
0 0.6484375 0.29453125 0.26875 0.37031250000000004
0 0.5453125 0.340625 0.22812500000000002 0.36562500000000003
0 0.3875 0.609375 0.25 0.3375
0 0.6312500000000001 0.59140625 0.240625 0.2828125
0 0.27734375 0.5875 0.2265625 0.33125000000000004
0 0.32734375000000004 0.75703125 0.20468750000000002 0.32343750000000004
0 0.16875 0.7421875 0.146875 0.28125
0 0.1046875 0.7265625 0.15000000000000002 0.23750000000000002
0 0.3671875 0.82578125 0.19062500000000002 0.2828125
