0 0.6578125 0.49453125000000003 0.5437500000000001 0.3953125
0 0.2171875 0.55078125 0.43125 0.40468750000000003
0 0.13515625 0.21015625000000002 0.2671875 0.31093750000000003
0 0.38125000000000003 0.11953125 0.31875000000000003 0.23593750000000002
0 0.6742187500000001 0.10312500000000001 0.3140625 0.203125
0 0.7703125000000001 0.8546875 0.3125 0.25
0 0.4 0.31093750000000003 0.265625 0.15937500000000002
0 0.9171875 0.7125 0.15000000000000002 0.253125
0 0.9234375 0.44609375 0.1125 0.20468750000000002
0 0.87890625 0.21953125 0.15156250000000002 0.2234375
