0 0.81640625 0.19062500000000002 0.18281250000000002 0.30625
0 0.20078125000000002 0.6257812500000001 0.11093750000000001 0.1859375
0 0.4765625 0.3296875 0.1125 0.171875
0 0.42265625 0.39765625000000004 0.1296875 0.20468750000000002
0 0.79453125 0.4859375 0.11093750000000001 0.178125
0 0.7351562500000001 0.5234375 0.1015625 0.178125
0 0.68359375 0.496875 0.11406250000000001 0.1875
0 0.6117187500000001 0.42890625000000004 0.1078125 0.1796875
0 0.5484375 0.44765625000000003 0.125 0.2078125
0 0.48984375 0.47578125000000004 0.09531250000000001 0.16718750000000002
0 0.33828125000000003 0.65625 0.0734375 0.125
0 0.36171875000000003 0.5171875 0.0546875 0.08750000000000001
0 0.28828125 0.51484375 0.0734375 0.11406250000000001
0 0.22421875000000002 0.48125 0.07968750000000001 0.10625000000000001
0 0.6000000000000001 0.5875 0.06875 0.115625
0 0.6531250000000001 0.6296875000000001 0.05625 0.09062500000000001
0 0.26875 0.7273437500000001 0.046875 0.0734375
0 0.25390625 0.7976562500000001 0.051562500000000004 0.08281250000000001
0 0.40234375 0.5015625 0.0390625 0.0625
0 0.9765625 0.6570312500000001 0.043750000000000004 0.11406250000000001
0 0.8500000000000001 0.584375 0.05625 0.07500000000000001
0 0.5242187500000001 0.5859375 0.0578125 0.10312500000000001
0 0.5546875 0.56484375 0.0625 0.1078125
