0 0.6023437500000001 0.46015625000000004 0.4234375 0.37031250000000004
0 0.46484375 0.7328125000000001 0.4609375 0.434375
0 0.25546875 0.43984375000000003 0.4765625 0.3828125
0 0.8992187500000001 0.35781250000000003 0.19843750000000002 0.16875
0 0.9164062500000001 0.5 0.1640625 0.153125
0 0.72421875 0.28515625 0.2578125 0.1640625
0 0.534375 0.21250000000000002 0.296875 0.18125000000000002
0 0.2984375 0.19140625 0.28125 0.1796875
0 0.16015625 0.24765625000000002 0.23593750000000002 0.1703125
0 0.93359375 0.64375 0.1296875 0.178125
