0 0.5281250000000001 0.5140625 0.08125 0.15000000000000002
0 0.60078125 0.546875 0.09531250000000001 0.15625
0 0.66953125 0.45078125 0.08281250000000001 0.1546875
0 0.284375 0.39140625 0.08750000000000001 0.17343750000000002
0 0.240625 0.5125000000000001 0.09375 0.19375
0 0.259375 0.10078125 0.1 0.2015625
0 0.30000000000000004 0.46406250000000004 0.096875 0.19062500000000002
0 0.20859375000000002 0.34921875 0.0859375 0.1765625
0 0.46328125000000003 0.52734375 0.0703125 0.1203125
0 0.71875 0.5265625 0.08750000000000001 0.184375
0 0.75703125 0.5710937500000001 0.07968750000000001 0.1640625
0 0.6875 0.6000000000000001 0.07187500000000001 0.15937500000000002
0 0.44375000000000003 0.09843750000000001 0.115625 0.19687500000000002
0 0.325 0.79453125 0.0625 0.1328125
0 0.27265625 0.8125 0.0734375 0.15937500000000002
0 0.37421875000000004 0.8031250000000001 0.07968750000000001 0.134375
0 0.534375 0.7312500000000001 0.06875 0.153125
0 0.7039062500000001 0.7351562500000001 0.0703125 0.1296875
0 0.7679687500000001 0.69453125 0.06406250000000001 0.1203125
0 0.6859375000000001 0.07265625 0.11875000000000001 0.1453125
0 0.76953125 0.09531250000000001 0.1015625 0.19062500000000002
0 0.84296875 0.0921875 0.1421875 0.184375
0 0.92890625 0.49531250000000004 0.1015625 0.15625
0 0.328125 0.9234375 0.07500000000000001 0.12187500000000001
0 0.38359375 0.9203125000000001 0.0578125 0.12187500000000001
