0 0.8757812500000001 0.8054687500000001 0.24531250000000002 0.38593750000000004
0 0.7203125 0.72421875 0.278125 0.45156250000000003
0 0.66328125 0.5171875 0.2546875 0.4375
0 0.47187500000000004 0.41953125 0.22812500000000002 0.35781250000000003
0 0.5554687500000001 0.3984375 0.23593750000000002 0.41250000000000003
0 0.275 0.40468750000000003 0.2625 0.45
0 0.14609375 0.403125 0.2109375 0.34375
0 0.46484375 0.240625 0.2234375 0.39687500000000003
0 0.34140625 0.1875 0.2421875 0.371875
0 0.15703125 0.19375 0.2265625 0.384375
0 0.09609375 0.65234375 0.17343750000000002 0.33906250000000004
