0 0.21484375 0.86484375 0.24531250000000002 0.2671875
0 0.66015625 0.17890625000000002 0.1484375 0.16718750000000002
0 0.41250000000000003 0.14296875 0.16562500000000002 0.1546875
0 0.25078125 0.18906250000000002 0.1796875 0.17500000000000002
0 0.79296875 0.27968750000000003 0.1609375 0.16875
0 0.51484375 0.2390625 0.1609375 0.16875
0 0.36875 0.27968750000000003 0.15937500000000002 0.178125
0 0.20234375000000002 0.34140625 0.18281250000000002 0.1859375
0 0.48750000000000004 0.38515625000000003 0.19687500000000002 0.1859375
0 0.77890625 0.43281250000000004 0.1859375 0.18125000000000002
0 0.33125000000000004 0.4390625 0.184375 0.203125
0 0.6203125 0.5007812500000001 0.184375 0.19843750000000002
0 0.45703125 0.56171875 0.18906250000000002 0.21406250000000002
0 0.12890625 0.51328125 0.2390625 0.2078125
0 0.775 0.61875 0.209375 0.215625
0 0.278125 0.6351562500000001 0.2 0.22031250000000002
0 0.61328125 0.696875 0.2078125 0.23125
0 0.29296875 0.07500000000000001 0.16718750000000002 0.12812500000000002
0 0.540625 0.09921875000000001 0.1375 0.15156250000000002
0 0.79609375 0.1390625 0.1640625 0.15000000000000002
0 0.09296875 0.7273437500000001 0.1859375 0.2546875
0 0.41875 0.7859375000000001 0.209375 0.2625
0 0.7757812500000001 0.8421875000000001 0.22968750000000002 0.234375
