0 0.45625000000000004 0.17734375000000002 0.23125 0.3171875
0 0.8078125 0.4453125 0.26875 0.40625
0 0.6156250000000001 0.35078125000000004 0.265625 0.4109375
0 0.2828125 0.40625 0.21875 0.27187500000000003
0 0.478125 0.52578125 0.25 0.4546875
0 0.35468750000000004 0.6453125000000001 0.184375 0.340625
0 0.15078125 0.8859375 0.1296875 0.19687500000000002
0 0.24296875 0.89453125 0.15156250000000002 0.1859375
0 0.36015625 0.86484375 0.1546875 0.2265625
0 0.48125 0.7742187500000001 0.178125 0.2234375
0 0.47109375000000003 0.8992187500000001 0.1265625 0.1390625
