0 0.2484375 0.28046875 0.22812500000000002 0.1171875
0 0.15781250000000002 0.05859375 0.30312500000000003 0.1046875
0 0.1171875 0.5296875 0.184375 0.12187500000000001
0 0.33671875 0.2109375 0.1171875 0.05
0 0.371875 0.259375 0.078125 0.043750000000000004
0 0.45 0.18515625000000002 0.09062500000000001 0.051562500000000004
0 0.48281250000000003 0.0859375 0.09375 0.05
0 0.5265625 0.1875 0.08750000000000001 0.037500000000000006
0 0.53125 0.1328125 0.06875 0.043750000000000004
0 0.50390625 0.27890625 0.0765625 0.035937500000000004
0 0.6039062500000001 0.32578125 0.0859375 0.035937500000000004
0 0.56796875 0.403125 0.0734375 0.034375
0 0.58515625 0.43515625 0.0765625 0.0328125
0 0.50546875 0.5242187500000001 0.0734375 0.035937500000000004
0 0.52109375 0.49765625 0.08281250000000001 0.035937500000000004
0 0.5398437500000001 0.53515625 0.0734375 0.035937500000000004
0 0.53125 0.59609375 0.059375000000000004 0.0328125
0 0.32421875 0.4890625 0.2171875 0.115625
0 0.39375000000000004 0.37421875000000004 0.25 0.11406250000000001
0 0.20078125000000002 0.6734375 0.2265625 0.115625
0 0.34218750000000003 0.6671875 0.23125 0.12187500000000001
0 0.25078125 0.7734375 0.24531250000000002 0.109375
0 0.35234375 0.9320312500000001 0.1546875 0.0859375
0 0.33437500000000003 0.85859375 0.15000000000000002 0.060937500000000006
0 0.38671875 0.8 0.1859375 0.078125
0 0.47968750000000004 0.76328125 0.09062500000000001 0.0390625
0 0.46796875000000004 0.7250000000000001 0.08281250000000001 0.043750000000000004
0 0.48203125 0.659375 0.0765625 0.037500000000000006
