0 0.3453125 0.7210937500000001 0.0625 0.09531250000000001
0 0.39921875 0.6960937500000001 0.0765625 0.1265625
0 0.64765625 0.5609375 0.0671875 0.1125
0 0.5906250000000001 0.55 0.08125 0.125
0 0.20390625 0.6203125 0.0765625 0.1375
0 0.5554687500000001 0.50703125 0.0734375 0.1234375
0 0.10546875 0.56796875 0.0546875 0.0765625
0 0.46953125 0.4921875 0.06406250000000001 0.10312500000000001
0 0.14765625000000002 0.52890625 0.0703125 0.1046875
0 0.5765625 0.39921875 0.05625 0.0859375
0 0.37343750000000003 0.40546875000000004 0.05625 0.0859375
0 0.6109375 0.34765625 0.05625 0.0921875
0 0.8304687500000001 0.28515625 0.0546875 0.0734375
0 0.35000000000000003 0.33437500000000003 0.053125000000000006 0.08750000000000001
0 0.5859375 0.27265625 0.05625 0.09531250000000001
0 0.7367187500000001 0.23046875 0.08281250000000001 0.1265625
0 0.79453125 0.209375 0.07968750000000001 0.11875000000000001
0 0.384375 0.26406250000000003 0.043750000000000004 0.07500000000000001
0 0.3515625 0.26406250000000003 0.046875 0.08125
0 0.1796875 0.29375 0.043750000000000004 0.07187500000000001
0 0.047656250000000004 0.22890625 0.051562500000000004 0.07968750000000001
0 0.5453125 0.10234375000000001 0.05625 0.07968750000000001
0 0.0703125 0.17343750000000002 0.05625 0.1
0 0.049218750000000006 0.15625 0.0546875 0.1
0 0.07578125000000001 0.13046875 0.051562500000000004 0.0765625
