0 0.71015625 0.21484375 0.1765625 0.1234375
0 0.70625 0.7671875 0.19375 0.10625000000000001
0 0.70234375 0.8234375 0.2171875 0.07500000000000001
0 0.6898437500000001 0.9476562500000001 0.1609375 0.1015625
0 0.6578125 0.4 0.12812500000000002 0.09062500000000001
0 0.6328125 0.6703125000000001 0.209375 0.11875000000000001
0 0.534375 0.7515625 0.084375 0.08750000000000001
0 0.5078125 0.921875 0.15000000000000002 0.1
0 0.49843750000000003 0.9765625 0.15937500000000002 0.043750000000000004
0 0.49843750000000003 0.1953125 0.153125 0.1125
0 0.48125 0.48125 0.15937500000000002 0.1
0 0.4734375 0.34375 0.15937500000000002 0.07187500000000001
0 0.4578125 0.28515625 0.178125 0.08281250000000001
0 0.45 0.03828125 0.17500000000000002 0.0765625
0 0.44843750000000004 0.76875 0.153125 0.10312500000000001
0 0.4296875 0.10312500000000001 0.15937500000000002 0.078125
0 0.4265625 0.5421875 0.15000000000000002 0.08750000000000001
0 0.4234375 0.68125 0.146875 0.07500000000000001
0 0.4234375 0.40937500000000004 0.115625 0.0625
0 0.42031250000000003 0.8539062500000001 0.15937500000000002 0.09531250000000001
0 0.41875 0.2109375 0.053125000000000006 0.037500000000000006
0 0.41718750000000004 0.25078125 0.12812500000000002 0.06406250000000001
0 0.4078125 0.6125 0.153125 0.08125
0 0.3984375 0.1609375 0.09375 0.065625
0 0.38906250000000003 0.9710937500000001 0.07187500000000001 0.0546875
0 0.38125000000000003 0.496875 0.096875 0.053125000000000006
0 0.37890625 0.3515625 0.0765625 0.059375000000000004
0 0.3765625 0.0546875 0.08750000000000001 0.084375
0 0.37343750000000003 0.784375 0.065625 0.0625
0 0.371875 0.1921875 0.065625 0.053125000000000006
0 0.35781250000000003 0.40390625 0.06875 0.0578125
0 0.35000000000000003 0.6703125000000001 0.07187500000000001 0.0625
0 0.35078125000000004 0.23828125 0.0765625 0.051562500000000004
0 0.33906250000000004 0.36562500000000003 0.053125000000000006 0.046875
0 0.3375 0.2859375 0.10312500000000001 0.07187500000000001
0 0.33437500000000003 0.1421875 0.078125 0.05
0 0.3296875 0.46718750000000003 0.096875 0.059375000000000004
0 0.32656250000000003 0.51953125 0.07500000000000001 0.051562500000000004
0 0.321875 0.82421875 0.06875 0.051562500000000004
0 0.3015625 0.34921875 0.07187500000000001 0.051562500000000004
0 0.3015625 0.22890625 0.0625 0.045312500000000006
0 0.296875 0.91796875 0.07187500000000001 0.0421875
0 0.28828125 0.3875 0.06406250000000001 0.043750000000000004
0 0.28750000000000003 0.5484375 0.0625 0.040625
0 0.27968750000000003 0.759375 0.07187500000000001 0.040625
0 0.278125 0.6765625000000001 0.084375 0.037500000000000006
0 0.27578125000000003 0.50703125 0.0484375 0.0328125
0 0.275 0.9 0.07500000000000001 0.040625
0 0.2734375 0.60859375 0.05625 0.045312500000000006
0 0.27265625 0.7195312500000001 0.1046875 0.051562500000000004
0 0.2734375 0.9398437500000001 0.07500000000000001 0.035937500000000004
0 0.26406250000000003 0.6484375 0.065625 0.043750000000000004
0 0.26406250000000003 0.465625 0.046875 0.046875
0 0.26406250000000003 0.83125 0.05625 0.05
0 0.259375 0.9734375000000001 0.08750000000000001 0.05
0 0.259375 0.875 0.096875 0.053125000000000006
0 0.24375000000000002 0.5640625 0.065625 0.034375
0 0.2421875 0.33828125000000003 0.059375000000000004 0.0390625
0 0.240625 0.515625 0.05625 0.037500000000000006
0 0.2328125 0.37343750000000003 0.065625 0.040625
0 0.225 0.6062500000000001 0.07187500000000001 0.040625
0 0.209375 0.32109375 0.078125 0.0390625
0 0.20703125 0.22031250000000002 0.06406250000000001 0.037500000000000006
0 0.2015625 0.03125 0.059375000000000004 0.037500000000000006
0 0.2 0.171875 0.065625 0.043750000000000004
0 0.19843750000000002 0.4 0.084375 0.037500000000000006
0 0.18906250000000002 0.009375000000000001 0.0625 0.015625
0 0.1796875 0.73046875 0.065625 0.045312500000000006
0 0.1765625 0.76875 0.065625 0.043750000000000004
0 0.171875 0.2734375 0.05625 0.034375
0 0.16718750000000002 0.371875 0.059375000000000004 0.040625
0 0.1609375 0.08515625 0.065625 0.045312500000000006
0 0.1609375 0.1171875 0.06875 0.037500000000000006
0 0.15625 0.040625 0.05625 0.043750000000000004
0 0.15546875000000002 0.23515625 0.0484375 0.0328125
0 0.153125 0.184375 0.05625 0.053125000000000006
0 0.1484375 0.48828125 0.05 0.0328125
0 0.1390625 0.3125 0.06875 0.037500000000000006
0 0.13671875 0.4609375 0.0484375 0.034375
0 0.13593750000000002 0.40625 0.065625 0.043750000000000004
0 0.1328125 0.5734375 0.05625 0.037500000000000006
0 0.1328125 0.265625 0.046875 0.037500000000000006
0 0.9125000000000001 0.03828125 0.171875 0.0734375
0 0.125 0.15078125 0.0625 0.0328125
0 0.12265625000000001 0.1 0.035937500000000004 0.03125
0 0.11953125 0.51328125 0.06406250000000001 0.0390625
0 0.1125 0.23828125 0.046875 0.0328125
0 0.90546875 0.7757812500000001 0.1640625 0.1328125
0 0.8640625000000001 0.1 0.15000000000000002 0.1
0 0.8578125000000001 0.9476562500000001 0.19375 0.1015625
0 0.846875 0.19375 0.215625 0.184375
0 0.8296875 0.5906250000000001 0.21250000000000002 0.15937500000000002
0 0.7953125000000001 0.44375000000000003 0.25 0.12812500000000002
0 0.7718750000000001 0.0578125 0.2625 0.115625
0 0.759375 0.71484375 0.23125 0.1390625
0 0.7453125 0.33203125 0.259375 0.1296875
