0 0.57421875 0.390625 0.43593750000000003 0.42812500000000003
0 0.5875 0.7835937500000001 0.415625 0.4296875
0 0.8851562500000001 0.71015625 0.2265625 0.2921875
0 0.15859375 0.56171875 0.2484375 0.2421875
0 0.15859375 0.36328125 0.26406250000000003 0.2328125
0 0.30703125000000003 0.20859375000000002 0.2015625 0.2109375
0 0.91953125 0.47500000000000003 0.15781250000000002 0.25
0 0.7203125 0.19687500000000002 0.24375000000000002 0.203125
0 0.9460937500000001 0.28984375 0.035937500000000004 0.1703125
0 0.5203125000000001 0.13359375 0.23750000000000002 0.1546875
