0 0.95625 0.4765625 0.084375 0.19687500000000002
0 0.82578125 0.6203125 0.1484375 0.215625
0 0.8773437500000001 0.5398437500000001 0.1265625 0.1953125
0 0.8601562500000001 0.6312500000000001 0.1234375 0.17500000000000002
0 0.6820312500000001 0.69296875 0.1546875 0.23593750000000002
0 0.75546875 0.55625 0.1484375 0.21250000000000002
0 0.7562500000000001 0.44765625000000003 0.065625 0.0765625
0 0.8054687500000001 0.40234375 0.060937500000000006 0.0890625
0 0.8140625 0.4609375 0.065625 0.10625000000000001
0 0.8125 0.36015625 0.05625 0.08281250000000001
0 0.63671875 0.32578125 0.0921875 0.1328125
0 0.6609375000000001 0.34687500000000004 0.084375 0.12187500000000001
0 0.509375 0.35546875 0.13125 0.1765625
0 0.40390625 0.45937500000000003 0.1328125 0.19062500000000002
0 0.5164062500000001 0.42265625 0.1203125 0.16718750000000002
0 0.31562500000000004 0.45234375000000004 0.140625 0.1953125
0 0.17343750000000002 0.49609375 0.140625 0.2015625
0 0.24609375 0.41328125000000004 0.13593750000000002 0.1953125
0 0.1078125 0.5453125 0.16875 0.26875
0 0.03828125 0.65390625 0.0421875 0.2671875
0 0.057031250000000006 0.6328125 0.0734375 0.225
0 0.353125 0.33515625000000004 0.10625000000000001 0.1328125
0 0.4140625 0.2921875 0.09062500000000001 0.1375
0 0.5710937500000001 0.253125 0.0890625 0.140625
0 0.5609375 0.15703125 0.065625 0.1078125
0 0.521875 0.12578125 0.065625 0.09531250000000001
0 0.52109375 0.078125 0.0734375 0.09375
0 0.78515625 0.28750000000000003 0.0578125 0.078125
0 0.890625 0.19687500000000002 0.059375000000000004 0.09062500000000001
0 0.84375 0.1703125 0.0625 0.078125
0 0.8718750000000001 0.28359375000000003 0.05625 0.09531250000000001
0 0.10390625 0.6429687500000001 0.1265625 0.1796875
0 0.4609375 0.29140625000000003 0.09062500000000001 0.15156250000000002
0 0.728125 0.25234375000000003 0.059375000000000004 0.08281250000000001
0 0.7914062500000001 0.359375 0.0546875 0.07187500000000001
0 0.8812500000000001 0.12812500000000002 0.053125000000000006 0.08125
0 0.94140625 0.23828125 0.0421875 0.0578125
0 0.9125000000000001 0.246875 0.037500000000000006 0.046875
