0 0.3875 0.45390625 0.146875 0.1703125
0 0.2734375 0.5890625 0.12187500000000001 0.1375
0 0.31796875 0.36640625000000004 0.15781250000000002 0.18906250000000002
0 0.20625000000000002 0.359375 0.17500000000000002 0.18125000000000002
0 0.284375 0.50625 0.12812500000000002 0.134375
0 0.32421875 0.465625 0.1484375 0.171875
0 0.6273437500000001 0.35859375000000004 0.08281250000000001 0.09843750000000001
0 0.8046875 0.33828125000000003 0.10312500000000001 0.1203125
0 0.6875 0.7109375 0.09062500000000001 0.12812500000000002
0 0.78671875 0.515625 0.09843750000000001 0.125
0 0.7132812500000001 0.50625 0.09531250000000001 0.12187500000000001
0 0.665625 0.6375000000000001 0.096875 0.11875000000000001
0 0.50546875 0.1640625 0.0703125 0.084375
0 0.5320312500000001 0.11093750000000001 0.0703125 0.084375
