0 0.625 0.90546875 0.4 0.1640625
0 0.6203125 0.765625 0.4375 0.278125
0 0.47109375000000003 0.6000000000000001 0.4234375 0.253125
0 0.48281250000000003 0.38593750000000004 0.34687500000000004 0.22812500000000002
0 0.421875 0.44375000000000003 0.4 0.234375
0 0.5671875000000001 0.215625 0.4375 0.2625
0 0.6296875000000001 0.10703125000000001 0.33437500000000003 0.2109375
0 0.33046875000000003 0.27968750000000003 0.38593750000000004 0.22187500000000002
0 0.34296875000000004 0.14609375 0.3671875 0.2390625
0 0.44062500000000004 0.055468750000000004 0.37812500000000004 0.1078125
0 0.8562500000000001 0.18671875000000002 0.284375 0.2109375
