0 0.8070312500000001 0.87890625 0.3765625 0.23593750000000002
0 0.55703125 0.6664062500000001 0.4234375 0.2984375
0 0.41484375 0.38671875 0.41718750000000004 0.3171875
0 0.6195312500000001 0.15703125 0.4234375 0.2515625
0 0.28828125 0.884375 0.49531250000000004 0.225
0 0.16328125000000002 0.63984375 0.3140625 0.3046875
0 0.18125000000000002 0.1234375 0.359375 0.240625
0 0.7914062500000001 0.40390625 0.4078125 0.2578125
0 0.88671875 0.6546875000000001 0.2171875 0.290625
0 0.9046875000000001 0.20234375000000002 0.18125000000000002 0.2515625
