0 0.34687500000000004 0.4890625 0.55625 0.41250000000000003
0 0.77890625 0.56015625 0.4390625 0.41718750000000004
0 0.8695312500000001 0.22265625 0.2578125 0.3203125
0 0.63828125 0.1234375 0.32656250000000003 0.24375000000000002
0 0.3453125 0.10078125 0.321875 0.19843750000000002
0 0.21875 0.8453125 0.321875 0.259375
0 0.6109375 0.3125 0.27187500000000003 0.16875
0 0.084375 0.6976562500000001 0.15000000000000002 0.2578125
0 0.084375 0.42890625000000004 0.11875000000000001 0.2078125
0 0.1375 0.20625000000000002 0.15937500000000002 0.22812500000000002
