0 0.278125 0.44609375 0.20625000000000002 0.2515625
0 0.5437500000000001 0.34921875 0.22187500000000002 0.2390625
0 0.45078125 0.51875 0.2109375 0.278125
0 0.6000000000000001 0.47578125000000004 0.16562500000000002 0.20468750000000002
0 0.69921875 0.6078125000000001 0.1296875 0.153125
0 0.62890625 0.2078125 0.1953125 0.23125
0 0.7585937500000001 0.27265625 0.20468750000000002 0.2328125
0 0.20234375000000002 0.53515625 0.2234375 0.2734375
0 0.77265625 0.46328125000000003 0.1609375 0.1421875
0 0.7820312500000001 0.54609375 0.1640625 0.1296875
0 0.14453125 0.7312500000000001 0.1484375 0.17500000000000002
0 0.2421875 0.7796875000000001 0.15937500000000002 0.2
0 0.48359375000000004 0.8921875 0.1484375 0.15625
