0 0.5421875 0.23750000000000002 0.178125 0.1375
0 0.7937500000000001 0.4109375 0.15625 0.1375
0 0.95703125 0.43359375 0.08281250000000001 0.11093750000000001
0 0.97265625 0.253125 0.051562500000000004 0.125
0 0.9304687500000001 0.1609375 0.13593750000000002 0.0625
0 0.82734375 0.47421875 0.1421875 0.11093750000000001
0 0.7375 0.4921875 0.134375 0.09375
0 0.7093750000000001 0.4 0.146875 0.10625000000000001
0 0.89765625 0.7117187500000001 0.1078125 0.0890625
0 0.925 0.8109375000000001 0.125 0.09375
0 0.88203125 0.6156250000000001 0.11093750000000001 0.09375
0 0.73828125 0.8562500000000001 0.0890625 0.05
0 0.67109375 0.77890625 0.09843750000000001 0.07968750000000001
0 0.640625 0.8054687500000001 0.115625 0.07968750000000001
0 0.603125 0.63984375 0.146875 0.1078125
0 0.56015625 0.53125 0.1421875 0.09375
0 0.5 0.415625 0.1375 0.084375
0 0.22031250000000002 0.58515625 0.15625 0.11093750000000001
0 0.353125 0.6109375 0.1375 0.10312500000000001
0 0.2421875 0.67890625 0.1375 0.1015625
0 0.12109375 0.7429687500000001 0.1421875 0.07968750000000001
0 0.10859375 0.6492187500000001 0.1296875 0.09843750000000001
0 0.1765625 0.48750000000000004 0.146875 0.09375
0 0.09375 0.76328125 0.115625 0.0671875
0 0.9085937500000001 0.2625 0.11093750000000001 0.10625000000000001
