0 0.34921875 0.14921875 0.3640625 0.2609375
0 0.32578125 0.35859375000000004 0.3609375 0.27968750000000003
0 0.36953125000000003 0.46171875 0.35781250000000003 0.2390625
0 0.6312500000000001 0.6195312500000001 0.328125 0.2578125
0 0.62265625 0.37421875000000004 0.2734375 0.2484375
0 0.6046875 0.7273437500000001 0.321875 0.23593750000000002
0 0.77734375 0.67734375 0.3171875 0.21406250000000002
0 0.75703125 0.8367187500000001 0.2765625 0.1546875
0 0.7390625000000001 0.9007812500000001 0.23125 0.15781250000000002
0 0.846875 0.63828125 0.275 0.19843750000000002
