0 0.728125 0.53671875 0.1 0.1234375
0 0.85546875 0.52890625 0.11093750000000001 0.13593750000000002
0 0.72421875 0.45937500000000003 0.0859375 0.109375
0 0.26796875000000003 0.371875 0.0921875 0.12187500000000001
0 0.3453125 0.509375 0.09062500000000001 0.109375
0 0.27890625 0.46328125000000003 0.1015625 0.1296875
0 0.19375 0.40625 0.096875 0.11875000000000001
0 0.20546875 0.4921875 0.0578125 0.06875
0 0.18281250000000002 0.53515625 0.053125000000000006 0.0671875
0 0.15000000000000002 0.52890625 0.053125000000000006 0.0671875
0 0.21640625000000002 0.53125 0.0546875 0.059375000000000004
0 0.05234375 0.534375 0.0578125 0.10625000000000001
0 0.384375 0.478125 0.053125000000000006 0.084375
0 0.41250000000000003 0.44375000000000003 0.046875 0.065625
0 0.32421875 0.45078125 0.045312500000000006 0.060937500000000006
0 0.5890625 0.38203125000000004 0.05625 0.0734375
0 0.6625000000000001 0.37343750000000003 0.053125000000000006 0.07500000000000001
0 0.6421875 0.41640625000000003 0.043750000000000004 0.0546875
0 0.6039062500000001 0.40390625 0.045312500000000006 0.0546875
0 0.43515625 0.4296875 0.0328125 0.053125000000000006
0 0.8539062500000001 0.42812500000000003 0.0421875 0.053125000000000006
0 0.9078125 0.39921875 0.05625 0.060937500000000006
0 0.9460937500000001 0.41328125000000004 0.0546875 0.0671875
