0 0.36796875 0.88984375 0.1421875 0.2171875
0 0.6734375 0.9765625 0.12812500000000002 0.043750000000000004
0 0.59921875 0.9320312500000001 0.1390625 0.1328125
0 0.69453125 0.9109375000000001 0.1296875 0.17500000000000002
0 0.7765625 0.92578125 0.15000000000000002 0.1453125
0 0.70859375 0.8859375 0.1203125 0.21250000000000002
0 0.81015625 0.9187500000000001 0.11406250000000001 0.15937500000000002
0 0.41250000000000003 0.9640625 0.10625000000000001 0.06875
0 0.31328125 0.9671875000000001 0.0765625 0.05
0 0.19062500000000002 0.85078125 0.134375 0.21406250000000002
0 0.24609375 0.55859375 0.11093750000000001 0.1796875
0 0.21328125 0.43046875 0.1265625 0.20468750000000002
0 0.16640625 0.58984375 0.11093750000000001 0.1796875
0 0.09375 0.571875 0.10625000000000001 0.15000000000000002
0 0.08125 0.4453125 0.10312500000000001 0.1625
0 0.051562500000000004 0.33906250000000004 0.10312500000000001 0.16875
0 0.025781250000000002 0.4859375 0.051562500000000004 0.14375000000000002
0 0.041406250000000006 0.7406250000000001 0.08281250000000001 0.21250000000000002
0 0.43984375000000003 0.45859375 0.0921875 0.1296875
0 0.5046875000000001 0.478125 0.1 0.15937500000000002
0 0.5789062500000001 0.46015625000000004 0.1171875 0.1546875
0 0.63828125 0.5625 0.1046875 0.15625
0 0.70859375 0.61875 0.0890625 0.12187500000000001
0 0.62109375 0.9046875000000001 0.11093750000000001 0.15000000000000002
0 0.846875 0.596875 0.08750000000000001 0.12812500000000002
0 0.9078125 0.56015625 0.1125 0.1609375
0 0.946875 0.48281250000000003 0.0625 0.125
0 0.7375 0.46015625000000004 0.09062500000000001 0.15156250000000002
0 0.6921875000000001 0.49843750000000003 0.10625000000000001 0.171875
0 0.6703125000000001 0.41328125000000004 0.09062500000000001 0.15156250000000002
0 0.75703125 0.34375 0.0734375 0.1125
0 0.70234375 0.29531250000000003 0.0859375 0.1375
0 0.875 0.321875 0.059375000000000004 0.09375
0 0.9359375000000001 0.18671875000000002 0.046875 0.0671875
0 0.9484375 0.18125000000000002 0.034375 0.084375
0 0.9593750000000001 0.18671875000000002 0.0125 0.07968750000000001
0 0.53046875 0.26406250000000003 0.0890625 0.140625
0 0.46718750000000003 0.35625 0.09062500000000001 0.125
0 0.42734375 0.4078125 0.07968750000000001 0.12187500000000001
0 0.5554687500000001 0.39687500000000003 0.0890625 0.14375000000000002
0 0.5671875000000001 0.10546875 0.06875 0.11093750000000001
0 0.40468750000000003 0.06640625 0.07187500000000001 0.09531250000000001
0 0.3328125 0.17343750000000002 0.08750000000000001 0.1375
0 0.384375 0.17265625 0.09375 0.13593750000000002
0 0.2859375 0.1390625 0.084375 0.134375
0 0.28671875 0.23046875 0.0703125 0.0921875
0 0.34765625 0.2484375 0.06406250000000001 0.1
0 0.37812500000000004 0.2515625 0.07500000000000001 0.09375
0 0.12578125 0.47265625 0.09531250000000001 0.1421875
0 0.035937500000000004 0.43828125 0.07187500000000001 0.1796875
0 0.35781250000000003 0.06171875 0.078125 0.0890625
