0 0.5945312500000001 0.12734375 0.2078125 0.21406250000000002
0 0.65 0.30703125000000003 0.22187500000000002 0.2421875
0 0.48984375 0.28515625 0.2015625 0.2328125
0 0.40625 0.43515625 0.225 0.2546875
0 0.225 0.46328125000000003 0.184375 0.2265625
0 0.14609375 0.5242187500000001 0.16718750000000002 0.19843750000000002
0 0.109375 0.6742187500000001 0.13125 0.2078125
0 0.17734375000000002 0.64765625 0.1703125 0.2078125
0 0.26171875 0.63671875 0.15781250000000002 0.20468750000000002
0 0.278125 0.5015625 0.2 0.225
0 0.4453125 0.7296875 0.1375 0.15937500000000002
0 0.50703125 0.6898437500000001 0.1296875 0.1453125
0 0.46875 0.525 0.215625 0.22187500000000002
