0 0.7578125 0.9710937500000001 0.19062500000000002 0.0546875
0 0.5796875 0.92890625 0.23750000000000002 0.1390625
0 0.634375 0.7875000000000001 0.2 0.146875
0 0.48281250000000003 0.82578125 0.21250000000000002 0.1546875
0 0.54921875 0.73359375 0.17343750000000002 0.13593750000000002
0 0.36484375 0.77109375 0.1390625 0.1171875
0 0.34921875 0.67109375 0.1859375 0.1265625
0 0.35078125000000004 0.5710937500000001 0.2171875 0.15156250000000002
0 0.390625 0.47421875 0.21250000000000002 0.1546875
0 0.225 0.47187500000000004 0.21875 0.15937500000000002
0 0.34687500000000004 0.41484375 0.184375 0.1390625
0 0.33125000000000004 0.284375 0.21875 0.15937500000000002
0 0.23671875 0.35390625000000003 0.17343750000000002 0.1203125
0 0.49140625000000004 0.296875 0.13593750000000002 0.10625000000000001
0 0.58515625 0.23828125 0.1609375 0.1265625
0 0.49765625 0.11328125 0.1921875 0.1546875
0 0.34609375000000003 0.13203125000000002 0.18281250000000002 0.15156250000000002
0 0.31328125 0.049218750000000006 0.19843750000000002 0.07968750000000001
0 0.45703125 0.043750000000000004 0.1484375 0.07187500000000001
0 0.23125 0.07578125000000001 0.1875 0.1328125
