0 0.29531250000000003 0.5750000000000001 0.23750000000000002 0.2625
0 0.21484375 0.5078125 0.2609375 0.29375
0 0.4546875 0.4890625 0.25625000000000003 0.30000000000000004
0 0.5710937500000001 0.6257812500000001 0.2578125 0.2515625
0 0.6664062500000001 0.7546875000000001 0.2328125 0.246875
0 0.78671875 0.6703125000000001 0.24531250000000002 0.259375
0 0.609375 0.51796875 0.203125 0.2484375
0 0.73984375 0.5671875000000001 0.2109375 0.19687500000000002
0 0.8523437500000001 0.9171875 0.16718750000000002 0.1375
0 0.953125 0.875 0.09062500000000001 0.15937500000000002
0 0.8640625000000001 0.85546875 0.1625 0.1703125
0 0.7734375 0.48125 0.19062500000000002 0.15937500000000002
0 0.6921875000000001 0.34687500000000004 0.16562500000000002 0.184375
0 0.7898437500000001 0.4265625 0.1796875 0.20625000000000002
