0 0.52265625 0.029687500000000002 0.1046875 0.053125000000000006
0 0.13515625 0.35078125000000004 0.0921875 0.1296875
0 0.21250000000000002 0.353125 0.08750000000000001 0.16562500000000002
0 0.8617187500000001 0.039843750000000004 0.06406250000000001 0.07968750000000001
0 0.28750000000000003 0.39921875 0.07500000000000001 0.1796875
0 0.039843750000000004 0.41015625 0.0734375 0.1328125
0 0.10078125 0.46640625 0.08281250000000001 0.16718750000000002
0 0.15937500000000002 0.46640625 0.06875 0.1265625
0 0.025781250000000002 0.0484375 0.0484375 0.096875
0 0.7507812500000001 0.47890625000000003 0.0484375 0.1203125
0 0.6570312500000001 0.50625 0.06406250000000001 0.153125
0 0.0421875 0.50703125 0.06875 0.0859375
0 0.29921875000000003 0.5140625 0.06406250000000001 0.10312500000000001
0 0.22812500000000002 0.5234375 0.09062500000000001 0.18125000000000002
0 0.8679687500000001 0.53046875 0.0671875 0.1234375
0 0.5171875 0.5437500000000001 0.07500000000000001 0.146875
0 0.4546875 0.55390625 0.07500000000000001 0.1296875
0 0.7835937500000001 0.05625 0.11406250000000001 0.1125
0 0.6328125 0.5593750000000001 0.046875 0.10625000000000001
0 0.8359375 0.571875 0.05 0.115625
0 0.92109375 0.571875 0.0890625 0.13125
0 0.58515625 0.58125 0.0890625 0.15625
0 0.70234375 0.58203125 0.07968750000000001 0.17343750000000002
0 0.057031250000000006 0.59140625 0.07968750000000001 0.1234375
0 0.42578125 0.60703125 0.0578125 0.0921875
0 0.74609375 0.6234375000000001 0.060937500000000006 0.15937500000000002
0 0.49140625000000004 0.63828125 0.0703125 0.1296875
0 0.55234375 0.65234375 0.0671875 0.1203125
0 0.6664062500000001 0.6648437500000001 0.0671875 0.1296875
0 0.9578125000000001 0.6664062500000001 0.0625 0.1265625
0 0.45234375000000004 0.6687500000000001 0.0578125 0.115625
0 0.9148437500000001 0.671875 0.0421875 0.084375
0 0.31953125000000004 0.7250000000000001 0.051562500000000004 0.10312500000000001
0 0.2625 0.73203125 0.059375000000000004 0.0890625
0 0.36015625 0.7328125000000001 0.0546875 0.09375
0 0.73984375 0.74765625 0.0578125 0.1234375
0 0.503125 0.7640625000000001 0.0625 0.15625
0 0.67109375 0.7820312500000001 0.06406250000000001 0.1234375
0 0.29765625 0.7984375 0.0671875 0.1375
0 0.34296875000000004 0.8296875 0.0765625 0.1125
0 0.2390625 0.83203125 0.06875 0.1265625
0 0.6976562500000001 0.09140625000000001 0.1046875 0.18281250000000002
0 0.51171875 0.92890625 0.0484375 0.1265625
0 0.34453125 0.9328125 0.051562500000000004 0.13125
0 0.9609375 0.93515625 0.037500000000000006 0.0890625
0 0.88671875 0.9375 0.035937500000000004 0.096875
0 0.29531250000000003 0.94296875 0.05625 0.11093750000000001
0 0.5453125 0.9460937500000001 0.037500000000000006 0.07968750000000001
0 0.91796875 0.953125 0.0390625 0.08125
0 0.28359375000000003 0.1046875 0.1046875 0.19062500000000002
0 0.4609375 0.1078125 0.109375 0.203125
0 0.8703125 0.140625 0.10625000000000001 0.19687500000000002
0 0.07890625000000001 0.16875 0.0703125 0.19375
0 0.7859375000000001 0.16875 0.09062500000000001 0.16875
0 0.7054687500000001 0.1765625 0.1015625 0.1
0 0.42890625000000004 0.021875000000000002 0.0859375 0.043750000000000004
0 0.9 0.23046875 0.1 0.1234375
0 0.78671875 0.25703125 0.1078125 0.1203125
