0 0.29531250000000003 0.29453125 0.09375 0.0546875
0 0.31015625 0.3515625 0.1265625 0.065625
0 0.39140625 0.6218750000000001 0.11406250000000001 0.05625
0 0.415625 0.56796875 0.125 0.0703125
0 0.42421875000000003 0.1796875 0.1390625 0.065625
0 0.46484375 0.5437500000000001 0.1234375 0.0625
0 0.49453125000000003 0.09765625 0.0765625 0.0484375
0 0.496875 0.46484375 0.10312500000000001 0.0546875
0 0.52578125 0.14609375 0.1046875 0.060937500000000006
0 0.5671875000000001 0.5890625 0.084375 0.05
0 0.603125 0.390625 0.084375 0.05
0 0.6109375 0.6312500000000001 0.09062500000000001 0.05
0 0.62890625 0.8578125000000001 0.0734375 0.05
0 0.6781250000000001 0.384375 0.08750000000000001 0.046875
0 0.690625 0.625 0.09375 0.05
0 0.70078125 0.7796875000000001 0.1265625 0.07187500000000001
0 0.7109375 0.8390625 0.11875000000000001 0.06875
0 0.7406250000000001 0.43281250000000004 0.07500000000000001 0.037500000000000006
0 0.7468750000000001 0.4 0.08125 0.040625
0 0.7515625 0.22812500000000002 0.07187500000000001 0.037500000000000006
0 0.8445312500000001 0.11640625 0.07968750000000001 0.045312500000000006
0 0.8679687500000001 0.6234375000000001 0.07968750000000001 0.05
0 0.8914062500000001 0.15000000000000002 0.09843750000000001 0.05
0 0.90390625 0.1265625 0.0734375 0.059375000000000004
0 0.91953125 0.1625 0.045312500000000006 0.046875
