0 0.20546875 0.19843750000000002 0.0421875 0.053125000000000006
0 0.18671875000000002 0.19296875000000002 0.0390625 0.0546875
0 0.30625 0.08828125 0.043750000000000004 0.0546875
0 0.33828125000000003 0.08203125 0.045312500000000006 0.06406250000000001
0 0.328125 0.0546875 0.03125 0.037500000000000006
0 0.3875 0.04609375 0.05 0.060937500000000006
0 0.40468750000000003 0.0625 0.040625 0.05625
0 0.3296875 0.203125 0.040625 0.059375000000000004
0 0.3046875 0.20859375000000002 0.034375 0.0484375
0 0.2109375 0.42031250000000003 0.043750000000000004 0.059375000000000004
0 0.22578125000000002 0.434375 0.0390625 0.053125000000000006
0 0.625 0.0203125 0.059375000000000004 0.040625
0 0.68671875 0.037500000000000006 0.06406250000000001 0.07500000000000001
0 0.5632812500000001 0.3125 0.051562500000000004 0.07500000000000001
0 0.5609375 0.37109375 0.05625 0.0765625
0 0.49140625000000004 0.36484375 0.0421875 0.0578125
0 0.7625000000000001 0.051562500000000004 0.05625 0.078125
0 0.70625 0.32656250000000003 0.037500000000000006 0.043750000000000004
0 0.6820312500000001 0.4734375 0.0546875 0.06875
0 0.6976562500000001 0.4375 0.0546875 0.06875
0 0.7515625 0.48671875000000003 0.046875 0.0703125
0 0.77109375 0.5281250000000001 0.0546875 0.078125
0 0.83515625 0.22109375 0.0484375 0.060937500000000006
0 0.7921875 0.22812500000000002 0.043750000000000004 0.059375000000000004
0 0.90234375 0.21875 0.0421875 0.05625
0 0.915625 0.18281250000000002 0.040625 0.053125000000000006
0 0.8828125 0.1703125 0.037500000000000006 0.053125000000000006
0 0.85859375 0.178125 0.029687500000000002 0.037500000000000006
0 0.84296875 0.5671875000000001 0.045312500000000006 0.0625
0 0.23203125000000002 0.47500000000000003 0.051562500000000004 0.065625
