0 0.17578125 0.24765625000000002 0.16718750000000002 0.24531250000000002
0 0.30078125 0.22421875000000002 0.1640625 0.2546875
0 0.4234375 0.20703125 0.16562500000000002 0.23593750000000002
0 0.5484375 0.18515625000000002 0.1625 0.2390625
0 0.665625 0.16171875000000002 0.15937500000000002 0.24531250000000002
0 0.7875000000000001 0.13828125 0.15625 0.2234375
0 0.9046875000000001 0.11953125 0.15937500000000002 0.2390625
0 0.06875 0.26328125 0.125 0.2609375
0 0.134375 0.46328125000000003 0.171875 0.2515625
0 0.26953125 0.4390625 0.1703125 0.246875
0 0.39687500000000003 0.40703125 0.1625 0.2390625
0 0.5203125000000001 0.384375 0.15937500000000002 0.25
0 0.6468750000000001 0.3609375 0.15000000000000002 0.23750000000000002
0 0.76953125 0.33203125 0.1546875 0.2390625
0 0.88828125 0.31015625 0.1703125 0.2421875
0 0.10859375 0.6820312500000001 0.1609375 0.27968750000000003
0 0.23125 0.65390625 0.178125 0.26406250000000003
0 0.37109375 0.625 0.16718750000000002 0.25625000000000003
0 0.49843750000000003 0.59296875 0.171875 0.2515625
0 0.62421875 0.565625 0.16718750000000002 0.25625000000000003
0 0.7484375000000001 0.53828125 0.171875 0.2578125
0 0.87109375 0.509375 0.16718750000000002 0.25625000000000003
0 0.9554687500000001 0.48828125 0.0859375 0.24531250000000002
0 0.18828125 0.8695312500000001 0.1921875 0.2515625
0 0.33125000000000004 0.846875 0.184375 0.278125
0 0.46484375 0.8171875000000001 0.1765625 0.28750000000000003
0 0.59765625 0.78828125 0.1765625 0.2828125
0 0.73359375 0.753125 0.17343750000000002 0.2625
0 0.86328125 0.728125 0.1640625 0.25
0 0.946875 0.69921875 0.10312500000000001 0.2671875
