0 0.8562500000000001 0.5796875 0.284375 0.21250000000000002
0 0.7296875 0.7265625 0.33125000000000004 0.21250000000000002
0 0.7609375 0.37734375000000003 0.33437500000000003 0.2265625
0 0.59296875 0.521875 0.30781250000000004 0.209375
0 0.478125 0.31093750000000003 0.321875 0.20625000000000002
0 0.434375 0.67734375 0.31875000000000003 0.20468750000000002
0 0.3125 0.46875 0.325 0.22187500000000002
0 0.19921875 0.26328125 0.3015625 0.2078125
0 0.17578125 0.6335937500000001 0.2578125 0.2171875
0 0.11328125 0.43593750000000003 0.1640625 0.2
