0 0.5281250000000001 0.48750000000000004 0.08125 0.15000000000000002
0 0.60078125 0.453125 0.09531250000000001 0.15625
0 0.66953125 0.54921875 0.08281250000000001 0.1546875
0 0.284375 0.60859375 0.08750000000000001 0.17343750000000002
0 0.240625 0.48750000000000004 0.09375 0.19375
0 0.259375 0.8984375 0.1 0.2
0 0.30000000000000004 0.5359375000000001 0.096875 0.19062500000000002
0 0.20859375000000002 0.65234375 0.0859375 0.1765625
0 0.46328125000000003 0.47265625 0.0703125 0.1203125
0 0.71875 0.47500000000000003 0.08750000000000001 0.184375
0 0.75703125 0.43046875 0.07968750000000001 0.1640625
0 0.6875 0.4 0.07187500000000001 0.15937500000000002
0 0.44375000000000003 0.9007812500000001 0.115625 0.1953125
0 0.325 0.20703125 0.0625 0.1328125
0 0.27265625 0.18906250000000002 0.0734375 0.15937500000000002
0 0.37421875000000004 0.19843750000000002 0.07968750000000001 0.134375
0 0.534375 0.2703125 0.06875 0.153125
0 0.7039062500000001 0.26640625 0.0703125 0.1296875
0 0.7679687500000001 0.30703125000000003 0.06406250000000001 0.1203125
0 0.6859375000000001 0.9265625000000001 0.11875000000000001 0.14375000000000002
0 0.76953125 0.90390625 0.1015625 0.18906250000000002
0 0.84296875 0.9070312500000001 0.1421875 0.18281250000000002
0 0.92890625 0.5046875000000001 0.1015625 0.15625
0 0.328125 0.078125 0.07500000000000001 0.12187500000000001
0 0.38359375 0.07968750000000001 0.0578125 0.12187500000000001
