0 0.503125 0.41796875 0.140625 0.1203125
0 0.6648437500000001 0.32656250000000003 0.11406250000000001 0.1
0 0.434375 0.33515625000000004 0.15937500000000002 0.1265625
0 0.4546875 0.22578125000000002 0.146875 0.1484375
0 0.5796875 0.32421875 0.109375 0.1078125
0 0.53046875 0.35703125 0.1421875 0.1203125
0 0.34687500000000004 0.6351562500000001 0.084375 0.0671875
0 0.28203125 0.80625 0.1015625 0.084375
0 0.6796875 0.7484375000000001 0.1125 0.06875
0 0.46171875 0.815625 0.1078125 0.078125
0 0.47109375000000003 0.7421875 0.1046875 0.07500000000000001
0 0.61328125 0.7156250000000001 0.1015625 0.078125
0 0.1859375 0.48750000000000004 0.07187500000000001 0.05625
0 0.125 0.5046875000000001 0.07187500000000001 0.05625
