0 0.3671875 0.1640625 0.12187500000000001 0.146875
0 0.42500000000000004 0.27421875 0.13125 0.1546875
0 0.36484375 0.39609375 0.1234375 0.1546875
0 0.3671875 0.53515625 0.125 0.15156250000000002
0 0.3671875 0.7703125000000001 0.125 0.15937500000000002
0 0.4265625 0.6507812500000001 0.1125 0.1484375
0 0.48750000000000004 0.7781250000000001 0.125 0.16562500000000002
0 0.47968750000000004 0.540625 0.115625 0.15000000000000002
0 0.47890625000000003 0.39453125 0.1203125 0.1609375
0 0.484375 0.1625 0.12187500000000001 0.1625
0 0.5437500000000001 0.27578125000000003 0.12812500000000002 0.1484375
0 0.60078125 0.1625 0.1234375 0.153125
0 0.540625 0.66328125 0.12187500000000001 0.1609375
0 0.6015625 0.79296875 0.12812500000000002 0.16718750000000002
0 0.603125 0.5375 0.13125 0.15000000000000002
0 0.59921875 0.39609375 0.1265625 0.15156250000000002
0 0.7210937500000001 0.8 0.1265625 0.17500000000000002
0 0.6609375000000001 0.6687500000000001 0.125 0.16562500000000002
0 0.71875 0.5484375 0.134375 0.15937500000000002
0 0.71796875 0.40156250000000004 0.1234375 0.15937500000000002
0 0.6585937500000001 0.28203125 0.1296875 0.15781250000000002
0 0.7195312500000001 0.16171875000000002 0.1328125 0.1546875
