0 0.6890625 0.10703125000000001 0.16875 0.16718750000000002
0 0.8109375000000001 0.1765625 0.14375000000000002 0.15000000000000002
0 0.8078125 0.125 0.15625 0.17500000000000002
0 0.60703125 0.24765625000000002 0.13593750000000002 0.1546875
0 0.45546875000000003 0.16484375 0.09843750000000001 0.11093750000000001
0 0.509375 0.07890625000000001 0.109375 0.1203125
0 0.55078125 0.20234375000000002 0.1234375 0.13593750000000002
0 0.5921875 0.146875 0.09375 0.109375
0 0.68515625 0.25859375 0.1015625 0.1203125
0 0.7390625000000001 0.3609375 0.115625 0.10312500000000001
0 0.8523437500000001 0.4453125 0.15781250000000002 0.1625
0 0.7250000000000001 0.6000000000000001 0.10625000000000001 0.10312500000000001
0 0.61328125 0.5828125000000001 0.1390625 0.15000000000000002
0 0.609375 0.48515625 0.109375 0.09843750000000001
0 0.48046875 0.38828125 0.0890625 0.1046875
0 0.30390625000000004 0.42812500000000003 0.17343750000000002 0.178125
0 0.17890625000000002 0.38984375000000004 0.1640625 0.16718750000000002
0 0.08359375000000001 0.39296875000000003 0.1640625 0.18906250000000002
0 0.08203125 0.22031250000000002 0.1609375 0.17500000000000002
0 0.24375000000000002 0.30703125000000003 0.07500000000000001 0.0765625
0 0.17265625 0.29453125 0.08281250000000001 0.0859375
0 0.1421875 0.24296875 0.06875 0.07968750000000001
0 0.13046875 0.55859375 0.1796875 0.1921875
0 0.24765625000000002 0.6046875 0.1796875 0.1875
0 0.3125 0.6921875000000001 0.17500000000000002 0.15625
0 0.3484375 0.57421875 0.06875 0.07968750000000001
0 0.30859375 0.5859375 0.0921875 0.096875
0 0.48203125 0.8148437500000001 0.1234375 0.13593750000000002
0 0.5593750000000001 0.640625 0.12812500000000002 0.13125
0 0.48750000000000004 0.675 0.10312500000000001 0.115625
0 0.43359375 0.66171875 0.08281250000000001 0.09531250000000001
0 0.6781250000000001 0.6664062500000001 0.078125 0.0859375
0 0.7523437500000001 0.69921875 0.0859375 0.0859375
0 0.37109375 0.7609375 0.1328125 0.1625
