0 0.5171875 0.3796875 0.434375 0.446875
0 0.5515625000000001 0.775 0.41250000000000003 0.446875
0 0.8515625 0.65234375 0.24375000000000002 0.3015625
0 0.11796875000000001 0.62109375 0.23593750000000002 0.2515625
0 0.11875000000000001 0.421875 0.23750000000000002 0.24375000000000002
0 0.24140625000000002 0.23984375000000002 0.2015625 0.22031250000000002
0 0.8875000000000001 0.40468750000000003 0.20625000000000002 0.25625000000000003
0 0.6492187500000001 0.16015625 0.2421875 0.21406250000000002
0 0.8757812500000001 0.2171875 0.035937500000000004 0.171875
0 0.44765625000000003 0.12890625 0.23593750000000002 0.1640625
