0 0.8453125 0.37578125 0.10625000000000001 0.1703125
0 0.703125 0.3359375 0.08750000000000001 0.1125
0 0.80390625 0.3375 0.1046875 0.140625
0 0.7367187500000001 0.4140625 0.08281250000000001 0.10312500000000001
0 0.7640625000000001 0.46875 0.09062500000000001 0.140625
0 0.8875000000000001 0.45937500000000003 0.040625 0.065625
0 0.1484375 0.49062500000000003 0.040625 0.065625
0 0.16718750000000002 0.49375 0.040625 0.059375000000000004
0 0.18671875000000002 0.5109375 0.035937500000000004 0.059375000000000004
0 0.36562500000000003 0.49453125000000003 0.037500000000000006 0.051562500000000004
0 0.33203125 0.5 0.026562500000000003 0.040625
0 0.31562500000000004 0.5320312500000001 0.03125 0.0546875
0 0.37343750000000003 0.521875 0.03125 0.046875
0 0.33203125 0.5390625 0.026562500000000003 0.040625
0 0.465625 0.51875 0.03125 0.046875
0 0.21328125 0.7421875 0.0390625 0.065625
0 0.4296875 0.234375 0.034375 0.05
0 0.509375 0.19765625 0.034375 0.060937500000000006
0 0.48203125 0.2 0.0328125 0.05
0 0.465625 0.21484375 0.028125 0.0421875
0 0.6078125000000001 0.571875 0.046875 0.05625
0 0.69921875 0.5554687500000001 0.0421875 0.0546875
0 0.8171875000000001 0.71875 0.043750000000000004 0.0625
0 0.8015625000000001 0.6976562500000001 0.040625 0.06406250000000001
0 0.6976562500000001 0.79609375 0.0421875 0.0671875
0 0.41718750000000004 0.70078125 0.03125 0.0484375
0 0.4453125 0.70234375 0.03125 0.0484375
0 0.43203125000000003 0.74375 0.0328125 0.053125000000000006
0 0.41171875 0.7835937500000001 0.035937500000000004 0.06406250000000001
0 0.42109375000000004 0.8390625 0.0328125 0.037500000000000006
0 0.58828125 0.58359375 0.0390625 0.0671875
0 0.5554687500000001 0.6179687500000001 0.035937500000000004 0.060937500000000006
0 0.59609375 0.7781250000000001 0.029687500000000002 0.046875
0 0.40859375000000003 0.2609375 0.0328125 0.046875
0 0.6804687500000001 0.496875 0.0390625 0.059375000000000004
0 0.6664062500000001 0.55 0.029687500000000002 0.034375
0 0.26484375 0.6296875000000001 0.029687500000000002 0.040625
