0 0.12812500000000002 0.721875 0.18125000000000002 0.215625
0 0.1171875 0.9 0.19062500000000002 0.19687500000000002
0 0.18515625000000002 0.65546875 0.1546875 0.18281250000000002
0 0.15625 0.9382812500000001 0.140625 0.1203125
0 0.3140625 0.31171875000000004 0.15937500000000002 0.1390625
0 0.26015625000000003 0.11875000000000001 0.1609375 0.109375
0 0.17890625000000002 0.46718750000000003 0.1609375 0.13125
0 0.22109375 0.50703125 0.1328125 0.0890625
0 0.29140625000000003 0.41250000000000003 0.09843750000000001 0.09375
0 0.309375 0.21640625000000002 0.134375 0.1171875
0 0.31171875000000004 0.134375 0.1296875 0.109375
0 0.34765625 0.0703125 0.0765625 0.021875000000000002
0 0.38984375000000004 0.2578125 0.11406250000000001 0.10312500000000001
0 0.765625 0.7734375 0.053125000000000006 0.053125000000000006
0 0.765625 0.74140625 0.053125000000000006 0.0484375
0 0.6984375 0.7742187500000001 0.059375000000000004 0.051562500000000004
0 0.7453125 0.7375 0.05 0.043750000000000004
0 0.7312500000000001 0.775 0.040625 0.046875
0 0.81796875 0.28203125 0.051562500000000004 0.0484375
0 0.7390625000000001 0.35781250000000003 0.059375000000000004 0.05
0 0.7515625 0.38593750000000004 0.046875 0.037500000000000006
0 0.7953125000000001 0.32343750000000004 0.059375000000000004 0.05
0 0.7546875000000001 0.33828125000000003 0.040625 0.0421875
0 0.7734375 0.36250000000000004 0.043750000000000004 0.040625
