0 0.22812500000000002 0.17421875 0.28125 0.3328125
0 0.86484375 0.35625 0.2671875 0.35625
0 0.6101562500000001 0.13125 0.2703125 0.225
0 0.4296875 0.060937500000000006 0.225 0.096875
0 0.41484375 0.109375 0.2609375 0.19375
0 0.3953125 0.36484375 0.309375 0.37031250000000004
0 0.67890625 0.32890625 0.2828125 0.3515625
0 0.7351562500000001 0.53359375 0.2921875 0.3171875
0 0.18125000000000002 0.43671875000000004 0.240625 0.3203125
0 0.33828125000000003 0.49296875 0.2015625 0.21406250000000002
0 0.20546875 0.7421875 0.2171875 0.278125
0 0.38046875 0.7828125 0.1796875 0.22812500000000002
0 0.58515625 0.7718750000000001 0.2078125 0.30000000000000004
0 0.52890625 0.75546875 0.1765625 0.23593750000000002
0 0.696875 0.68515625 0.19375 0.2078125
0 0.8070312500000001 0.73828125 0.1921875 0.23593750000000002
0 0.80234375 0.9421875000000001 0.1953125 0.1125
0 0.6671875 0.909375 0.153125 0.153125
