0 0.18515625000000002 0.19062500000000002 0.18281250000000002 0.30625
0 0.7992187500000001 0.6257812500000001 0.11093750000000001 0.1859375
0 0.525 0.3296875 0.1125 0.171875
0 0.5789062500000001 0.39765625000000004 0.1296875 0.20468750000000002
0 0.20546875 0.4859375 0.11093750000000001 0.178125
0 0.26640625 0.5234375 0.1015625 0.178125
0 0.31640625 0.496875 0.11406250000000001 0.1875
0 0.38828125 0.42890625000000004 0.1078125 0.1796875
0 0.45156250000000003 0.44765625000000003 0.125 0.2078125
0 0.51171875 0.47578125000000004 0.09531250000000001 0.16718750000000002
0 0.66328125 0.65625 0.0734375 0.125
0 0.63984375 0.5171875 0.0546875 0.08750000000000001
0 0.7117187500000001 0.51484375 0.0734375 0.11406250000000001
0 0.7757812500000001 0.48125 0.07968750000000001 0.10625000000000001
0 0.4 0.5875 0.06875 0.115625
0 0.3484375 0.6296875000000001 0.05625 0.09062500000000001
0 0.7328125000000001 0.7273437500000001 0.046875 0.0734375
0 0.74609375 0.7976562500000001 0.051562500000000004 0.08281250000000001
0 0.59765625 0.5015625 0.0390625 0.0625
0 0.022656250000000003 0.6570312500000001 0.045312500000000006 0.11406250000000001
0 0.15156250000000002 0.584375 0.05625 0.07500000000000001
0 0.47734375 0.5859375 0.0578125 0.10312500000000001
0 0.4453125 0.56484375 0.0625 0.1078125
