0 0.68125 0.328125 0.0625 0.125
0 0.92890625 0.3484375 0.0671875 0.246875
0 0.7156250000000001 0.35781250000000003 0.053125000000000006 0.134375
0 0.96015625 0.3609375 0.0765625 0.28750000000000003
0 0.8625 0.37109375 0.115625 0.2765625
0 0.47578125000000004 0.45859375 0.1609375 0.3640625
0 0.609375 0.49843750000000003 0.13125 0.321875
0 0.2328125 0.5476562500000001 0.140625 0.35781250000000003
0 0.47500000000000003 0.628125 0.115625 0.134375
0 0.03671875 0.6492187500000001 0.0734375 0.40468750000000003
0 0.084375 0.696875 0.14375000000000002 0.353125
