0 0.66796875 0.30781250000000004 0.06406250000000001 0.115625
0 0.9125000000000001 0.32578125 0.059375000000000004 0.2234375
0 0.7046875 0.33359375 0.046875 0.1171875
0 0.9539062500000001 0.34687500000000004 0.0890625 0.259375
0 0.85703125 0.3484375 0.1265625 0.24375000000000002
0 0.4703125 0.415625 0.15000000000000002 0.30000000000000004
0 0.6039062500000001 0.453125 0.1421875 0.28125
0 0.2328125 0.49531250000000004 0.14375000000000002 0.30312500000000003
0 0.47109375000000003 0.5796875 0.1265625 0.10312500000000001
0 0.04296875 0.59140625 0.0859375 0.3796875
0 0.0859375 0.62109375 0.140625 0.3203125
