0 0.15156250000000002 0.69921875 0.09375 0.1421875
0 0.17500000000000002 0.6078125000000001 0.1 0.1625
0 0.5890625 0.58359375 0.07500000000000001 0.1234375
0 0.51875 0.5710937500000001 0.078125 0.1265625
0 0.31484375000000003 0.5085937500000001 0.1015625 0.17343750000000002
0 0.97578125 0.5085937500000001 0.045312500000000006 0.1265625
0 0.8 0.5078125 0.07500000000000001 0.12812500000000002
0 0.22734375 0.4890625 0.09843750000000001 0.1875
0 0.925 0.478125 0.07500000000000001 0.1125
0 0.696875 0.4734375 0.059375000000000004 0.10625000000000001
0 0.75546875 0.446875 0.0671875 0.08750000000000001
0 0.65546875 0.43593750000000003 0.06406250000000001 0.11875000000000001
0 0.46171875 0.434375 0.09843750000000001 0.1625
0 0.39296875000000003 0.41484375 0.0765625 0.1453125
0 0.4390625 0.2828125 0.084375 0.134375
0 0.36171875000000003 0.28125 0.0765625 0.13125
0 0.3671875 0.19296875000000002 0.08125 0.0703125
