0 0.15156250000000002 0.30078125 0.09375 0.1421875
0 0.17500000000000002 0.3921875 0.1 0.1625
0 0.5890625 0.41640625000000003 0.07500000000000001 0.1234375
0 0.51875 0.43046875 0.078125 0.1265625
0 0.31484375000000003 0.49140625000000004 0.1015625 0.17343750000000002
0 0.97578125 0.49140625000000004 0.045312500000000006 0.1265625
0 0.8 0.4921875 0.07500000000000001 0.12812500000000002
0 0.22734375 0.5109375 0.09843750000000001 0.1875
0 0.925 0.521875 0.07500000000000001 0.1125
0 0.6960937500000001 0.5265625 0.060937500000000006 0.10625000000000001
0 0.75546875 0.55390625 0.0671875 0.0890625
0 0.65546875 0.5640625 0.06406250000000001 0.11875000000000001
0 0.46171875 0.56640625 0.09843750000000001 0.1640625
0 0.39296875000000003 0.5867187500000001 0.0765625 0.1453125
0 0.43828125 0.7171875000000001 0.08281250000000001 0.134375
0 0.36171875000000003 0.7195312500000001 0.0765625 0.1328125
0 0.3671875 0.8070312500000001 0.08125 0.0703125
