0 0.71875 0.765625 0.275 0.153125
0 0.671875 0.1296875 0.29375 0.19375
0 0.5796875 0.7890625 0.15937500000000002 0.146875
0 0.5453125 0.65 0.23125 0.16562500000000002
0 0.4453125 0.5140625 0.240625 0.146875
0 0.43593750000000003 0.27187500000000003 0.253125 0.15937500000000002
0 0.265625 0.42734375 0.253125 0.1421875
0 0.2578125 0.35000000000000003 0.22187500000000002 0.084375
0 0.25625000000000003 0.8390625 0.240625 0.15625
0 0.21328125 0.47500000000000003 0.1703125 0.07500000000000001
0 0.20468750000000002 0.9304687500000001 0.23125 0.13593750000000002
0 0.15546875000000002 0.78671875 0.22968750000000002 0.1390625
0 0.043750000000000004 0.8968750000000001 0.084375 0.10312500000000001
0 0.8500000000000001 0.23750000000000002 0.284375 0.178125
0 0.7585937500000001 0.6359375 0.27968750000000003 0.171875
