0 0.234375 0.28125 0.153125 0.275
0 0.8718750000000001 0.328125 0.19375 0.29375
0 0.2109375 0.42109375000000004 0.146875 0.1609375
0 0.3515625 0.4546875 0.16562500000000002 0.23125
0 0.4859375 0.5546875 0.146875 0.240625
0 0.728125 0.5640625 0.15937500000000002 0.253125
0 0.57265625 0.734375 0.1421875 0.253125
0 0.65 0.7429687500000001 0.084375 0.22031250000000002
0 0.1625 0.74375 0.15625 0.240625
0 0.52578125 0.78671875 0.0765625 0.1703125
0 0.07109375 0.79609375 0.13593750000000002 0.2328125
0 0.21328125 0.8460937500000001 0.1390625 0.22968750000000002
0 0.10312500000000001 0.95625 0.10312500000000001 0.084375
0 0.7640625000000001 0.15078125 0.178125 0.2859375
0 0.3640625 0.24140625000000002 0.171875 0.27968750000000003
