0 0.7140625 0.8515625 0.078125 0.13125
0 0.6640625 0.8375 0.05625 0.084375
0 0.084375 0.7898437500000001 0.07500000000000001 0.09843750000000001
0 0.34687500000000004 0.7375 0.06875 0.096875
0 0.41250000000000003 0.7265625 0.07187500000000001 0.096875
0 0.14375000000000002 0.66328125 0.06875 0.1234375
0 0.403125 0.6609375000000001 0.059375000000000004 0.05625
0 0.34687500000000004 0.6531250000000001 0.065625 0.09062500000000001
0 0.79453125 0.6375000000000001 0.0890625 0.10312500000000001
0 0.8406250000000001 0.6046875 0.07500000000000001 0.115625
0 0.6703125000000001 0.603125 0.0625 0.1
0 0.3015625 0.56875 0.07500000000000001 0.078125
0 0.7156250000000001 0.5515625000000001 0.059375000000000004 0.10625000000000001
0 0.8421875000000001 0.546875 0.07500000000000001 0.046875
0 0.9296875 0.54296875 0.09375 0.1203125
0 0.6609375000000001 0.52890625 0.059375000000000004 0.0859375
0 0.35000000000000003 0.515625 0.05625 0.09062500000000001
0 0.38125000000000003 0.503125 0.034375 0.09375
0 0.86640625 0.5015625 0.060937500000000006 0.065625
0 0.3046875 0.49531250000000004 0.0625 0.084375
0 0.50625 0.49375 0.053125000000000006 0.07187500000000001
0 0.6390625000000001 0.49375 0.05 0.078125
0 0.5476562500000001 0.4890625 0.045312500000000006 0.06875
0 0.5921875 0.47500000000000003 0.05625 0.08750000000000001
0 0.6781250000000001 0.4625 0.046875 0.06875
0 0.5640625 0.4265625 0.040625 0.078125
0 0.5281250000000001 0.42421875000000003 0.043750000000000004 0.0765625
0 0.6359375 0.4234375 0.043750000000000004 0.08750000000000001
0 0.6015625 0.41250000000000003 0.05 0.09062500000000001
0 0.415625 0.40468750000000003 0.053125000000000006 0.09062500000000001
0 0.68671875 0.3921875 0.045312500000000006 0.08125
0 0.7406250000000001 0.38906250000000003 0.028125 0.065625
0 0.8968750000000001 0.38593750000000004 0.034375 0.053125000000000006
0 0.5578125 0.3796875 0.05 0.059375000000000004
0 0.37421875000000004 0.37734375000000003 0.051562500000000004 0.09531250000000001
0 0.328125 0.35781250000000003 0.053125000000000006 0.09062500000000001
0 0.84375 0.353125 0.043750000000000004 0.0625
0 0.7015625000000001 0.35000000000000003 0.046875 0.09062500000000001
0 0.41250000000000003 0.33984375 0.043750000000000004 0.051562500000000004
0 0.721875 0.3328125 0.040625 0.09062500000000001
0 0.1796875 0.31562500000000004 0.053125000000000006 0.09062500000000001
0 0.36875 0.3046875 0.053125000000000006 0.07187500000000001
0 0.9 0.290625 0.08125 0.14375000000000002
0 0.5390625 0.28125 0.043750000000000004 0.084375
0 0.05625 0.28125 0.025 0.09062500000000001
0 0.2234375 0.27968750000000003 0.053125000000000006 0.096875
0 0.7937500000000001 0.9265625000000001 0.07500000000000001 0.13125
0 0.2515625 0.2578125 0.040625 0.09062500000000001
0 0.19375 0.25078125 0.043750000000000004 0.06406250000000001
0 0.60859375 0.23515625 0.035937500000000004 0.06406250000000001
0 0.44921875 0.23125 0.045312500000000006 0.078125
0 0.9359375000000001 0.22578125000000002 0.034375 0.060937500000000006
0 0.41250000000000003 0.2109375 0.043750000000000004 0.06875
0 0.690625 0.203125 0.025 0.059375000000000004
0 0.6609375000000001 0.2 0.040625 0.07187500000000001
0 0.9515625000000001 0.18906250000000002 0.03125 0.05625
0 0.45156250000000003 0.178125 0.046875 0.07187500000000001
0 0.6570312500000001 0.9171875 0.0890625 0.08750000000000001
0 0.9343750000000001 0.16562500000000002 0.040625 0.059375000000000004
0 0.42109375000000004 0.1625 0.0390625 0.05625
0 0.6703125000000001 0.16171875000000002 0.040625 0.060937500000000006
0 0.24375000000000002 0.1375 0.046875 0.08125
0 0.9015625 0.1265625 0.037500000000000006 0.065625
0 0.2 0.11875000000000001 0.043750000000000004 0.07500000000000001
0 0.225 0.07968750000000001 0.043750000000000004 0.06875
0 0.08515625 0.0578125 0.0390625 0.07500000000000001
0 0.125 0.035937500000000004 0.040625 0.07187500000000001
0 0.096875 0.8812500000000001 0.078125 0.11875000000000001
