0 0.8515625 0.2859375 0.13125 0.078125
0 0.8375 0.3375 0.084375 0.05625
0 0.7898437500000001 0.9171875 0.09843750000000001 0.07500000000000001
0 0.7375 0.6546875000000001 0.096875 0.06875
0 0.7265625 0.5890625 0.096875 0.07187500000000001
0 0.66328125 0.85703125 0.1234375 0.0703125
0 0.6609375000000001 0.5984375000000001 0.05625 0.059375000000000004
0 0.6531250000000001 0.6531250000000001 0.09062500000000001 0.065625
0 0.6375000000000001 0.20703125 0.10312500000000001 0.0890625
0 0.6046875 0.1609375 0.115625 0.07500000000000001
0 0.603125 0.3296875 0.1 0.0625
0 0.56875 0.6984375 0.078125 0.07500000000000001
0 0.5515625000000001 0.284375 0.10625000000000001 0.059375000000000004
0 0.546875 0.15937500000000002 0.046875 0.07500000000000001
0 0.54296875 0.07187500000000001 0.1203125 0.09375
0 0.52890625 0.340625 0.0859375 0.059375000000000004
0 0.515625 0.6515625 0.09062500000000001 0.05625
0 0.503125 0.6203125 0.09375 0.034375
0 0.5015625 0.13515625 0.065625 0.060937500000000006
0 0.49531250000000004 0.696875 0.084375 0.0625
0 0.49375 0.49531250000000004 0.07187500000000001 0.053125000000000006
0 0.49375 0.3609375 0.078125 0.05
0 0.4890625 0.45390625 0.06875 0.045312500000000006
0 0.47500000000000003 0.40937500000000004 0.08750000000000001 0.05625
0 0.4625 0.321875 0.06875 0.046875
0 0.4265625 0.4375 0.078125 0.040625
0 0.42421875000000003 0.4734375 0.0765625 0.043750000000000004
0 0.4234375 0.36562500000000003 0.08750000000000001 0.043750000000000004
0 0.41250000000000003 0.3984375 0.09062500000000001 0.05
0 0.40468750000000003 0.5859375 0.09062500000000001 0.053125000000000006
0 0.3921875 0.31484375000000003 0.08125 0.045312500000000006
0 0.38906250000000003 0.2609375 0.065625 0.028125
0 0.38593750000000004 0.1046875 0.053125000000000006 0.034375
0 0.3796875 0.4421875 0.059375000000000004 0.05
0 0.37734375000000003 0.6273437500000001 0.09531250000000001 0.051562500000000004
0 0.35781250000000003 0.671875 0.09062500000000001 0.053125000000000006
0 0.353125 0.15781250000000002 0.0625 0.043750000000000004
0 0.35000000000000003 0.30000000000000004 0.09062500000000001 0.046875
0 0.33984375 0.5890625 0.051562500000000004 0.043750000000000004
0 0.3328125 0.278125 0.09062500000000001 0.040625
0 0.31562500000000004 0.821875 0.09062500000000001 0.053125000000000006
0 0.3046875 0.6312500000000001 0.07187500000000001 0.053125000000000006
0 0.290625 0.1015625 0.14375000000000002 0.08125
0 0.28125 0.4625 0.084375 0.043750000000000004
0 0.28125 0.9437500000000001 0.09062500000000001 0.025
0 0.27968750000000003 0.7765625 0.096875 0.053125000000000006
0 0.9265625000000001 0.2078125 0.13125 0.07500000000000001
0 0.2578125 0.7484375000000001 0.09062500000000001 0.040625
0 0.25078125 0.80625 0.06406250000000001 0.043750000000000004
0 0.23515625 0.39296875000000003 0.06406250000000001 0.035937500000000004
0 0.23125 0.55234375 0.078125 0.045312500000000006
0 0.22578125000000002 0.065625 0.060937500000000006 0.034375
0 0.2109375 0.5875 0.06875 0.043750000000000004
0 0.203125 0.309375 0.059375000000000004 0.025
0 0.2 0.33906250000000004 0.07187500000000001 0.040625
0 0.18906250000000002 0.05 0.05625 0.03125
0 0.178125 0.55 0.07187500000000001 0.046875
0 0.9171875 0.34453125 0.08750000000000001 0.0890625
0 0.16562500000000002 0.0671875 0.059375000000000004 0.040625
0 0.1625 0.58046875 0.05625 0.0390625
0 0.16171875000000002 0.3296875 0.060937500000000006 0.040625
0 0.1375 0.7578125 0.08125 0.046875
0 0.1265625 0.1 0.065625 0.037500000000000006
0 0.11875000000000001 0.80078125 0.07500000000000001 0.045312500000000006
0 0.07968750000000001 0.775 0.06875 0.043750000000000004
0 0.0578125 0.9148437500000001 0.07500000000000001 0.0390625
0 0.035937500000000004 0.8765625 0.07187500000000001 0.040625
0 0.8812500000000001 0.9031250000000001 0.11875000000000001 0.078125
