0 0.7140625 0.1484375 0.078125 0.13125
0 0.6640625 0.1625 0.05625 0.084375
0 0.084375 0.21015625000000002 0.07500000000000001 0.09843750000000001
0 0.34609375000000003 0.26406250000000003 0.0703125 0.096875
0 0.41171875 0.2734375 0.0703125 0.096875
0 0.14375000000000002 0.33828125000000003 0.06875 0.1234375
0 0.40234375 0.33906250000000004 0.0578125 0.05625
0 0.34687500000000004 0.34765625 0.065625 0.0890625
0 0.79453125 0.36328125 0.0890625 0.1015625
0 0.83984375 0.3953125 0.0765625 0.115625
0 0.6703125000000001 0.39687500000000003 0.0625 0.1
0 0.3015625 0.43125 0.07500000000000001 0.078125
0 0.7156250000000001 0.44921875 0.059375000000000004 0.1046875
0 0.84140625 0.4546875 0.0734375 0.046875
0 0.9296875 0.45703125 0.09375 0.1203125
0 0.6609375000000001 0.47265625 0.059375000000000004 0.0859375
0 0.35000000000000003 0.48515625 0.05625 0.0921875
0 0.38046875 0.49765625 0.035937500000000004 0.09531250000000001
0 0.86640625 0.49921875000000004 0.060937500000000006 0.0671875
0 0.30390625000000004 0.5046875000000001 0.060937500000000006 0.084375
0 0.50625 0.50703125 0.053125000000000006 0.0703125
0 0.6390625000000001 0.50703125 0.05 0.07968750000000001
0 0.5476562500000001 0.5109375 0.045312500000000006 0.06875
0 0.59140625 0.525 0.0546875 0.08750000000000001
0 0.6781250000000001 0.53828125 0.046875 0.0703125
0 0.5632812500000001 0.57421875 0.0421875 0.0765625
0 0.5281250000000001 0.57734375 0.043750000000000004 0.0765625
0 0.6351562500000001 0.578125 0.0421875 0.08750000000000001
0 0.6015625 0.5875 0.05 0.09062500000000001
0 0.41484375 0.59609375 0.0546875 0.0921875
0 0.68671875 0.60859375 0.045312500000000006 0.07968750000000001
0 0.7406250000000001 0.6109375 0.028125 0.065625
0 0.8968750000000001 0.6140625000000001 0.034375 0.053125000000000006
0 0.5578125 0.6203125 0.05 0.059375000000000004
0 0.37421875000000004 0.62421875 0.051562500000000004 0.09531250000000001
0 0.328125 0.6421875 0.053125000000000006 0.09062500000000001
0 0.84296875 0.6468750000000001 0.045312500000000006 0.0625
0 0.7015625000000001 0.6507812500000001 0.046875 0.0921875
0 0.41171875 0.66171875 0.0421875 0.051562500000000004
0 0.721875 0.66796875 0.040625 0.0890625
0 0.1796875 0.6843750000000001 0.053125000000000006 0.09062500000000001
0 0.36875 0.6953125 0.053125000000000006 0.07187500000000001
0 0.8992187500000001 0.7093750000000001 0.07968750000000001 0.14375000000000002
0 0.5390625 0.71875 0.043750000000000004 0.084375
0 0.05625 0.71875 0.025 0.09062500000000001
0 0.2234375 0.721875 0.053125000000000006 0.096875
0 0.79296875 0.07421875 0.0734375 0.1328125
0 0.2515625 0.7429687500000001 0.040625 0.0890625
0 0.19375 0.7507812500000001 0.043750000000000004 0.06406250000000001
0 0.60859375 0.7664062500000001 0.035937500000000004 0.06406250000000001
0 0.44921875 0.76875 0.045312500000000006 0.078125
0 0.93515625 0.7757812500000001 0.0328125 0.060937500000000006
0 0.41250000000000003 0.7898437500000001 0.043750000000000004 0.0671875
0 0.690625 0.7976562500000001 0.025 0.0578125
0 0.6609375000000001 0.80078125 0.040625 0.0703125
0 0.95078125 0.8109375000000001 0.0328125 0.05625
0 0.45078125 0.8234375 0.045312500000000006 0.07187500000000001
0 0.6570312500000001 0.084375 0.0890625 0.08750000000000001
0 0.93359375 0.83515625 0.0421875 0.0578125
0 0.42109375000000004 0.8375 0.0390625 0.05625
0 0.6703125000000001 0.83984375 0.040625 0.060937500000000006
0 0.24375000000000002 0.8625 0.046875 0.08125
0 0.9007812500000001 0.87421875 0.0390625 0.06406250000000001
0 0.2 0.8828125 0.043750000000000004 0.07500000000000001
0 0.225 0.9203125000000001 0.043750000000000004 0.06875
0 0.08515625 0.9437500000000001 0.0390625 0.07500000000000001
0 0.12421875 0.9632812500000001 0.0421875 0.0703125
0 0.096875 0.11875000000000001 0.078125 0.11875000000000001
