0 0.34218750000000003 0.665625 0.146875 0.31875000000000003
0 0.415625 0.640625 0.10625000000000001 0.28125
0 0.24765625000000002 0.58125 0.1328125 0.3125
0 0.8601562500000001 0.5515625000000001 0.1640625 0.321875
0 0.9281250000000001 0.46718750000000003 0.12187500000000001 0.184375
0 0.325 0.45625000000000004 0.134375 0.178125
0 0.3921875 0.42031250000000003 0.109375 0.19375
0 0.21875 0.89453125 0.15625 0.2015625
0 0.17578125 0.8484375000000001 0.1203125 0.24375000000000002
0 0.11875000000000001 0.9789062500000001 0.10312500000000001 0.0390625
