0 0.6578125 0.33437500000000003 0.146875 0.31875000000000003
0 0.58515625 0.36015625 0.1046875 0.2828125
0 0.7523437500000001 0.42031250000000003 0.1328125 0.3125
0 0.14140625 0.44843750000000004 0.1640625 0.321875
0 0.07187500000000001 0.53359375 0.12187500000000001 0.18281250000000002
0 0.6765625000000001 0.5437500000000001 0.134375 0.178125
0 0.60859375 0.58125 0.11093750000000001 0.19375
0 0.78125 0.10703125000000001 0.15625 0.2015625
0 0.82421875 0.15234375 0.1203125 0.2421875
0 0.8812500000000001 0.0203125 0.10312500000000001 0.040625
