0 0.6578125 0.665625 0.146875 0.31875000000000003
0 0.5859375 0.640625 0.10625000000000001 0.28125
0 0.7523437500000001 0.58125 0.1328125 0.3125
0 0.14140625 0.5515625000000001 0.1640625 0.321875
0 0.07187500000000001 0.46718750000000003 0.12187500000000001 0.184375
0 0.6765625000000001 0.45625000000000004 0.134375 0.178125
0 0.609375 0.42031250000000003 0.109375 0.19375
0 0.78125 0.89453125 0.15625 0.2015625
0 0.82421875 0.8484375000000001 0.1203125 0.24375000000000002
0 0.8812500000000001 0.9789062500000001 0.10312500000000001 0.0390625
