0 0.6953125 0.76484375 0.05625 0.0703125
0 0.6468750000000001 0.16015625 0.07500000000000001 0.0765625
0 0.6023437500000001 0.5265625 0.0765625 0.059375000000000004
0 0.584375 0.3140625 0.084375 0.05
0 0.58046875 0.2609375 0.08281250000000001 0.05625
0 0.578125 0.5593750000000001 0.07500000000000001 0.040625
0 0.5671875000000001 0.45703125 0.06875 0.0234375
0 0.565625 0.43125 0.07187500000000001 0.03125
0 0.55390625 0.48281250000000003 0.0765625 0.05
0 0.54453125 0.38671875 0.045312500000000006 0.029687500000000002
0 0.54296875 0.5203125000000001 0.0484375 0.043750000000000004
0 0.5390625 0.6953125 0.040625 0.025
0 0.5296875 0.4109375 0.040625 0.028125
0 0.5281250000000001 0.2703125 0.043750000000000004 0.05
0 0.5265625 0.125 0.065625 0.05625
0 0.5203125000000001 0.19375 0.07187500000000001 0.053125000000000006
0 0.5109375 0.5859375 0.0625 0.037500000000000006
0 0.5109375 0.55234375 0.0625 0.035937500000000004
0 0.51015625 0.309375 0.051562500000000004 0.040625
0 0.5015625 0.80859375 0.05625 0.029687500000000002
0 0.5 0.7390625000000001 0.037500000000000006 0.028125
0 0.49765625 0.7703125000000001 0.0484375 0.03125
0 0.49453125000000003 0.846875 0.0484375 0.040625
0 0.48984375 0.34921875 0.045312500000000006 0.029687500000000002
0 0.48203125 0.47500000000000003 0.045312500000000006 0.034375
0 0.47109375000000003 0.6648437500000001 0.045312500000000006 0.029687500000000002
0 0.46718750000000003 0.15937500000000002 0.06875 0.05
0 0.46171875 0.2703125 0.051562500000000004 0.043750000000000004
0 0.45234375000000004 0.5085937500000001 0.0484375 0.0234375
0 0.45234375000000004 0.48515625 0.0484375 0.029687500000000002
0 0.44375000000000003 0.665625 0.025 0.03125
0 0.41875 0.29140625000000003 0.05625 0.035937500000000004
0 0.41250000000000003 0.509375 0.043750000000000004 0.028125
0 0.4 0.1609375 0.07500000000000001 0.046875
0 0.3828125 0.1296875 0.07187500000000001 0.05
0 0.3796875 0.2625 0.05625 0.034375
0 0.37812500000000004 0.29765625 0.03125 0.029687500000000002
0 0.340625 0.2703125 0.043750000000000004 0.03125
0 0.3359375 0.24453125 0.040625 0.035937500000000004
0 0.325 0.0578125 0.0625 0.043750000000000004
0 0.3046875 0.043750000000000004 0.0625 0.037500000000000006
0 0.3015625 0.08750000000000001 0.065625 0.037500000000000006
0 0.8671875 0.5242187500000001 0.065625 0.1046875
0 0.8609375 0.41640625000000003 0.07500000000000001 0.1171875
0 0.8515625 0.46953125 0.040625 0.035937500000000004
0 0.84375 0.55625 0.10312500000000001 0.096875
0 0.8171875000000001 0.49609375 0.053125000000000006 0.051562500000000004
0 0.796875 0.571875 0.065625 0.07500000000000001
0 0.7718750000000001 0.8375 0.09062500000000001 0.043750000000000004
0 0.7640625000000001 0.31562500000000004 0.10312500000000001 0.05
0 0.753125 0.26328125 0.109375 0.051562500000000004
0 0.74609375 0.77734375 0.0765625 0.07968750000000001
0 0.73828125 0.10546875 0.11406250000000001 0.0578125
0 0.7328125000000001 0.21875 0.125 0.08125
0 0.728125 0.16171875000000002 0.134375 0.0703125
