0 0.23671875 0.3046875 0.0703125 0.05625
0 0.83984375 0.353125 0.0765625 0.07500000000000001
0 0.47421875 0.39765625000000004 0.060937500000000006 0.0765625
0 0.68671875 0.415625 0.0484375 0.084375
0 0.7390625000000001 0.42109375000000004 0.05625 0.08281250000000001
0 0.4421875 0.421875 0.040625 0.07500000000000001
0 0.54453125 0.43281250000000004 0.0234375 0.06875
0 0.56953125 0.434375 0.0328125 0.07187500000000001
0 0.51796875 0.44609375 0.0484375 0.0765625
0 0.61328125 0.45546875000000003 0.029687500000000002 0.045312500000000006
0 0.47968750000000004 0.45703125 0.043750000000000004 0.0484375
0 0.30546875 0.46171875 0.026562500000000003 0.0390625
0 0.5890625 0.4703125 0.028125 0.040625
0 0.7296875 0.47187500000000004 0.05 0.043750000000000004
0 0.8757812500000001 0.47500000000000003 0.0546875 0.065625
0 0.80625 0.47968750000000004 0.053125000000000006 0.07187500000000001
0 0.41484375 0.49062500000000003 0.0390625 0.0625
0 0.44765625000000003 0.49062500000000003 0.035937500000000004 0.0625
0 0.6921875000000001 0.48984375 0.040625 0.051562500000000004
0 0.19296875000000002 0.49843750000000003 0.029687500000000002 0.05625
0 0.2625 0.5 0.028125 0.037500000000000006
0 0.22968750000000002 0.50390625 0.03125 0.0484375
0 0.153125 0.50546875 0.040625 0.0484375
0 0.65234375 0.51015625 0.029687500000000002 0.045312500000000006
0 0.5265625 0.51953125 0.034375 0.045312500000000006
0 0.33515625000000004 0.53046875 0.029687500000000002 0.045312500000000006
0 0.8406250000000001 0.5328125 0.05 0.06875
0 0.73046875 0.53828125 0.0421875 0.051562500000000004
0 0.49296875 0.54921875 0.0234375 0.0484375
0 0.51484375 0.54921875 0.029687500000000002 0.0484375
0 0.33437500000000003 0.55703125 0.03125 0.026562500000000003
0 0.70859375 0.58125 0.035937500000000004 0.05625
0 0.49062500000000003 0.58828125 0.028125 0.0421875
0 0.8406250000000001 0.60078125 0.046875 0.0734375
0 0.87109375 0.6171875 0.0484375 0.07187500000000001
0 0.7375 0.62109375 0.034375 0.0578125
0 0.7039062500000001 0.6234375000000001 0.029687500000000002 0.03125
0 0.7296875 0.659375 0.03125 0.043750000000000004
0 0.75546875 0.6640625 0.035937500000000004 0.040625
0 0.9421875000000001 0.675 0.043750000000000004 0.0625
0 0.95703125 0.6953125 0.0390625 0.0625
0 0.9125000000000001 0.7000000000000001 0.037500000000000006 0.065625
0 0.47578125000000004 0.1328125 0.1046875 0.065625
0 0.58515625 0.13984375000000002 0.1171875 0.0734375
0 0.5320312500000001 0.1484375 0.035937500000000004 0.040625
0 0.44375000000000003 0.15703125 0.096875 0.1015625
0 0.50390625 0.18359375 0.051562500000000004 0.0546875
0 0.42812500000000003 0.20468750000000002 0.07500000000000001 0.065625
0 0.16328125000000002 0.22812500000000002 0.045312500000000006 0.09062500000000001
0 0.68515625 0.23671875 0.0484375 0.1015625
0 0.73828125 0.24765625000000002 0.051562500000000004 0.1078125
0 0.2234375 0.25546875 0.078125 0.0765625
0 0.89453125 0.26171875 0.0578125 0.11406250000000001
0 0.7828125 0.26875 0.08125 0.125
0 0.83984375 0.27187500000000003 0.0703125 0.134375
