0 0.7828125 0.24453125 0.07500000000000001 0.0921875
0 0.0671875 0.24765625000000002 0.13125 0.2328125
0 0.5078125 0.27109375 0.11875000000000001 0.0890625
0 0.1390625 0.28671875 0.13125 0.23593750000000002
0 0.34609375000000003 0.28750000000000003 0.11093750000000001 0.15000000000000002
0 0.8132812500000001 0.30000000000000004 0.045312500000000006 0.07187500000000001
0 0.2265625 0.31640625 0.11875000000000001 0.1921875
0 0.27734375 0.33984375 0.0734375 0.1328125
0 0.43593750000000003 0.35468750000000004 0.125 0.171875
0 0.8640625000000001 0.36250000000000004 0.084375 0.10625000000000001
0 0.6546875000000001 0.037500000000000006 0.14375000000000002 0.07500000000000001
0 0.35859375000000004 0.38203125000000004 0.07968750000000001 0.0703125
0 0.026562500000000003 0.38359375 0.053125000000000006 0.1078125
0 0.8140625 0.38359375 0.09375 0.15781250000000002
0 0.29375 0.3875 0.07500000000000001 0.06875
0 0.61484375 0.39296875000000003 0.08281250000000001 0.13593750000000002
0 0.7375 0.403125 0.08750000000000001 0.13125
0 0.5359375000000001 0.41328125000000004 0.096875 0.07968750000000001
0 0.38593750000000004 0.42734375 0.07500000000000001 0.07968750000000001
0 0.2578125 0.434375 0.11875000000000001 0.053125000000000006
0 0.11640625 0.43359375 0.15781250000000002 0.1921875
0 0.66328125 0.43671875000000004 0.060937500000000006 0.06406250000000001
0 0.7953125000000001 0.045312500000000006 0.15000000000000002 0.09062500000000001
0 0.278125 0.46406250000000004 0.078125 0.078125
0 0.037500000000000006 0.46484375 0.07500000000000001 0.1203125
0 0.465625 0.47578125000000004 0.08750000000000001 0.1203125
0 0.35781250000000003 0.48984375 0.09375 0.1453125
0 0.54921875 0.49765625 0.0921875 0.1296875
0 0.609375 0.50234375 0.05625 0.09843750000000001
0 0.4390625 0.5109375 0.065625 0.078125
0 0.65625 0.5109375 0.08125 0.07500000000000001
0 0.9203125000000001 0.5125000000000001 0.059375000000000004 0.109375
0 0.7054687500000001 0.51796875 0.0578125 0.07968750000000001
0 0.27265625 0.5242187500000001 0.0734375 0.0765625
0 0.14140625 0.5320312500000001 0.1234375 0.1484375
0 0.02890625 0.54140625 0.0578125 0.1203125
0 0.465625 0.546875 0.065625 0.07500000000000001
0 0.21328125 0.56171875 0.060937500000000006 0.09531250000000001
0 0.046875 0.56484375 0.05625 0.07968750000000001
0 0.5281250000000001 0.56640625 0.07187500000000001 0.0921875
0 0.359375 0.5703125 0.09375 0.078125
0 0.72265625 0.57421875 0.0734375 0.08281250000000001
0 0.08359375000000001 0.5875 0.07968750000000001 0.084375
0 0.28359375000000003 0.59296875 0.0765625 0.1046875
0 0.9695312500000001 0.5921875 0.0578125 0.09375
0 0.603125 0.60703125 0.065625 0.09843750000000001
0 0.8601562500000001 0.60859375 0.0328125 0.0671875
0 0.40390625 0.62109375 0.060937500000000006 0.0890625
0 0.51953125 0.6203125 0.0546875 0.05
0 0.71796875 0.6296875000000001 0.060937500000000006 0.06875
0 0.56640625 0.6375000000000001 0.0578125 0.07500000000000001
0 0.7507812500000001 0.6414062500000001 0.060937500000000006 0.0734375
0 0.91953125 0.6429687500000001 0.0734375 0.0890625
0 0.9460937500000001 0.06406250000000001 0.1046875 0.12812500000000002
0 0.45234375000000004 0.6492187500000001 0.06406250000000001 0.0890625
0 0.0703125 0.6492187500000001 0.07500000000000001 0.0671875
0 0.37812500000000004 0.6507812500000001 0.053125000000000006 0.0734375
0 0.2015625 0.665625 0.06875 0.109375
0 0.26328125 0.6664062500000001 0.0734375 0.0921875
0 0.54296875 0.6781250000000001 0.06406250000000001 0.05
0 0.42812500000000003 0.68359375 0.053125000000000006 0.06406250000000001
0 0.15546875000000002 0.6890625 0.051562500000000004 0.09375
0 0.3828125 0.6921875000000001 0.059375000000000004 0.059375000000000004
0 0.6507812500000001 0.6953125 0.0671875 0.07500000000000001
0 0.2234375 0.70859375 0.059375000000000004 0.0484375
0 0.33671875 0.7210937500000001 0.045312500000000006 0.0859375
0 0.571875 0.72265625 0.05625 0.07968750000000001
0 0.28984375 0.7289062500000001 0.0671875 0.07968750000000001
0 0.6765625000000001 0.0734375 0.1125 0.07500000000000001
0 0.2265625 0.7390625000000001 0.065625 0.05
0 0.384375 0.74609375 0.05625 0.06406250000000001
0 0.42812500000000003 0.7585937500000001 0.059375000000000004 0.0921875
0 0.6843750000000001 0.76328125 0.05 0.07968750000000001
0 0.10625000000000001 0.7765625 0.043750000000000004 0.053125000000000006
0 0.22421875000000002 0.078125 0.1921875 0.15625
0 0.80625 0.77890625 0.053125000000000006 0.06406250000000001
0 0.496875 0.7835937500000001 0.053125000000000006 0.0859375
0 0.9539062500000001 0.790625 0.0484375 0.078125
0 0.31796875 0.7984375 0.0578125 0.084375
0 0.9851562500000001 0.8046875 0.026562500000000003 0.084375
0 0.8523437500000001 0.81015625 0.045312500000000006 0.08281250000000001
0 0.40546875000000004 0.8148437500000001 0.0484375 0.0734375
0 0.07421875 0.8203125 0.051562500000000004 0.07187500000000001
0 0.79453125 0.8203125 0.0578125 0.07187500000000001
0 0.8148437500000001 0.821875 0.0484375 0.043750000000000004
0 0.6335937500000001 0.8265625000000001 0.051562500000000004 0.084375
0 0.96484375 0.8328125000000001 0.0390625 0.046875
0 0.59296875 0.8343750000000001 0.045312500000000006 0.084375
0 0.5515625000000001 0.8500000000000001 0.046875 0.08125
0 0.72421875 0.853125 0.0484375 0.07187500000000001
0 0.9453125 0.8546875 0.046875 0.06875
0 0.9867187500000001 0.86640625 0.0234375 0.0671875
0 0.8304687500000001 0.8835937500000001 0.045312500000000006 0.060937500000000006
0 0.79296875 0.8851562500000001 0.045312500000000006 0.0578125
0 0.8656250000000001 0.8875000000000001 0.037500000000000006 0.046875
0 0.75546875 0.8890625000000001 0.0421875 0.07187500000000001
0 0.04296875 0.8968750000000001 0.0546875 0.08750000000000001
0 0.49296875 0.8968750000000001 0.0390625 0.078125
0 0.68515625 0.8984375 0.0390625 0.084375
0 0.64453125 0.8992187500000001 0.0546875 0.0921875
0 0.5984375000000001 0.9 0.046875 0.0625
0 0.5265625 0.91015625 0.046875 0.06406250000000001
0 0.2703125 0.92109375 0.05 0.08281250000000001
0 0.8250000000000001 0.9281250000000001 0.046875 0.034375
0 0.51953125 0.96015625 0.045312500000000006 0.0671875
0 0.6171875 0.9609375 0.046875 0.046875
0 0.9500000000000001 0.9632812500000001 0.028125 0.0421875
0 0.9296875 0.971875 0.025 0.046875
0 0.8054687500000001 0.97421875 0.026562500000000003 0.0421875
0 0.77890625 0.9812500000000001 0.029687500000000002 0.034375
0 0.77890625 0.10859375 0.1328125 0.1234375
0 0.37031250000000004 0.11015625000000001 0.12812500000000002 0.22031250000000002
0 0.259375 0.13984375000000002 0.1875 0.2171875
0 0.51953125 0.14765625000000002 0.1546875 0.22968750000000002
0 0.9085937500000001 0.17421875 0.11406250000000001 0.1203125
0 0.39609375 0.2 0.1421875 0.21875
0 0.68359375 0.22109375 0.1203125 0.1390625
