0 0.45859375 0.2390625 0.2890625 0.31875000000000003
0 0.6109375 0.30859375 0.225 0.3015625
0 0.8992187500000001 0.3640625 0.19843750000000002 0.12187500000000001
0 0.9007812500000001 0.44140625 0.1703125 0.060937500000000006
0 0.6703125000000001 0.45937500000000003 0.22187500000000002 0.296875
0 0.31562500000000004 0.5046875000000001 0.2 0.225
0 0.815625 0.509375 0.153125 0.203125
0 0.49375 0.52109375 0.18125000000000002 0.2265625
0 0.025 0.565625 0.043750000000000004 0.184375
0 0.21953125 0.5859375 0.1296875 0.184375
0 0.5945312500000001 0.6265625 0.1859375 0.21250000000000002
0 0.7421875 0.6273437500000001 0.115625 0.15156250000000002
0 0.4625 0.67890625 0.115625 0.1421875
0 0.3609375 0.7054687500000001 0.078125 0.15156250000000002
0 0.11953125 0.71640625 0.1484375 0.15156250000000002
0 0.31015625 0.7250000000000001 0.07968750000000001 0.153125
0 0.032031250000000004 0.7296875 0.06406250000000001 0.171875
0 0.24609375 0.75 0.1390625 0.1625
0 0.055468750000000004 0.82734375 0.1015625 0.1421875
0 0.33984375 0.8445312500000001 0.0421875 0.0421875
0 0.11093750000000001 0.8484375000000001 0.08125 0.10312500000000001
0 0.3875 0.85703125 0.059375000000000004 0.0578125
0 0.42109375000000004 0.859375 0.035937500000000004 0.059375000000000004
0 0.20546875 0.8640625000000001 0.08281250000000001 0.09375
0 0.275 0.8656250000000001 0.10312500000000001 0.10625000000000001
0 0.6109375 0.87109375 0.053125000000000006 0.0390625
0 0.51484375 0.88828125 0.0484375 0.06406250000000001
0 0.43203125000000003 0.9070312500000001 0.0390625 0.035937500000000004
0 0.13671875 0.9125000000000001 0.1203125 0.146875
0 0.29531250000000003 0.9234375 0.10625000000000001 0.1125
0 0.5234375 0.9437500000000001 0.040625 0.046875
0 0.94296875 0.95859375 0.0890625 0.07968750000000001
0 0.3671875 0.9632812500000001 0.05 0.0671875
0 0.8234375 0.9656250000000001 0.115625 0.065625
0 0.33046875000000003 0.9851562500000001 0.051562500000000004 0.026562500000000003
0 0.6578125 0.9867187500000001 0.043750000000000004 0.0234375
0 0.87109375 0.11328125 0.2546875 0.1546875
