0 0.060937500000000006 0.8578125000000001 0.12187500000000001 0.28125
0 0.35781250000000003 0.6273437500000001 0.28125 0.3140625
0 0.45625000000000004 0.59375 0.234375 0.321875
0 0.134375 0.58984375 0.26875 0.3359375
0 0.0671875 0.4578125 0.125 0.1375
0 0.7351562500000001 0.4078125 0.20468750000000002 0.296875
0 0.37343750000000003 0.36953125000000003 0.25625000000000003 0.24531250000000002
0 0.6046875 0.36875 0.253125 0.30000000000000004
0 0.9046875000000001 0.2859375 0.125 0.22812500000000002
0 0.8234375 0.27578125000000003 0.171875 0.22968750000000002
0 0.48203125 0.2578125 0.20468750000000002 0.171875
0 0.946875 0.21015625000000002 0.10312500000000001 0.2171875
0 0.6765625000000001 0.203125 0.225 0.178125
0 0.784375 0.14375000000000002 0.10312500000000001 0.07187500000000001
0 0.6531250000000001 0.1 0.178125 0.12187500000000001
0 0.9484375 0.07890625000000001 0.1 0.15781250000000002
