0 0.9382812500000001 0.14140625 0.1203125 0.2828125
0 0.64375 0.37265625 0.28125 0.3140625
0 0.5453125 0.4078125 0.234375 0.321875
0 0.86484375 0.41015625 0.2671875 0.3359375
0 0.9343750000000001 0.5421875 0.125 0.1375
0 0.26640625 0.59296875 0.20468750000000002 0.2984375
0 0.6273437500000001 0.63046875 0.2546875 0.24531250000000002
0 0.39687500000000003 0.6312500000000001 0.253125 0.30000000000000004
0 0.09531250000000001 0.71484375 0.125 0.22968750000000002
0 0.17734375000000002 0.72578125 0.1703125 0.22968750000000002
0 0.51796875 0.7421875 0.20468750000000002 0.171875
0 0.053125000000000006 0.7914062500000001 0.10312500000000001 0.2171875
0 0.32343750000000004 0.796875 0.225 0.178125
0 0.21640625000000002 0.8562500000000001 0.1015625 0.07187500000000001
0 0.34765625 0.9007812500000001 0.1796875 0.1203125
0 0.05078125 0.9203125000000001 0.1015625 0.15625
