0 0.8578125000000001 0.9382812500000001 0.28125 0.1203125
0 0.6273437500000001 0.64375 0.3140625 0.28125
0 0.59375 0.5453125 0.321875 0.234375
0 0.58984375 0.86484375 0.3359375 0.2671875
0 0.4578125 0.9343750000000001 0.1375 0.125
0 0.4078125 0.26640625 0.296875 0.20468750000000002
0 0.36953125000000003 0.628125 0.24531250000000002 0.25625000000000003
0 0.36875 0.39687500000000003 0.30000000000000004 0.253125
0 0.2859375 0.09531250000000001 0.22812500000000002 0.125
0 0.27578125000000003 0.178125 0.22968750000000002 0.171875
0 0.2578125 0.51796875 0.171875 0.20468750000000002
0 0.21015625000000002 0.053125000000000006 0.2171875 0.10312500000000001
0 0.203125 0.32343750000000004 0.178125 0.225
0 0.14375000000000002 0.2171875 0.07187500000000001 0.10312500000000001
0 0.1 0.3484375 0.12187500000000001 0.178125
0 0.07890625000000001 0.05078125 0.15781250000000002 0.1015625
