0 0.42890625000000004 0.290625 0.09531250000000001 0.2
0 0.31875000000000003 0.30781250000000004 0.09062500000000001 0.22812500000000002
0 0.26640625 0.3171875 0.0578125 0.19687500000000002
0 0.49843750000000003 0.34218750000000003 0.09375 0.215625
0 0.58203125 0.3828125 0.0859375 0.1875
0 0.8343750000000001 0.40546875000000004 0.046875 0.09531250000000001
0 0.8031250000000001 0.4109375 0.037500000000000006 0.078125
0 0.8609375 0.42578125 0.028125 0.07968750000000001
0 0.6781250000000001 0.53359375 0.0625 0.13593750000000002
0 0.728125 0.5453125 0.05625 0.1375
0 0.734375 0.6375000000000001 0.05625 0.109375
0 0.6625000000000001 0.6609375000000001 0.059375000000000004 0.12187500000000001
0 0.7109375 0.7250000000000001 0.046875 0.1125
0 0.659375 0.7515625 0.0625 0.13125
0 0.5984375000000001 0.8609375 0.065625 0.13125
