0 0.57265625 0.28984375 0.09531250000000001 0.19843750000000002
0 0.6820312500000001 0.30781250000000004 0.0890625 0.22812500000000002
0 0.7351562500000001 0.31640625 0.0578125 0.1953125
0 0.50234375 0.34218750000000003 0.0921875 0.215625
0 0.41796875 0.3828125 0.0859375 0.1875
0 0.16718750000000002 0.40546875000000004 0.046875 0.09531250000000001
0 0.19687500000000002 0.4109375 0.037500000000000006 0.078125
0 0.1390625 0.42578125 0.028125 0.07968750000000001
0 0.321875 0.53359375 0.0625 0.13593750000000002
0 0.27265625 0.5453125 0.0578125 0.1375
0 0.26640625 0.6375000000000001 0.0578125 0.109375
0 0.3375 0.6609375000000001 0.059375000000000004 0.12187500000000001
0 0.290625 0.7250000000000001 0.046875 0.1125
0 0.34140625 0.7515625 0.06406250000000001 0.13125
0 0.40156250000000004 0.8601562500000001 0.065625 0.1328125
