0 0.47734375 0.96484375 0.09531250000000001 0.0671875
0 0.14453125 0.96484375 0.0546875 0.0671875
0 0.8609375 0.6531250000000001 0.08750000000000001 0.134375
0 0.78828125 0.6484375 0.07968750000000001 0.171875
0 0.71796875 0.6015625 0.0765625 0.16875
0 0.96640625 0.59921875 0.06406250000000001 0.1421875
0 0.8093750000000001 0.5593750000000001 0.040625 0.06875
0 0.84375 0.54296875 0.059375000000000004 0.1203125
0 0.89765625 0.5421875 0.07968750000000001 0.16562500000000002
0 0.253125 0.53125 0.05625 0.125
0 0.7046875 0.53046875 0.07187500000000001 0.1859375
0 0.96015625 0.5015625 0.0703125 0.09375
0 0.33906250000000004 0.49843750000000003 0.06875 0.140625
0 0.7734375 0.478125 0.084375 0.19687500000000002
0 0.1296875 0.46953125 0.06875 0.1171875
0 0.48359375000000004 0.45703125 0.0703125 0.1484375
0 0.55 0.45234375000000004 0.06875 0.1171875
0 0.2171875 0.94453125 0.10625000000000001 0.1078125
0 0.36640625000000004 0.44765625000000003 0.0546875 0.1203125
0 0.15781250000000002 0.4265625 0.059375000000000004 0.09375
0 0.08046875 0.4234375 0.0859375 0.140625
0 0.9460937500000001 0.41640625000000003 0.07968750000000001 0.1203125
0 0.4140625 0.415625 0.084375 0.140625
0 0.97578125 0.940625 0.045312500000000006 0.115625
0 0.30078125 0.4140625 0.0703125 0.16562500000000002
0 0.5765625 0.39687500000000003 0.059375000000000004 0.10312500000000001
0 0.25859375 0.37343750000000003 0.06406250000000001 0.15937500000000002
0 0.50703125 0.36015625 0.06406250000000001 0.11406250000000001
0 0.33203125 0.3453125 0.06406250000000001 0.1375
0 0.44921875 0.34218750000000003 0.060937500000000006 0.10312500000000001
0 0.5484375 0.33828125000000003 0.05625 0.1171875
0 0.045312500000000006 0.33359375 0.059375000000000004 0.1203125
0 0.0859375 0.3140625 0.040625 0.05625
0 0.478125 0.2984375 0.043750000000000004 0.059375000000000004
0 0.6421875 0.2671875 0.05 0.1
0 0.7390625000000001 0.265625 0.05625 0.09062500000000001
0 0.6734375 0.26406250000000003 0.046875 0.09375
0 0.26406250000000003 0.253125 0.059375000000000004 0.10625000000000001
0 0.49609375 0.2390625 0.060937500000000006 0.1375
0 0.18359375 0.234375 0.0234375 0.06875
0 0.328125 0.21875 0.0625 0.12812500000000002
0 0.7109375 0.2 0.05625 0.13125
0 0.6546875000000001 0.18046875 0.0625 0.1171875
0 0.153125 0.1796875 0.043750000000000004 0.05625
0 0.76171875 0.16796875 0.06406250000000001 0.1203125
0 0.29765625 0.91328125 0.09531250000000001 0.1703125
0 0.3984375 0.134375 0.043750000000000004 0.07500000000000001
0 0.33671875 0.078125 0.0328125 0.059375000000000004
0 0.36875 0.06875 0.034375 0.0625
0 0.48984375 0.0671875 0.045312500000000006 0.10625000000000001
0 0.70625 0.0625 0.05625 0.125
0 0.65625 0.0625 0.046875 0.125
0 0.4546875 0.05859375 0.03125 0.08281250000000001
0 0.1171875 0.05 0.037500000000000006 0.065625
0 0.07734375 0.040625 0.029687500000000002 0.065625
0 0.09843750000000001 0.035937500000000004 0.025 0.065625
0 0.496875 0.02109375 0.046875 0.0421875
0 0.71796875 0.8968750000000001 0.09531250000000001 0.2
0 0.5328125 0.8921875 0.1 0.19687500000000002
0 0.05 0.8679687500000001 0.06875 0.1546875
0 0.125 0.8656250000000001 0.09062500000000001 0.19375
0 0.9265625000000001 0.83515625 0.0625 0.1859375
0 0.215625 0.83359375 0.08750000000000001 0.1484375
0 0.28984375 0.8109375000000001 0.07968750000000001 0.06875
0 0.5789062500000001 0.9789062500000001 0.07968750000000001 0.0390625
0 0.096875 0.7679687500000001 0.06875 0.0859375
0 0.16171875000000002 0.7578125 0.045312500000000006 0.07187500000000001
0 0.21328125 0.7351562500000001 0.08281250000000001 0.08281250000000001
