0 0.52265625 0.96484375 0.09531250000000001 0.0671875
0 0.85546875 0.96484375 0.0546875 0.0671875
0 0.140625 0.6531250000000001 0.08750000000000001 0.134375
0 0.21171875 0.6484375 0.07968750000000001 0.171875
0 0.28203125 0.6015625 0.0765625 0.16875
0 0.0328125 0.59921875 0.065625 0.1421875
0 0.19062500000000002 0.5593750000000001 0.040625 0.06875
0 0.15625 0.54296875 0.059375000000000004 0.1203125
0 0.10234375000000001 0.5421875 0.07968750000000001 0.16562500000000002
0 0.7468750000000001 0.53125 0.05625 0.125
0 0.296875 0.53046875 0.07187500000000001 0.1859375
0 0.041406250000000006 0.5015625 0.0703125 0.09375
0 0.6609375000000001 0.49843750000000003 0.06875 0.140625
0 0.22812500000000002 0.478125 0.084375 0.19687500000000002
0 0.8703125 0.46953125 0.06875 0.1171875
0 0.51796875 0.45703125 0.0703125 0.1484375
0 0.45 0.45234375000000004 0.06875 0.1171875
0 0.7828125 0.94453125 0.10625000000000001 0.1078125
0 0.6351562500000001 0.44765625000000003 0.0546875 0.1203125
0 0.8421875000000001 0.4265625 0.059375000000000004 0.09375
0 0.92109375 0.4234375 0.0859375 0.140625
0 0.05390625 0.41640625000000003 0.07968750000000001 0.1203125
0 0.5875 0.415625 0.084375 0.140625
0 0.0234375 0.940625 0.046875 0.115625
0 0.69921875 0.4140625 0.0703125 0.16562500000000002
0 0.4234375 0.39687500000000003 0.059375000000000004 0.10312500000000001
0 0.74140625 0.37343750000000003 0.06406250000000001 0.15937500000000002
0 0.49296875 0.36015625 0.06406250000000001 0.11406250000000001
0 0.66953125 0.3453125 0.06406250000000001 0.1375
0 0.55234375 0.34218750000000003 0.060937500000000006 0.10312500000000001
0 0.453125 0.33828125000000003 0.05625 0.1171875
0 0.9546875 0.33359375 0.059375000000000004 0.1203125
0 0.915625 0.3140625 0.040625 0.05625
0 0.521875 0.2984375 0.043750000000000004 0.059375000000000004
0 0.35781250000000003 0.2671875 0.05 0.1
0 0.2609375 0.265625 0.05625 0.09062500000000001
0 0.32656250000000003 0.26406250000000003 0.046875 0.09375
0 0.7359375 0.253125 0.059375000000000004 0.10625000000000001
0 0.50546875 0.2390625 0.060937500000000006 0.1375
0 0.81640625 0.234375 0.0234375 0.06875
0 0.671875 0.21875 0.0625 0.12812500000000002
0 0.290625 0.2 0.05625 0.13125
0 0.3453125 0.18046875 0.0625 0.1171875
0 0.8484375000000001 0.1796875 0.043750000000000004 0.05625
0 0.23984375000000002 0.16796875 0.06406250000000001 0.1203125
0 0.70234375 0.91328125 0.09531250000000001 0.1703125
0 0.6015625 0.134375 0.043750000000000004 0.07500000000000001
0 0.66328125 0.078125 0.0328125 0.059375000000000004
0 0.6312500000000001 0.06875 0.034375 0.0625
0 0.51171875 0.0671875 0.045312500000000006 0.10625000000000001
0 0.29375 0.0625 0.05625 0.125
0 0.34375 0.0625 0.046875 0.125
0 0.5453125 0.05859375 0.03125 0.08281250000000001
0 0.884375 0.05 0.037500000000000006 0.065625
0 0.9226562500000001 0.040625 0.029687500000000002 0.065625
0 0.9015625 0.035937500000000004 0.025 0.065625
0 0.503125 0.02109375 0.046875 0.0421875
0 0.28203125 0.8968750000000001 0.09531250000000001 0.2
0 0.46875 0.8921875 0.1 0.19687500000000002
0 0.9500000000000001 0.8671875 0.06875 0.15625
0 0.875 0.8656250000000001 0.09062500000000001 0.19375
0 0.07500000000000001 0.83515625 0.0625 0.1859375
0 0.784375 0.83359375 0.08750000000000001 0.1484375
0 0.71015625 0.8109375000000001 0.07968750000000001 0.06875
0 0.42109375000000004 0.9789062500000001 0.07968750000000001 0.0390625
0 0.9031250000000001 0.7679687500000001 0.06875 0.0859375
0 0.83984375 0.7578125 0.045312500000000006 0.07187500000000001
0 0.7875000000000001 0.7351562500000001 0.08125 0.08281250000000001
