0 0.52265625 0.034375 0.09531250000000001 0.06875
0 0.85546875 0.034375 0.0546875 0.06875
0 0.140625 0.34687500000000004 0.08750000000000001 0.134375
0 0.21171875 0.3515625 0.07968750000000001 0.171875
0 0.28203125 0.3984375 0.0765625 0.16875
0 0.0328125 0.40078125000000003 0.065625 0.1421875
0 0.19062500000000002 0.4421875 0.040625 0.06875
0 0.15625 0.45703125 0.059375000000000004 0.1203125
0 0.10234375000000001 0.45937500000000003 0.07968750000000001 0.16562500000000002
0 0.7468750000000001 0.46875 0.05625 0.125
0 0.296875 0.47109375000000003 0.07187500000000001 0.1859375
0 0.041406250000000006 0.49843750000000003 0.0703125 0.09375
0 0.6609375000000001 0.5015625 0.06875 0.140625
0 0.22812500000000002 0.5234375 0.084375 0.19687500000000002
0 0.8703125 0.5320312500000001 0.06875 0.1171875
0 0.51796875 0.54296875 0.0703125 0.1484375
0 0.45 0.54921875 0.06875 0.1171875
0 0.7828125 0.055468750000000004 0.10625000000000001 0.11093750000000001
0 0.6351562500000001 0.55390625 0.0546875 0.1203125
0 0.8421875000000001 0.57421875 0.059375000000000004 0.0921875
0 0.92109375 0.57734375 0.0859375 0.1421875
0 0.05390625 0.58515625 0.07968750000000001 0.1203125
0 0.5875 0.584375 0.084375 0.140625
0 0.0234375 0.05859375 0.046875 0.1171875
0 0.69921875 0.5859375 0.0703125 0.16562500000000002
0 0.4234375 0.603125 0.059375000000000004 0.10312500000000001
0 0.74140625 0.6273437500000001 0.06406250000000001 0.15781250000000002
0 0.49296875 0.63984375 0.06406250000000001 0.11406250000000001
0 0.66953125 0.65546875 0.06406250000000001 0.1390625
0 0.55234375 0.659375 0.060937500000000006 0.10312500000000001
0 0.453125 0.66171875 0.05625 0.1171875
0 0.9546875 0.66796875 0.059375000000000004 0.1203125
0 0.915625 0.6859375000000001 0.040625 0.05625
0 0.521875 0.7015625000000001 0.043750000000000004 0.059375000000000004
0 0.35781250000000003 0.7328125000000001 0.05 0.1
0 0.2609375 0.734375 0.05625 0.09062500000000001
0 0.32656250000000003 0.7359375 0.046875 0.09375
0 0.7359375 0.7468750000000001 0.059375000000000004 0.10625000000000001
0 0.50546875 0.76171875 0.060937500000000006 0.1390625
0 0.81640625 0.765625 0.0234375 0.06875
0 0.671875 0.78125 0.0625 0.12812500000000002
0 0.290625 0.8 0.05625 0.13125
0 0.3453125 0.8210937500000001 0.0625 0.1171875
0 0.84765625 0.8203125 0.0421875 0.05625
0 0.23984375000000002 0.83359375 0.06406250000000001 0.1203125
0 0.70234375 0.0859375 0.09531250000000001 0.171875
0 0.6015625 0.8656250000000001 0.043750000000000004 0.07500000000000001
0 0.66328125 0.9226562500000001 0.0328125 0.0578125
0 0.6312500000000001 0.93125 0.034375 0.0625
0 0.51171875 0.9328125 0.045312500000000006 0.10625000000000001
0 0.29375 0.93671875 0.05625 0.1234375
0 0.34375 0.93671875 0.046875 0.1234375
0 0.5453125 0.94140625 0.03125 0.08281250000000001
0 0.884375 0.9500000000000001 0.037500000000000006 0.065625
0 0.9226562500000001 0.9609375 0.029687500000000002 0.065625
0 0.9015625 0.9640625 0.025 0.065625
0 0.503125 0.978125 0.046875 0.040625
0 0.28203125 0.10312500000000001 0.09531250000000001 0.2
0 0.46875 0.109375 0.1 0.19687500000000002
0 0.9500000000000001 0.1328125 0.06875 0.15625
0 0.875 0.134375 0.09062500000000001 0.19375
0 0.07500000000000001 0.16640625 0.0625 0.1859375
0 0.784375 0.16796875 0.08750000000000001 0.1484375
0 0.71015625 0.19062500000000002 0.07968750000000001 0.06875
0 0.42109375000000004 0.0203125 0.07968750000000001 0.040625
0 0.9031250000000001 0.23359375000000002 0.06875 0.0859375
0 0.83984375 0.24296875 0.045312500000000006 0.0734375
0 0.7875000000000001 0.26640625 0.08125 0.08281250000000001
