0 0.1328125 0.0171875 0.046875 0.034375
0 0.6937500000000001 0.16953125000000002 0.040625 0.0484375
0 0.55390625 0.17109375000000002 0.045312500000000006 0.09531250000000001
0 0.7507812500000001 0.017968750000000002 0.0484375 0.035937500000000004
0 0.79453125 0.0203125 0.045312500000000006 0.037500000000000006
0 0.45937500000000003 0.0203125 0.09375 0.037500000000000006
0 0.10859375 0.19843750000000002 0.0484375 0.059375000000000004
0 0.97421875 0.209375 0.029687500000000002 0.046875
0 0.5750000000000001 0.21250000000000002 0.046875 0.09375
0 0.15156250000000002 0.21328125 0.040625 0.0765625
0 0.20859375000000002 0.22187500000000002 0.045312500000000006 0.09375
0 0.6953125 0.22812500000000002 0.040625 0.0625
0 0.34609375000000003 0.0234375 0.0421875 0.040625
0 0.6328125 0.234375 0.03125 0.07187500000000001
0 0.12812500000000002 0.2390625 0.037500000000000006 0.078125
0 0.39296875000000003 0.240625 0.045312500000000006 0.07500000000000001
0 0.6671875 0.24296875 0.028125 0.051562500000000004
0 0.4703125 0.2515625 0.03125 0.0625
0 0.045312500000000006 0.25234375000000003 0.043750000000000004 0.0765625
0 0.5578125 0.26484375 0.046875 0.07968750000000001
0 0.98359375 0.26875 0.0234375 0.037500000000000006
0 0.76328125 0.27187500000000003 0.029687500000000002 0.059375000000000004
0 0.5046875000000001 0.278125 0.043750000000000004 0.084375
0 0.48281250000000003 0.27890625 0.03125 0.09531250000000001
0 0.0171875 0.27968750000000003 0.034375 0.08125
0 0.15859375 0.28515625 0.0421875 0.0703125
0 0.4265625 0.2890625 0.043750000000000004 0.09375
0 0.2328125 0.2890625 0.037500000000000006 0.059375000000000004
0 0.6648437500000001 0.28984375 0.029687500000000002 0.0484375
0 0.0765625 0.29140625000000003 0.040625 0.0703125
0 0.7890625 0.29453125 0.03125 0.0546875
0 0.37734375000000003 0.29531250000000003 0.045312500000000006 0.084375
0 0.096875 0.030468750000000003 0.053125000000000006 0.060937500000000006
0 0.70625 0.30000000000000004 0.03125 0.05625
0 0.7390625000000001 0.3046875 0.028125 0.05625
0 0.8343750000000001 0.30859375 0.021875000000000002 0.051562500000000004
0 0.17734375000000002 0.309375 0.0390625 0.06875
0 0.11171875 0.31093750000000003 0.0390625 0.06875
0 0.7703125000000001 0.3125 0.028125 0.059375000000000004
0 0.6843750000000001 0.31640625 0.028125 0.0546875
0 0.34609375000000003 0.31875000000000003 0.045312500000000006 0.084375
0 0.8562500000000001 0.3203125 0.018750000000000003 0.040625
0 0.6507812500000001 0.325 0.026562500000000003 0.05
0 0.25859375 0.328125 0.0421875 0.07187500000000001
0 0.30000000000000004 0.32890625 0.03125 0.0765625
0 0.32656250000000003 0.33359375 0.03125 0.0765625
0 0.6156250000000001 0.33671875 0.028125 0.0484375
0 0.7781250000000001 0.340625 0.021875000000000002 0.037500000000000006
0 0.35468750000000004 0.35000000000000003 0.03125 0.037500000000000006
0 0.03359375 0.36250000000000004 0.035937500000000004 0.059375000000000004
0 0.6578125 0.36328125 0.021875000000000002 0.0546875
0 0.30390625000000004 0.3640625 0.0390625 0.043750000000000004
0 0.6359375 0.36562500000000003 0.028125 0.0625
0 0.86875 0.36796875 0.025 0.051562500000000004
0 0.6109375 0.37343750000000003 0.025 0.043750000000000004
0 0.1015625 0.37343750000000003 0.037500000000000006 0.0625
0 0.06875 0.375 0.034375 0.0625
0 0.5859375 0.37812500000000004 0.025 0.059375000000000004
0 0.44375000000000003 0.38906250000000003 0.03125 0.05
0 0.56796875 0.39375000000000004 0.0234375 0.037500000000000006
0 0.42421875000000003 0.3953125 0.0203125 0.034375
0 0.0890625 0.39687500000000003 0.034375 0.034375
0 0.5109375 0.40937500000000004 0.021875000000000002 0.059375000000000004
0 0.20390625 0.4109375 0.035937500000000004 0.07500000000000001
0 0.5359375000000001 0.4140625 0.025 0.059375000000000004
0 0.18671875000000002 0.4140625 0.0234375 0.07187500000000001
0 0.017968750000000002 0.42031250000000003 0.035937500000000004 0.059375000000000004
0 0.5593750000000001 0.421875 0.025 0.059375000000000004
0 0.1546875 0.43046875 0.015625 0.029687500000000002
0 0.74609375 0.043750000000000004 0.0421875 0.037500000000000006
0 0.6890625 0.04296875 0.05625 0.0859375
0 0.32656250000000003 0.43515625 0.025 0.051562500000000004
0 0.47968750000000004 0.4421875 0.025 0.053125000000000006
0 0.14765625000000002 0.45078125 0.0234375 0.035937500000000004
0 0.3453125 0.45234375000000004 0.025 0.045312500000000006
0 0.5015625 0.45859375 0.025 0.0546875
0 0.45937500000000003 0.46015625000000004 0.028125 0.045312500000000006
0 0.07265625 0.4625 0.026562500000000003 0.05625
0 0.5890625 0.465625 0.021875000000000002 0.05
0 0.27578125000000003 0.465625 0.0234375 0.040625
0 0.018750000000000003 0.4703125 0.018750000000000003 0.040625
0 0.03515625 0.4734375 0.026562500000000003 0.046875
0 0.2546875 0.47968750000000004 0.025 0.053125000000000006
0 0.56875 0.48359375000000004 0.021875000000000002 0.051562500000000004
0 0.2921875 0.484375 0.018750000000000003 0.040625
0 0.38593750000000004 0.4890625 0.025 0.05
0 0.04609375 0.4890625 0.026562500000000003 0.037500000000000006
0 0.48984375 0.49140625000000004 0.029687500000000002 0.0484375
0 0.26875 0.49296875 0.015625 0.0234375
0 0.39453125 0.50234375 0.0234375 0.045312500000000006
0 0.33906250000000004 0.50234375 0.021875000000000002 0.045312500000000006
0 0.178125 0.5046875000000001 0.021875000000000002 0.046875
0 0.22421875000000002 0.5085937500000001 0.0140625 0.029687500000000002
0 0.21250000000000002 0.509375 0.021875000000000002 0.028125
0 0.2484375 0.5140625 0.021875000000000002 0.03125
0 0.19921875 0.515625 0.0234375 0.043750000000000004
0 0.565625 0.5171875 0.018750000000000003 0.034375
0 0.060937500000000006 0.521875 0.021875000000000002 0.037500000000000006
0 0.353125 0.52265625 0.025 0.051562500000000004
0 0.7625000000000001 0.5234375 0.015625 0.037500000000000006
0 0.31328125 0.525 0.0203125 0.040625
0 0.07500000000000001 0.5265625 0.015625 0.034375
0 0.16484375 0.5281250000000001 0.0234375 0.05
0 0.7765625 0.5359375000000001 0.018750000000000003 0.034375
0 0.2578125 0.5359375000000001 0.025 0.03125
0 0.7562500000000001 0.5421875 0.0125 0.028125
0 0.3203125 0.54609375 0.018750000000000003 0.029687500000000002
0 0.8617187500000001 0.546875 0.010937500000000001 0.028125
0 0.1015625 0.5476562500000001 0.0125 0.026562500000000003
0 0.115625 0.5484375 0.018750000000000003 0.028125
0 0.22031250000000002 0.55 0.018750000000000003 0.034375
0 0.5796875 0.5515625000000001 0.015625 0.034375
0 0.7359375 0.55390625 0.0125 0.026562500000000003
0 0.0234375 0.5546875 0.018750000000000003 0.037500000000000006
0 0.7468750000000001 0.5546875 0.015625 0.034375
0 0.5007812500000001 0.5593750000000001 0.0203125 0.037500000000000006
0 0.209375 0.5593750000000001 0.015625 0.037500000000000006
0 0.12187500000000001 0.5640625 0.015625 0.021875000000000002
0 0.8562500000000001 0.56484375 0.0125 0.026562500000000003
0 0.35546875 0.5671875000000001 0.0203125 0.040625
0 0.4890625 0.56875 0.018750000000000003 0.040625
0 0.8359375 0.5703125 0.0125 0.028125
0 0.7781250000000001 0.5710937500000001 0.015625 0.029687500000000002
0 0.1875 0.5703125 0.0125 0.034375
0 0.5867187500000001 0.571875 0.0140625 0.021875000000000002
0 0.2390625 0.571875 0.018750000000000003 0.034375
0 0.19921875 0.571875 0.0140625 0.037500000000000006
0 0.690625 0.5734375 0.018750000000000003 0.021875000000000002
0 0.30234375 0.5734375 0.0203125 0.040625
0 0.46875 0.5765625 0.018750000000000003 0.037500000000000006
0 0.259375 0.5765625 0.015625 0.040625
0 0.275 0.5828125000000001 0.015625 0.037500000000000006
0 0.2265625 0.5828125000000001 0.015625 0.034375
0 0.5015625 0.584375 0.015625 0.03125
0 0.4453125 0.584375 0.015625 0.034375
0 0.6843750000000001 0.59609375 0.015625 0.026562500000000003
0 0.6578125 0.59609375 0.0125 0.029687500000000002
0 0.21875 0.59609375 0.015625 0.026562500000000003
0 0.64375 0.596875 0.015625 0.034375
0 0.54609375 0.60078125 0.0140625 0.029687500000000002
0 0.2484375 0.60078125 0.015625 0.029687500000000002
0 0.453125 0.6015625 0.015625 0.021875000000000002
0 0.5328125 0.603125 0.0125 0.021875000000000002
0 0.29375 0.603125 0.018750000000000003 0.028125
0 0.6156250000000001 0.6046875 0.0125 0.03125
0 0.76875 0.60546875 0.0125 0.0234375
0 0.578125 0.60546875 0.015625 0.029687500000000002
0 0.5078125 0.60546875 0.015625 0.026562500000000003
0 0.234375 0.6078125000000001 0.018750000000000003 0.037500000000000006
0 0.5625 0.609375 0.015625 0.037500000000000006
0 0.4375 0.60859375 0.0125 0.029687500000000002
0 0.26328125 0.6101562500000001 0.0140625 0.026562500000000003
0 0.603125 0.6109375 0.015625 0.03125
0 0.8359375 0.6125 0.0125 0.025
0 0.278125 0.6125 0.021875000000000002 0.021875000000000002
0 0.4921875 0.61484375 0.015625 0.029687500000000002
0 0.46875 0.61484375 0.018750000000000003 0.029687500000000002
0 0.30000000000000004 0.6171875 0.015625 0.021875000000000002
0 0.7507812500000001 0.6203125 0.0078125 0.0125
0 0.52265625 0.6203125 0.0140625 0.028125
0 0.2484375 0.6203125 0.015625 0.018750000000000003
0 0.7421875 0.62421875 0.0125 0.0234375
0 0.42500000000000004 0.62421875 0.0125 0.026562500000000003
0 0.48046875 0.625 0.0140625 0.03125
0 0.5750000000000001 0.6265625 0.0125 0.025
0 0.5015625 0.62890625 0.0125 0.0203125
0 0.7093750000000001 0.6328125 0.009375000000000001 0.015625
0 0.5140625 0.63203125 0.015625 0.029687500000000002
0 0.75390625 0.6335937500000001 0.010937500000000001 0.0203125
0 0.56015625 0.6351562500000001 0.010937500000000001 0.0203125
0 0.4609375 0.63984375 0.015625 0.029687500000000002
0 0.47968750000000004 0.65 0.015625 0.028125
0 0.47187500000000004 0.6570312500000001 0.015625 0.026562500000000003
0 0.4375 0.69296875 0.0125 0.029687500000000002
0 0.07187500000000001 0.010937500000000001 0.05625 0.021875000000000002
0 0.8421875000000001 0.01171875 0.040625 0.0234375
0 0.6570312500000001 0.1421875 0.0484375 0.1
0 0.5171875 0.1609375 0.034375 0.096875
