0 0.8671875 0.0171875 0.046875 0.034375
0 0.30703125000000003 0.16953125000000002 0.0390625 0.0484375
0 0.446875 0.17109375000000002 0.043750000000000004 0.09531250000000001
0 0.24921875000000002 0.017968750000000002 0.0484375 0.035937500000000004
0 0.20546875 0.01953125 0.045312500000000006 0.0390625
0 0.54140625 0.01953125 0.09531250000000001 0.0390625
0 0.8914062500000001 0.19843750000000002 0.0484375 0.059375000000000004
0 0.025781250000000002 0.209375 0.029687500000000002 0.046875
0 0.4265625 0.21171875 0.046875 0.0921875
0 0.84921875 0.21328125 0.0390625 0.0765625
0 0.7914062500000001 0.22187500000000002 0.045312500000000006 0.09375
0 0.3046875 0.22812500000000002 0.040625 0.0625
0 0.65546875 0.0234375 0.0421875 0.040625
0 0.36875 0.234375 0.03125 0.07187500000000001
0 0.8718750000000001 0.2390625 0.037500000000000006 0.078125
0 0.60703125 0.240625 0.045312500000000006 0.07500000000000001
0 0.33437500000000003 0.24296875 0.028125 0.051562500000000004
0 0.5296875 0.25078125 0.03125 0.060937500000000006
0 0.9546875 0.25234375000000003 0.043750000000000004 0.0765625
0 0.44375000000000003 0.26484375 0.046875 0.07968750000000001
0 0.017968750000000002 0.26796875000000003 0.0234375 0.035937500000000004
0 0.23828125 0.27109375 0.029687500000000002 0.0578125
0 0.49609375 0.278125 0.0421875 0.084375
0 0.51875 0.27890625 0.03125 0.09531250000000001
0 0.98203125 0.27890625 0.0328125 0.08281250000000001
0 0.84140625 0.28515625 0.0421875 0.0703125
0 0.57421875 0.28828125 0.0421875 0.0921875
0 0.76875 0.28828125 0.037500000000000006 0.060937500000000006
0 0.33515625000000004 0.28984375 0.029687500000000002 0.0484375
0 0.9242187500000001 0.29140625000000003 0.0390625 0.0703125
0 0.2109375 0.29453125 0.03125 0.0546875
0 0.62265625 0.29531250000000003 0.045312500000000006 0.084375
0 0.9031250000000001 0.030468750000000003 0.053125000000000006 0.060937500000000006
0 0.29531250000000003 0.30000000000000004 0.03125 0.05625
0 0.2609375 0.3046875 0.028125 0.05625
0 0.16718750000000002 0.30859375 0.021875000000000002 0.051562500000000004
0 0.8226562500000001 0.309375 0.0390625 0.06875
0 0.88984375 0.31093750000000003 0.0390625 0.06875
0 0.22968750000000002 0.31171875000000004 0.028125 0.060937500000000006
0 0.3171875 0.31640625 0.028125 0.0546875
0 0.65390625 0.31796875 0.045312500000000006 0.08281250000000001
0 0.14375000000000002 0.3203125 0.018750000000000003 0.040625
0 0.34921875 0.325 0.026562500000000003 0.05
0 0.74140625 0.328125 0.0421875 0.07187500000000001
0 0.7000000000000001 0.32890625 0.03125 0.0765625
0 0.6734375 0.33359375 0.03125 0.0765625
0 0.38593750000000004 0.33671875 0.028125 0.0484375
0 0.22187500000000002 0.340625 0.021875000000000002 0.037500000000000006
0 0.6453125000000001 0.35000000000000003 0.03125 0.037500000000000006
0 0.96640625 0.36171875000000003 0.035937500000000004 0.060937500000000006
0 0.34296875000000004 0.36328125 0.0203125 0.0546875
0 0.6960937500000001 0.36328125 0.0390625 0.0421875
0 0.36562500000000003 0.36484375 0.028125 0.06406250000000001
0 0.13203125000000002 0.36796875 0.0234375 0.051562500000000004
0 0.38906250000000003 0.37343750000000003 0.025 0.043750000000000004
0 0.8992187500000001 0.37343750000000003 0.035937500000000004 0.0625
0 0.9328125 0.37421875000000004 0.034375 0.060937500000000006
0 0.4140625 0.37734375000000003 0.025 0.0578125
0 0.5578125 0.38906250000000003 0.03125 0.05
0 0.43203125000000003 0.39296875000000003 0.0234375 0.035937500000000004
0 0.57734375 0.3953125 0.0203125 0.034375
0 0.9125000000000001 0.39687500000000003 0.034375 0.034375
0 0.4890625 0.40937500000000004 0.021875000000000002 0.059375000000000004
0 0.7976562500000001 0.4109375 0.035937500000000004 0.07500000000000001
0 0.46484375 0.4140625 0.026562500000000003 0.059375000000000004
0 0.8148437500000001 0.4140625 0.0234375 0.07187500000000001
0 0.9812500000000001 0.41953125 0.034375 0.0578125
0 0.44140625 0.42109375000000004 0.0234375 0.0578125
0 0.8453125 0.43046875 0.015625 0.029687500000000002
0 0.25546875 0.04296875 0.0421875 0.035937500000000004
0 0.31093750000000003 0.04296875 0.05625 0.0859375
0 0.6742187500000001 0.43515625 0.026562500000000003 0.051562500000000004
0 0.52109375 0.4421875 0.0234375 0.053125000000000006
0 0.8539062500000001 0.45078125 0.0234375 0.035937500000000004
0 0.6546875000000001 0.45234375000000004 0.025 0.045312500000000006
0 0.49921875000000004 0.45859375 0.0234375 0.0546875
0 0.5421875 0.46015625000000004 0.028125 0.045312500000000006
0 0.92890625 0.46171875 0.026562500000000003 0.0578125
0 0.4109375 0.465625 0.021875000000000002 0.05
0 0.72421875 0.465625 0.0234375 0.040625
0 0.9812500000000001 0.4703125 0.018750000000000003 0.040625
0 0.96484375 0.4734375 0.026562500000000003 0.046875
0 0.74609375 0.47968750000000004 0.026562500000000003 0.053125000000000006
0 0.43281250000000004 0.48359375000000004 0.021875000000000002 0.051562500000000004
0 0.70859375 0.484375 0.0171875 0.040625
0 0.6140625000000001 0.4890625 0.025 0.05
0 0.9539062500000001 0.4890625 0.026562500000000003 0.037500000000000006
0 0.51171875 0.49140625000000004 0.029687500000000002 0.0484375
0 0.73203125 0.49296875 0.0171875 0.0234375
0 0.60703125 0.50234375 0.0234375 0.045312500000000006
0 0.6609375000000001 0.50234375 0.021875000000000002 0.045312500000000006
0 0.8226562500000001 0.5046875000000001 0.0203125 0.046875
0 0.7757812500000001 0.5085937500000001 0.0140625 0.029687500000000002
0 0.7875000000000001 0.509375 0.021875000000000002 0.028125
0 0.7515625 0.5140625 0.021875000000000002 0.03125
0 0.80234375 0.51484375 0.0234375 0.0421875
0 0.434375 0.5171875 0.018750000000000003 0.034375
0 0.9390625 0.52109375 0.021875000000000002 0.0390625
0 0.6468750000000001 0.52265625 0.025 0.051562500000000004
0 0.23750000000000002 0.5234375 0.015625 0.037500000000000006
0 0.68671875 0.5242187500000001 0.0203125 0.0421875
0 0.925 0.5265625 0.015625 0.034375
0 0.8367187500000001 0.5281250000000001 0.0234375 0.05
0 0.2234375 0.5359375000000001 0.018750000000000003 0.034375
0 0.7429687500000001 0.5359375000000001 0.0234375 0.03125
0 0.24375000000000002 0.5421875 0.0125 0.028125
0 0.6796875 0.54609375 0.018750000000000003 0.029687500000000002
0 0.13984375000000002 0.546875 0.010937500000000001 0.028125
0 0.9 0.5476562500000001 0.0125 0.026562500000000003
0 0.8859375 0.5484375 0.018750000000000003 0.028125
0 0.7796875000000001 0.55 0.018750000000000003 0.034375
0 0.421875 0.5515625000000001 0.015625 0.034375
0 0.26406250000000003 0.55390625 0.0125 0.026562500000000003
0 0.978125 0.55390625 0.018750000000000003 0.0390625
0 0.253125 0.5546875 0.015625 0.034375
0 0.49921875000000004 0.5593750000000001 0.0203125 0.037500000000000006
0 0.7914062500000001 0.5593750000000001 0.0171875 0.037500000000000006
0 0.878125 0.5640625 0.015625 0.021875000000000002
0 0.14453125 0.56484375 0.0140625 0.026562500000000003
0 0.64453125 0.56640625 0.0203125 0.0390625
0 0.5109375 0.56796875 0.018750000000000003 0.0390625
0 0.1640625 0.5703125 0.0125 0.028125
0 0.22187500000000002 0.5710937500000001 0.015625 0.029687500000000002
0 0.8125 0.5703125 0.0125 0.034375
0 0.41484375 0.571875 0.0140625 0.021875000000000002
0 0.7609375 0.571875 0.018750000000000003 0.034375
0 0.80078125 0.571875 0.0140625 0.037500000000000006
0 0.309375 0.5734375 0.018750000000000003 0.021875000000000002
0 0.6976562500000001 0.5734375 0.0203125 0.040625
0 0.5320312500000001 0.5765625 0.0171875 0.037500000000000006
0 0.7406250000000001 0.5765625 0.015625 0.040625
0 0.72578125 0.5828125000000001 0.0171875 0.037500000000000006
0 0.7734375 0.5828125000000001 0.015625 0.034375
0 0.49921875000000004 0.584375 0.0171875 0.03125
0 0.5546875 0.584375 0.015625 0.034375
0 0.3171875 0.59609375 0.015625 0.026562500000000003
0 0.34375 0.59609375 0.0125 0.029687500000000002
0 0.7820312500000001 0.59609375 0.0171875 0.026562500000000003
0 0.35781250000000003 0.59609375 0.015625 0.035937500000000004
0 0.45546875000000003 0.60078125 0.0140625 0.029687500000000002
0 0.753125 0.60078125 0.015625 0.029687500000000002
0 0.546875 0.6015625 0.015625 0.021875000000000002
0 0.46796875000000004 0.603125 0.0140625 0.021875000000000002
0 0.70703125 0.603125 0.0171875 0.028125
0 0.384375 0.6039062500000001 0.0125 0.0328125
0 0.23203125000000002 0.60546875 0.0140625 0.0234375
0 0.421875 0.60546875 0.015625 0.029687500000000002
0 0.49296875 0.60546875 0.0171875 0.026562500000000003
0 0.7664062500000001 0.60703125 0.0171875 0.035937500000000004
0 0.43828125 0.60859375 0.0171875 0.035937500000000004
0 0.5625 0.60859375 0.0125 0.029687500000000002
0 0.73828125 0.6101562500000001 0.0140625 0.026562500000000003
0 0.39687500000000003 0.6109375 0.015625 0.03125
0 0.16562500000000002 0.6125 0.0125 0.025
0 0.721875 0.6125 0.021875000000000002 0.021875000000000002
0 0.5078125 0.61484375 0.015625 0.029687500000000002
0 0.5320312500000001 0.61484375 0.0171875 0.029687500000000002
0 0.7000000000000001 0.6171875 0.015625 0.021875000000000002
0 0.24921875000000002 0.6195312500000001 0.0078125 0.010937500000000001
0 0.47734375 0.6203125 0.0140625 0.028125
0 0.753125 0.6195312500000001 0.015625 0.0171875
0 0.25859375 0.62421875 0.0140625 0.0234375
0 0.5750000000000001 0.62421875 0.0125 0.026562500000000003
0 0.51953125 0.62421875 0.0140625 0.0328125
0 0.4265625 0.6265625 0.0125 0.025
0 0.49921875000000004 0.62890625 0.0140625 0.0203125
0 0.29140625000000003 0.63203125 0.010937500000000001 0.0171875
0 0.4859375 0.63203125 0.015625 0.029687500000000002
0 0.24765625000000002 0.6335937500000001 0.010937500000000001 0.0203125
0 0.43984375000000003 0.6351562500000001 0.010937500000000001 0.0203125
0 0.5390625 0.63984375 0.015625 0.029687500000000002
0 0.5203125000000001 0.65 0.015625 0.028125
0 0.5296875 0.6570312500000001 0.015625 0.026562500000000003
0 0.5625 0.69296875 0.0125 0.029687500000000002
0 0.9281250000000001 0.010937500000000001 0.05625 0.021875000000000002
0 0.15859375 0.01171875 0.0390625 0.0234375
0 0.34296875000000004 0.1421875 0.0484375 0.1
0 0.48281250000000003 0.1609375 0.034375 0.096875
