0 0.371875 0.10546875 0.040625 0.0734375
0 0.3125 0.09140625000000001 0.05 0.07968750000000001
0 0.7765625 0.8234375 0.19062500000000002 0.321875
0 0.56875 0.8 0.16562500000000002 0.3125
0 0.84375 0.7117187500000001 0.209375 0.33906250000000004
0 0.15156250000000002 0.6039062500000001 0.184375 0.3203125
0 0.32343750000000004 0.565625 0.09062500000000001 0.109375
0 0.5484375 0.5593750000000001 0.11875000000000001 0.178125
0 0.75 0.5375 0.17500000000000002 0.265625
0 0.6804687500000001 0.5015625 0.11406250000000001 0.240625
0 0.42109375000000004 0.48750000000000004 0.1234375 0.22812500000000002
0 0.01640625 0.47968750000000004 0.0328125 0.18125000000000002
0 0.5234375 0.4625 0.12187500000000001 0.209375
0 0.34375 0.45625000000000004 0.1 0.215625
0 0.9789062500000001 0.45546875000000003 0.0390625 0.22968750000000002
0 0.25234375000000003 0.42734375 0.11093750000000001 0.19843750000000002
0 0.05078125 0.384375 0.1015625 0.17500000000000002
0 0.68125 0.36171875000000003 0.0625 0.09843750000000001
0 0.4234375 0.359375 0.08750000000000001 0.084375
0 0.8718750000000001 0.3515625 0.09062500000000001 0.153125
0 0.36484375 0.33906250000000004 0.0734375 0.065625
0 0.7828125 0.33906250000000004 0.084375 0.15625
0 0.71875 0.32578125 0.08125 0.1265625
0 0.525 0.32578125 0.059375000000000004 0.0921875
0 0.16562500000000002 0.3046875 0.059375000000000004 0.09375
0 0.31640625 0.29375 0.060937500000000006 0.0625
0 0.384375 0.28125 0.07500000000000001 0.08750000000000001
0 0.5765625 0.275 0.07500000000000001 0.12187500000000001
0 0.49843750000000003 0.26875 0.078125 0.109375
0 0.25625000000000003 0.25625000000000003 0.037500000000000006 0.059375000000000004
0 0.18906250000000002 0.24140625000000002 0.028125 0.045312500000000006
0 0.6257812500000001 0.23125 0.0703125 0.11875000000000001
0 0.2109375 0.22812500000000002 0.034375 0.05
0 0.11328125 0.22187500000000002 0.045312500000000006 0.08125
0 0.7671875 0.2171875 0.096875 0.125
0 0.5593750000000001 0.2109375 0.06875 0.06875
0 0.1765625 0.1921875 0.037500000000000006 0.065625
0 0.0734375 0.18125000000000002 0.06875 0.12812500000000002
0 0.203125 0.18125000000000002 0.03125 0.0625
0 0.48281250000000003 0.178125 0.037500000000000006 0.0625
0 0.509375 0.16562500000000002 0.037500000000000006 0.07187500000000001
0 0.321875 0.1625 0.043750000000000004 0.07500000000000001
0 0.025781250000000002 0.15546875000000002 0.051562500000000004 0.09531250000000001
