0 0.275 0.3453125 0.171875 0.30000000000000004
0 0.3171875 0.46718750000000003 0.140625 0.28750000000000003
0 0.45 0.48750000000000004 0.1125 0.2
0 0.07187500000000001 0.48984375 0.08750000000000001 0.1296875
0 0.15000000000000002 0.565625 0.10312500000000001 0.140625
0 0.35468750000000004 0.59765625 0.11875000000000001 0.20468750000000002
0 0.026562500000000003 0.6046875 0.053125000000000006 0.2
0 0.0625 0.6203125 0.06875 0.134375
0 0.465625 0.62265625 0.1125 0.1296875
0 0.10312500000000001 0.63203125 0.043750000000000004 0.1328125
0 0.26953125 0.67890625 0.1015625 0.2171875
0 0.15000000000000002 0.7093750000000001 0.12187500000000001 0.21250000000000002
0 0.7390625000000001 0.7585937500000001 0.05625 0.0921875
0 0.7921875 0.77109375 0.07500000000000001 0.1171875
0 0.09921875000000001 0.1234375 0.19843750000000002 0.246875
0 0.16796875 0.24531250000000002 0.19843750000000002 0.25
