0 0.275 0.6546875000000001 0.171875 0.30000000000000004
0 0.3171875 0.534375 0.140625 0.28750000000000003
0 0.45 0.5125000000000001 0.1125 0.2
0 0.07187500000000001 0.51015625 0.08750000000000001 0.1296875
0 0.15000000000000002 0.43593750000000003 0.10312500000000001 0.140625
0 0.35468750000000004 0.40234375 0.11875000000000001 0.20468750000000002
0 0.026562500000000003 0.3953125 0.053125000000000006 0.2
0 0.0625 0.3796875 0.06875 0.134375
0 0.465625 0.37734375000000003 0.1125 0.1296875
0 0.10312500000000001 0.36953125000000003 0.043750000000000004 0.1328125
0 0.26953125 0.32109375 0.1015625 0.2171875
0 0.15000000000000002 0.2921875 0.12187500000000001 0.21250000000000002
0 0.7390625000000001 0.24140625000000002 0.05625 0.0921875
0 0.7921875 0.22890625 0.07500000000000001 0.1171875
0 0.09921875000000001 0.8757812500000001 0.19843750000000002 0.24531250000000002
0 0.16796875 0.7546875000000001 0.19843750000000002 0.25
