0 0.14296875 0.50703125 0.07968750000000001 0.1859375
0 0.75390625 0.515625 0.1171875 0.44375000000000003
0 0.4546875 0.54453125 0.115625 0.4390625
0 0.38125000000000003 0.56875 0.1125 0.4
0 0.93125 0.0578125 0.134375 0.115625
0 0.034375 0.58984375 0.0625 0.23593750000000002
0 0.6273437500000001 0.60078125 0.2828125 0.6046875
0 0.17109375000000002 0.6742187500000001 0.0546875 0.1203125
0 0.5609375 0.078125 0.078125 0.15625
0 0.028125 0.7664062500000001 0.05 0.1203125
0 0.06953125 0.7937500000000001 0.0671875 0.1375
0 0.9390625 0.14453125 0.1125 0.0921875
0 0.49609375 0.16875 0.09531250000000001 0.240625
0 0.8617187500000001 0.34921875 0.08281250000000001 0.1640625
0 0.25859375 0.43828125 0.1765625 0.40468750000000003
